Timestamp,Open,High,Low,Close
2022-05-05 00:00:00,34.034,34.406,33.995,34.362
2022-05-06 00:00:00,34.357,34.436,34.29,34.335
2022-05-09 00:00:00,34.313,34.645,34.313,34.575
2022-05-10 00:00:00,34.579,34.633,34.488,34.625
2022-05-11 00:00:00,34.633,34.711,34.57,34.673
2022-05-12 00:00:00,34.674,34.758,34.617,34.754
2022-05-13 00:00:00,34.766,34.803,34.665,34.757
2022-05-16 00:00:00,34.74,34.847,34.688,34.694
2022-05-17 00:00:00,34.696,34.753,34.457,34.547
2022-05-18 00:00:00,34.548,34.687,34.504,34.679
2022-05-19 00:00:00,34.673,34.683,34.394,34.462
2022-05-20 00:00:00,34.448,34.511,34.245,34.4
2022-05-23 00:00:00,34.405,34.414,34.124,34.137
2022-05-24 00:00:00,34.137,34.268,34.066,34.086
2022-05-25 00:00:00,34.088,34.366,34.075,34.311
2022-05-26 00:00:00,34.32,34.35,34.156,34.194
2022-05-27 00:00:00,34.21,34.265,34.1,34.117
2022-05-30 00:00:00,34.126,34.131,34.046,34.086
2022-05-31 00:00:00,34.098,34.359,34.082,34.327
2022-06-01 00:00:00,34.319,34.388,34.271,34.345
2022-06-02 00:00:00,34.343,34.425,34.232,34.254
2022-06-03 00:00:00,34.24,34.389,34.184,34.361
2022-06-06 00:00:00,34.355,34.465,34.286,34.418
2022-06-07 00:00:00,34.414,34.508,34.381,34.417
2022-06-08 00:00:00,34.416,34.55,34.416,34.536
2022-06-09 00:00:00,34.544,34.572,34.456,34.571
2022-06-10 00:00:00,34.564,34.831,34.552,34.761
2022-06-13 00:00:00,34.744,34.948,34.733,34.908
2022-06-14 00:00:00,34.941,35.048,34.896,35.031
2022-06-15 00:00:00,35.031,35.139,34.748,34.81
2022-06-16 00:00:00,34.813,35.181,34.782,35.018
2022-06-17 00:00:00,35.011,35.307,34.988,35.257
2022-06-20 00:00:00,35.257,35.353,35.227,35.342
2022-06-21 00:00:00,35.34,35.443,35.253,35.33
2022-06-22 00:00:00,35.339,35.524,35.302,35.368
2022-06-23 00:00:00,35.368,35.535,35.323,35.507
2022-06-24 00:00:00,35.515,35.574,35.452,35.452
2022-06-27 00:00:00,35.477,35.502,35.295,35.383
2022-06-28 00:00:00,35.385,35.395,35.046,35.186
2022-06-29 00:00:00,35.19,35.258,34.956,35.198
2022-06-30 00:00:00,35.199,35.403,35.113,35.288
2022-07-01 00:00:00,35.278,35.697,35.278,35.593
2022-07-04 00:00:00,35.608,35.728,35.582,35.713
2022-07-05 00:00:00,35.71,35.997,35.642,35.975
2022-07-06 00:00:00,35.979,36.248,35.922,36.214
2022-07-07 00:00:00,36.207,36.367,36.026,36.042
2022-07-08 00:00:00,36.035,36.134,35.824,35.911
2022-07-11 00:00:00,35.86,36.282,35.84,36.271
2022-07-12 00:00:00,36.273,36.368,36.181,36.206
2022-07-13 00:00:00,36.194,36.384,36.102,36.177
2022-07-14 00:00:00,36.204,36.675,36.137,36.585
2022-07-15 00:00:00,36.558,36.736,36.552,36.606
2022-07-18 00:00:00,36.633,36.668,36.525,36.651
2022-07-19 00:00:00,36.655,36.736,36.554,36.603
2022-07-20 00:00:00,36.62,36.713,36.569,36.698
2022-07-21 00:00:00,36.695,36.948,36.686,36.742
2022-07-22 00:00:00,36.776,36.913,36.595,36.643
2022-07-25 00:00:00,36.651,36.782,36.601,36.713
2022-07-26 00:00:00,36.71,36.744,36.625,36.73
2022-07-27 00:00:00,36.716,36.888,36.676,36.68
2022-07-28 00:00:00,36.728,36.777,36.433,36.445
2022-07-29 00:00:00,36.451,36.487,36.114,36.115
2022-08-01 00:00:00,36.3,36.397,35.953,36.135
2022-08-02 00:00:00,36.174,36.224,36.026,36.219
2022-08-03 00:00:00,36.207,36.367,36.153,36.219
2022-08-04 00:00:00,36.244,36.262,35.842,35.88
2022-08-05 00:00:00,35.878,35.921,35.538,35.828
2022-08-08 00:00:00,35.753,35.845,35.535,35.655
2022-08-09 00:00:00,35.656,35.656,35.347,35.409
2022-08-10 00:00:00,35.391,35.644,35.25,35.367
2022-08-11 00:00:00,35.335,35.386,35.056,35.218
2022-08-12 00:00:00,35.219,35.4,35.164,35.318
2022-08-15 00:00:00,35.285,35.543,35.149,35.53
2022-08-16 00:00:00,35.53,35.585,35.338,35.392
2022-08-17 00:00:00,35.386,35.517,35.336,35.485
2022-08-18 00:00:00,35.438,35.732,35.424,35.633
2022-08-19 00:00:00,35.645,35.81,35.612,35.81
2022-08-22 00:00:00,35.74,36.178,35.719,36.113
2022-08-23 00:00:00,36.113,36.336,35.953,36.059
2022-08-24 00:00:00,36.025,36.268,36.017,36.109
2022-08-25 00:00:00,36.27,36.27,35.777,35.854
2022-08-26 00:00:00,35.858,36.223,35.796,36.202
2022-08-29 00:00:00,36.222,36.482,36.188,36.334
2022-08-30 00:00:00,36.325,36.508,36.307,36.474
2022-08-31 00:00:00,36.485,36.595,36.338,36.575
2022-09-01 00:00:00,36.582,36.833,36.548,36.771
2022-09-02 00:00:00,36.741,36.854,36.57,36.686
2022-09-05 00:00:00,36.547,36.576,36.547,36.574
2022-09-05 00:30:00,36.571,36.581,36.571,36.578
2022-09-05 01:00:00,36.576,36.69,36.574,36.642
2022-09-05 01:30:00,36.641,36.651,36.633,36.64
2022-09-05 02:00:00,36.638,36.687,36.638,36.673
2022-09-05 02:30:00,36.673,36.708,36.664,36.69
2022-09-05 03:00:00,36.691,36.777,36.685,36.736
2022-09-05 03:30:00,36.735,36.763,36.733,36.746
2022-09-05 04:00:00,36.751,36.766,36.734,36.764
2022-09-05 04:30:00,36.764,36.803,36.761,36.789
2022-09-05 05:00:00,36.789,36.822,36.787,36.802
2022-09-05 05:30:00,36.806,36.82,36.749,36.75
2022-09-05 06:00:00,36.752,36.764,36.727,36.743
2022-09-05 06:30:00,36.744,36.762,36.723,36.733
2022-09-05 07:00:00,36.735,36.774,36.734,36.759
2022-09-05 07:30:00,36.76,36.775,36.756,36.765
2022-09-05 08:00:00,36.765,36.804,36.757,36.79
2022-09-05 08:30:00,36.791,36.793,36.757,36.763
2022-09-05 09:00:00,36.764,36.772,36.721,36.722
2022-09-05 09:30:00,36.722,36.743,36.672,36.685
2022-09-05 10:00:00,36.683,36.703,36.653,36.677
2022-09-05 10:30:00,36.678,36.682,36.611,36.665
2022-09-05 11:00:00,36.665,36.669,36.614,36.614
2022-09-05 11:30:00,36.615,36.638,36.57,36.634
2022-09-05 12:00:00,36.636,36.646,36.518,36.542
2022-09-05 12:30:00,36.543,36.55,36.514,36.537
2022-09-05 13:00:00,36.536,36.571,36.535,36.556
2022-09-05 13:30:00,36.556,36.591,36.521,36.551
2022-09-05 14:00:00,36.552,36.554,36.529,36.545
2022-09-05 14:30:00,36.546,36.548,36.539,36.539
2022-09-05 15:00:00,36.539,36.572,36.532,36.572
2022-09-05 15:30:00,36.571,36.592,36.568,36.578
2022-09-05 16:00:00,36.577,36.589,36.553,36.589
2022-09-05 16:30:00,36.588,36.598,36.587,36.589
2022-09-05 17:00:00,36.592,36.601,36.567,36.577
2022-09-05 17:30:00,36.576,36.599,36.573,36.584
2022-09-05 18:00:00,36.585,36.586,36.57,36.58
2022-09-05 18:30:00,36.581,36.582,36.576,36.578
2022-09-05 19:00:00,36.577,36.582,36.576,36.579
2022-09-05 19:30:00,36.579,36.583,36.577,36.577
2022-09-05 20:00:00,36.578,36.578,36.576,36.576
2022-09-05 20:30:00,36.577,36.577,36.563,36.566
2022-09-05 21:00:00,36.566,36.566,36.564,36.565
2022-09-05 21:30:00,36.566,36.572,36.566,36.571
2022-09-05 22:00:00,36.572,36.572,36.57,36.57
2022-09-05 22:30:00,36.57,36.571,36.568,36.568
2022-09-05 23:00:00,36.569,36.58,36.569,36.58
2022-09-05 23:30:00,36.578,36.6,36.56,36.572
2022-09-06 00:00:00,36.552,36.563,36.501,36.501
2022-09-06 00:30:00,36.501,36.525,36.501,36.519
2022-09-06 01:00:00,36.531,36.543,36.525,36.535
2022-09-06 01:30:00,36.534,36.538,36.529,36.529
2022-09-06 02:00:00,36.537,36.539,36.534,36.539
2022-09-06 02:30:00,36.537,36.559,36.536,36.547
2022-09-06 03:00:00,36.547,36.548,36.469,36.47
2022-09-06 03:30:00,36.47,36.47,36.398,36.429
2022-09-06 04:00:00,36.428,36.441,36.349,36.384
2022-09-06 04:30:00,36.384,36.424,36.339,36.422
2022-09-06 05:00:00,36.421,36.47,36.413,36.434
2022-09-06 05:30:00,36.435,36.447,36.427,36.441
2022-09-06 06:00:00,36.439,36.49,36.438,36.468
2022-09-06 06:30:00,36.468,36.497,36.467,36.495
2022-09-06 07:00:00,36.493,36.496,36.474,36.474
2022-09-06 07:30:00,36.473,36.493,36.459,36.488
2022-09-06 08:00:00,36.489,36.497,36.466,36.467
2022-09-06 08:30:00,36.467,36.473,36.447,36.462
2022-09-06 09:00:00,36.459,36.504,36.459,36.493
2022-09-06 09:30:00,36.491,36.503,36.459,36.47
2022-09-06 10:00:00,36.471,36.496,36.461,36.486
2022-09-06 10:30:00,36.485,36.511,36.443,36.453
2022-09-06 11:00:00,36.453,36.476,36.442,36.472
2022-09-06 11:30:00,36.472,36.536,36.468,36.511
2022-09-06 12:00:00,36.51,36.575,36.508,36.546
2022-09-06 12:30:00,36.547,36.55,36.512,36.514
2022-09-06 13:00:00,36.513,36.517,36.47,36.471
2022-09-06 13:30:00,36.473,36.489,36.473,36.486
2022-09-06 14:00:00,36.486,36.508,36.483,36.507
2022-09-06 14:30:00,36.507,36.527,36.505,36.511
2022-09-06 15:00:00,36.512,36.517,36.496,36.514
2022-09-06 15:30:00,36.515,36.547,36.515,36.545
2022-09-06 16:00:00,36.545,36.572,36.529,36.547
2022-09-06 16:30:00,36.547,36.581,36.544,36.551
2022-09-06 17:00:00,36.55,36.712,36.55,36.632
2022-09-06 17:30:00,36.631,36.646,36.608,36.645
2022-09-06 18:00:00,36.644,36.693,36.624,36.668
2022-09-06 18:30:00,36.668,36.67,36.646,36.656
2022-09-06 19:00:00,36.657,36.678,36.654,36.673
2022-09-06 19:30:00,36.672,36.679,36.668,36.668
2022-09-06 20:00:00,36.669,36.678,36.668,36.673
2022-09-06 20:30:00,36.674,36.678,36.671,36.676
2022-09-06 21:00:00,36.675,36.677,36.657,36.661
2022-09-06 21:30:00,36.662,36.665,36.661,36.662
2022-09-06 22:00:00,36.653,36.659,36.627,36.627
2022-09-06 22:30:00,36.628,36.641,36.628,36.635
2022-09-06 23:00:00,36.634,36.634,36.627,36.633
2022-09-06 23:30:00,36.632,36.666,36.632,36.637
2022-09-07 00:00:00,36.49,36.637,36.49,36.606
2022-09-07 00:30:00,36.626,36.668,36.591,36.612
2022-09-07 01:00:00,36.614,36.614,36.593,36.601
2022-09-07 01:30:00,36.602,36.705,36.599,36.699
2022-09-07 02:00:00,36.7,36.731,36.699,36.708
2022-09-07 02:30:00,36.707,36.719,36.703,36.716
2022-09-07 03:00:00,36.717,36.802,36.715,36.782
2022-09-07 03:30:00,36.781,36.81,36.755,36.755
2022-09-07 04:00:00,36.755,36.783,36.731,36.743
2022-09-07 04:30:00,36.743,36.81,36.743,36.802
2022-09-07 05:00:00,36.801,36.822,36.778,36.781
2022-09-07 05:30:00,36.78,36.793,36.76,36.787
2022-09-07 06:00:00,36.788,36.813,36.778,36.807
2022-09-07 06:30:00,36.806,36.811,36.79,36.794
2022-09-07 07:00:00,36.794,36.816,36.793,36.816
2022-09-07 07:30:00,36.814,36.817,36.769,36.771
2022-09-07 08:00:00,36.77,36.775,36.71,36.722
2022-09-07 08:30:00,36.722,36.745,36.715,36.725
2022-09-07 09:00:00,36.724,36.748,36.672,36.696
2022-09-07 09:30:00,36.697,36.706,36.635,36.657
2022-09-07 10:00:00,36.651,36.7,36.64,36.696
2022-09-07 10:30:00,36.696,36.712,36.666,36.672
2022-09-07 11:00:00,36.671,36.689,36.658,36.68
2022-09-07 11:30:00,36.681,36.714,36.676,36.712
2022-09-07 12:00:00,36.713,36.728,36.704,36.715
2022-09-07 12:30:00,36.715,36.717,36.676,36.677
2022-09-07 13:00:00,36.676,36.712,36.672,36.699
2022-09-07 13:30:00,36.7,36.732,36.699,36.724
2022-09-07 14:00:00,36.724,36.742,36.716,36.719
2022-09-07 14:30:00,36.718,36.742,36.718,36.735
2022-09-07 15:00:00,36.734,36.739,36.718,36.722
2022-09-07 15:30:00,36.723,36.733,36.719,36.725
2022-09-07 16:00:00,36.726,36.739,36.69,36.692
2022-09-07 16:30:00,36.692,36.698,36.648,36.668
2022-09-07 17:00:00,36.665,36.674,36.633,36.636
2022-09-07 17:30:00,36.635,36.646,36.569,36.624
2022-09-07 18:00:00,36.623,36.636,36.598,36.604
2022-09-07 18:30:00,36.603,36.609,36.585,36.59
2022-09-07 19:00:00,36.59,36.593,36.574,36.574
2022-09-07 19:30:00,36.574,36.576,36.538,36.543
2022-09-07 20:00:00,36.543,36.543,36.47,36.493
2022-09-07 20:30:00,36.493,36.493,36.47,36.484
2022-09-07 21:00:00,36.484,36.524,36.484,36.51
2022-09-07 21:30:00,36.512,36.525,36.508,36.523
2022-09-07 22:00:00,36.524,36.524,36.474,36.474
2022-09-07 22:30:00,36.473,36.474,36.419,36.429
2022-09-07 23:00:00,36.428,36.428,36.39,36.396
2022-09-07 23:30:00,36.395,36.419,36.395,36.401
2022-09-08 00:00:00,36.397,36.435,36.375,36.425
2022-09-08 00:30:00,36.429,36.435,36.389,36.432
2022-09-08 01:00:00,36.429,36.431,36.379,36.391
2022-09-08 01:30:00,36.395,36.48,36.395,36.444
2022-09-08 02:00:00,36.447,36.474,36.422,36.474
2022-09-08 02:30:00,36.474,36.531,36.466,36.522
2022-09-08 03:00:00,36.521,36.523,36.481,36.516
2022-09-08 03:30:00,36.515,36.545,36.487,36.506
2022-09-08 04:00:00,36.505,36.509,36.437,36.444
2022-09-08 04:30:00,36.444,36.482,36.44,36.476
2022-09-08 05:00:00,36.475,36.475,36.431,36.431
2022-09-08 05:30:00,36.432,36.475,36.432,36.471
2022-09-08 06:00:00,36.472,36.496,36.425,36.431
2022-09-08 06:30:00,36.432,36.457,36.43,36.456
2022-09-08 07:00:00,36.456,36.484,36.444,36.46
2022-09-08 07:30:00,36.458,36.467,36.447,36.453
2022-09-08 08:00:00,36.452,36.457,36.439,36.444
2022-09-08 08:30:00,36.443,36.453,36.427,36.434
2022-09-08 09:00:00,36.436,36.447,36.36,36.367
2022-09-08 09:30:00,36.368,36.428,36.363,36.388
2022-09-08 10:00:00,36.387,36.411,36.381,36.405
2022-09-08 10:30:00,36.405,36.443,36.404,36.439
2022-09-08 11:00:00,36.437,36.439,36.411,36.424
2022-09-08 11:30:00,36.423,36.436,36.406,36.409
2022-09-08 12:00:00,36.408,36.436,36.407,36.428
2022-09-08 12:30:00,36.428,36.444,36.412,36.416
2022-09-08 13:00:00,36.417,36.425,36.393,36.401
2022-09-08 13:30:00,36.4,36.41,36.359,36.373
2022-09-08 14:00:00,36.374,36.378,36.353,36.354
2022-09-08 14:30:00,36.354,36.36,36.338,36.359
2022-09-08 15:00:00,36.36,36.445,36.346,36.419
2022-09-08 15:30:00,36.418,36.455,36.416,36.435
2022-09-08 16:00:00,36.436,36.504,36.423,36.489
2022-09-08 16:30:00,36.491,36.505,36.422,36.483
2022-09-08 17:00:00,36.481,36.522,36.481,36.496
2022-09-08 17:30:00,36.497,36.541,36.496,36.513
2022-09-08 18:00:00,36.511,36.522,36.482,36.486
2022-09-08 18:30:00,36.483,36.505,36.483,36.501
2022-09-08 19:00:00,36.5,36.518,36.498,36.517
2022-09-08 19:30:00,36.516,36.519,36.513,36.515
2022-09-08 20:00:00,36.515,36.517,36.484,36.484
2022-09-08 20:30:00,36.485,36.492,36.484,36.485
2022-09-08 21:00:00,36.484,36.488,36.483,36.483
2022-09-08 21:30:00,36.483,36.485,36.472,36.472
2022-09-08 22:00:00,36.472,36.474,36.47,36.47
2022-09-08 22:30:00,36.471,36.476,36.469,36.47
2022-09-08 23:00:00,36.471,36.474,36.463,36.465
2022-09-08 23:30:00,36.463,36.474,36.46,36.468
2022-09-09 00:00:00,36.461,36.461,36.455,36.456
2022-09-09 00:30:00,36.455,36.472,36.45,36.472
2022-09-09 01:00:00,36.473,36.475,36.465,36.47
2022-09-09 01:30:00,36.471,36.471,36.434,36.453
2022-09-09 02:00:00,36.454,36.488,36.41,36.412
2022-09-09 02:30:00,36.411,36.454,36.375,36.415
2022-09-09 03:00:00,36.411,36.428,36.338,36.348
2022-09-09 03:30:00,36.35,36.385,36.333,36.381
2022-09-09 04:00:00,36.378,36.378,36.262,36.28
2022-09-09 04:30:00,36.28,36.329,36.28,36.32
2022-09-09 05:00:00,36.321,36.328,36.29,36.293
2022-09-09 05:30:00,36.292,36.311,36.28,36.31
2022-09-09 06:00:00,36.31,36.323,36.287,36.296
2022-09-09 06:30:00,36.295,36.34,36.292,36.301
2022-09-09 07:00:00,36.301,36.316,36.281,36.314
2022-09-09 07:30:00,36.314,36.334,36.309,36.328
2022-09-09 08:00:00,36.326,36.331,36.307,36.327
2022-09-09 08:30:00,36.326,36.381,36.316,36.378
2022-09-09 09:00:00,36.379,36.407,36.361,36.401
2022-09-09 09:30:00,36.4,36.424,36.35,36.352
2022-09-09 10:00:00,36.351,36.353,36.282,36.286
2022-09-09 10:30:00,36.288,36.31,36.278,36.291
2022-09-09 11:00:00,36.291,36.312,36.28,36.308
2022-09-09 11:30:00,36.307,36.31,36.277,36.283
2022-09-09 12:00:00,36.287,36.338,36.287,36.307
2022-09-09 12:30:00,36.307,36.324,36.287,36.302
2022-09-09 13:00:00,36.302,36.317,36.281,36.316
2022-09-09 13:30:00,36.314,36.314,36.277,36.282
2022-09-09 14:00:00,36.282,36.329,36.276,36.327
2022-09-09 14:30:00,36.328,36.357,36.286,36.326
2022-09-09 15:00:00,36.327,36.355,36.327,36.352
2022-09-09 15:30:00,36.351,36.375,36.324,36.356
2022-09-09 16:00:00,36.355,36.379,36.339,36.375
2022-09-09 16:30:00,36.374,36.418,36.366,36.401
2022-09-09 17:00:00,36.405,36.41,36.369,36.379
2022-09-09 17:30:00,36.379,36.397,36.364,36.393
2022-09-09 18:00:00,36.39,36.412,36.365,36.368
2022-09-09 18:30:00,36.367,36.38,36.364,36.367
2022-09-09 19:00:00,36.368,36.398,36.367,36.38
2022-09-09 19:30:00,36.379,36.405,36.358,36.385
2022-09-09 20:00:00,36.382,36.395,36.382,36.395
2022-09-09 20:30:00,36.386,36.395,36.378,36.387
2022-09-09 21:00:00,36.386,36.422,36.361,36.422
2022-09-09 21:30:00,36.421,36.421,36.41,36.415
2022-09-09 22:00:00,36.414,36.414,36.408,36.408
2022-09-09 22:30:00,36.409,36.412,36.307,36.351
2022-09-09 23:00:00,36.35,36.382,36.349,36.382
2022-09-09 23:30:00,36.379,36.415,36.283,36.311
2022-09-12 00:00:00,36.311,36.499,36.205,36.288
2022-09-12 00:30:00,36.287,36.316,36.287,36.316
2022-09-12 01:00:00,36.313,36.342,36.31,36.34
2022-09-12 01:30:00,36.339,36.351,36.338,36.346
2022-09-12 02:00:00,36.353,36.358,36.345,36.348
2022-09-12 02:30:00,36.347,36.4,36.347,36.384
2022-09-12 03:00:00,36.383,36.471,36.382,36.463
2022-09-12 03:30:00,36.463,36.477,36.413,36.419
2022-09-12 04:00:00,36.42,36.431,36.385,36.391
2022-09-12 04:30:00,36.39,36.411,36.381,36.411
2022-09-12 05:00:00,36.412,36.426,36.399,36.414
2022-09-12 05:30:00,36.414,36.496,36.412,36.457
2022-09-12 06:00:00,36.458,36.473,36.452,36.472
2022-09-12 06:30:00,36.473,36.483,36.466,36.472
2022-09-12 07:00:00,36.473,36.477,36.449,36.453
2022-09-12 07:30:00,36.454,36.459,36.442,36.443
2022-09-12 08:00:00,36.444,36.444,36.429,36.432
2022-09-12 08:30:00,36.433,36.442,36.43,36.432
2022-09-12 09:00:00,36.433,36.456,36.429,36.444
2022-09-12 09:30:00,36.442,36.444,36.402,36.402
2022-09-12 10:00:00,36.401,36.407,36.321,36.338
2022-09-12 10:30:00,36.339,36.373,36.335,36.363
2022-09-12 11:00:00,36.361,36.404,36.334,36.37
2022-09-12 11:30:00,36.369,36.371,36.312,36.316
2022-09-12 12:00:00,36.315,36.342,36.311,36.332
2022-09-12 12:30:00,36.332,36.381,36.332,36.363
2022-09-12 13:00:00,36.362,36.373,36.344,36.352
2022-09-12 13:30:00,36.353,36.356,36.337,36.339
2022-09-12 14:00:00,36.338,36.373,36.33,36.368
2022-09-12 14:30:00,36.369,36.381,36.328,36.342
2022-09-12 15:00:00,36.343,36.347,36.297,36.306
2022-09-12 15:30:00,36.305,36.313,36.29,36.294
2022-09-12 16:00:00,36.292,36.335,36.29,36.306
2022-09-12 16:30:00,36.305,36.336,36.298,36.299
2022-09-12 17:00:00,36.3,36.301,36.282,36.284
2022-09-12 17:30:00,36.283,36.287,36.268,36.272
2022-09-12 18:00:00,36.271,36.276,36.269,36.269
2022-09-12 18:30:00,36.269,36.276,36.262,36.264
2022-09-12 19:00:00,36.264,36.287,36.26,36.269
2022-09-12 19:30:00,36.268,36.269,36.258,36.258
2022-09-12 20:00:00,36.264,36.27,36.259,36.263
2022-09-12 20:30:00,36.263,36.269,36.259,36.259
2022-09-12 21:00:00,36.26,36.295,36.259,36.294
2022-09-12 21:30:00,36.294,36.294,36.27,36.278
2022-09-12 22:00:00,36.279,36.282,36.274,36.278
2022-09-12 22:30:00,36.277,36.279,36.274,36.274
2022-09-12 23:00:00,36.274,36.275,36.265,36.275
2022-09-12 23:30:00,36.271,36.277,36.24,36.24
2022-09-13 00:00:00,36.24,36.277,36.24,36.274
2022-09-13 00:30:00,36.275,36.277,36.272,36.275
2022-09-13 01:00:00,36.274,36.28,36.273,36.278
2022-09-13 01:30:00,36.279,36.282,36.276,36.279
2022-09-13 02:00:00,36.277,36.279,36.272,36.278
2022-09-13 02:30:00,36.279,36.303,36.267,36.275
2022-09-13 03:00:00,36.274,36.278,36.254,36.266
2022-09-13 03:30:00,36.264,36.268,36.252,36.255
2022-09-13 04:00:00,36.259,36.302,36.259,36.297
2022-09-13 04:30:00,36.298,36.324,36.29,36.313
2022-09-13 05:00:00,36.314,36.314,36.277,36.292
2022-09-13 05:30:00,36.293,36.308,36.281,36.283
2022-09-13 06:00:00,36.283,36.294,36.271,36.282
2022-09-13 06:30:00,36.281,36.307,36.281,36.3
2022-09-13 07:00:00,36.299,36.317,36.296,36.307
2022-09-13 07:30:00,36.308,36.308,36.301,36.301
2022-09-13 08:00:00,36.302,36.305,36.296,36.296
2022-09-13 08:30:00,36.297,36.303,36.294,36.296
2022-09-13 09:00:00,36.295,36.297,36.281,36.29
2022-09-13 09:30:00,36.291,36.293,36.279,36.289
2022-09-13 10:00:00,36.288,36.296,36.277,36.282
2022-09-13 10:30:00,36.282,36.301,36.272,36.273
2022-09-13 11:00:00,36.272,36.282,36.249,36.267
2022-09-13 11:30:00,36.266,36.282,36.254,36.258
2022-09-13 12:00:00,36.259,36.269,36.253,36.261
2022-09-13 12:30:00,36.261,36.271,36.256,36.257
2022-09-13 13:00:00,36.258,36.267,36.25,36.267
2022-09-13 13:30:00,36.268,36.274,36.247,36.248
2022-09-13 14:00:00,36.248,36.252,36.241,36.244
2022-09-13 14:30:00,36.243,36.244,36.224,36.236
2022-09-13 15:00:00,36.235,36.235,36.188,36.199
2022-09-13 15:30:00,36.198,36.546,36.187,36.529
2022-09-13 16:00:00,36.53,36.597,36.479,36.524
2022-09-13 16:30:00,36.521,36.545,36.494,36.517
2022-09-13 17:00:00,36.516,36.561,36.46,36.506
2022-09-13 17:30:00,36.507,36.539,36.49,36.512
2022-09-13 18:00:00,36.511,36.554,36.507,36.514
2022-09-13 18:30:00,36.514,36.556,36.51,36.55
2022-09-13 19:00:00,36.551,36.572,36.548,36.567
2022-09-13 19:30:00,36.567,36.57,36.558,36.56
2022-09-13 20:00:00,36.561,36.562,36.552,36.553
2022-09-13 20:30:00,36.554,36.573,36.541,36.573
2022-09-13 21:00:00,36.574,36.609,36.57,36.572
2022-09-13 21:30:00,36.571,36.643,36.571,36.642
2022-09-13 22:00:00,36.642,36.66,36.638,36.648
2022-09-13 22:30:00,36.649,36.65,36.647,36.649
2022-09-13 23:00:00,36.648,36.651,36.643,36.647
2022-09-13 23:30:00,36.644,36.658,36.634,36.641
2022-09-14 00:00:00,36.639,36.64,36.611,36.617
2022-09-14 00:30:00,36.616,36.616,36.586,36.603
2022-09-14 01:00:00,36.614,36.623,36.613,36.616
2022-09-14 01:30:00,36.615,36.628,36.612,36.621
2022-09-14 02:00:00,36.619,36.622,36.619,36.622
2022-09-14 02:30:00,36.624,36.624,36.487,36.608
2022-09-14 03:00:00,36.607,36.672,36.604,36.658
2022-09-14 03:30:00,36.658,36.683,36.647,36.656
2022-09-14 04:00:00,36.657,36.738,36.654,36.718
2022-09-14 04:30:00,36.718,36.718,36.655,36.668
2022-09-14 05:00:00,36.669,36.703,36.656,36.696
2022-09-14 05:30:00,36.697,36.706,36.681,36.692
2022-09-14 06:00:00,36.692,36.703,36.677,36.688
2022-09-14 06:30:00,36.687,36.696,36.669,36.685
2022-09-14 07:00:00,36.686,36.691,36.678,36.686
2022-09-14 07:30:00,36.687,36.688,36.623,36.649
2022-09-14 08:00:00,36.651,36.656,36.632,36.655
2022-09-14 08:30:00,36.652,36.688,36.649,36.684
2022-09-14 09:00:00,36.683,36.698,36.664,36.691
2022-09-14 09:30:00,36.69,36.696,36.673,36.687
2022-09-14 10:00:00,36.685,36.707,36.669,36.698
2022-09-14 10:30:00,36.699,36.723,36.683,36.686
2022-09-14 11:00:00,36.687,36.687,36.633,36.656
2022-09-14 11:30:00,36.657,36.667,36.626,36.639
2022-09-14 12:00:00,36.64,36.65,36.622,36.622
2022-09-14 12:30:00,36.621,36.629,36.586,36.607
2022-09-14 13:00:00,36.607,36.612,36.579,36.583
2022-09-14 13:30:00,36.582,36.605,36.582,36.59
2022-09-14 14:00:00,36.591,36.639,36.59,36.631
2022-09-14 14:30:00,36.63,36.656,36.617,36.651
2022-09-14 15:00:00,36.65,36.651,36.579,36.582
2022-09-14 15:30:00,36.581,36.626,36.573,36.578
2022-09-14 16:00:00,36.578,36.595,36.572,36.592
2022-09-14 16:30:00,36.592,36.598,36.582,36.586
2022-09-14 17:00:00,36.587,36.625,36.585,36.621
2022-09-14 17:30:00,36.62,36.62,36.598,36.601
2022-09-14 18:00:00,36.602,36.614,36.594,36.603
2022-09-14 18:30:00,36.602,36.608,36.598,36.604
2022-09-14 19:00:00,36.603,36.605,36.581,36.591
2022-09-14 19:30:00,36.59,36.603,36.589,36.597
2022-09-14 20:00:00,36.595,36.598,36.595,36.596
2022-09-14 20:30:00,36.595,36.612,36.593,36.612
2022-09-14 21:00:00,36.612,36.612,36.6,36.608
2022-09-14 21:30:00,36.607,36.621,36.604,36.621
2022-09-14 22:00:00,36.62,36.641,36.62,36.637
2022-09-14 22:30:00,36.639,36.639,36.62,36.627
2022-09-14 23:00:00,36.624,36.624,36.59,36.594
2022-09-14 23:30:00,36.593,36.607,36.585,36.585
2022-09-15 00:00:00,36.56,36.596,36.55,36.595
2022-09-15 00:30:00,36.594,36.598,36.588,36.594
2022-09-15 01:00:00,36.591,36.593,36.585,36.588
2022-09-15 01:30:00,36.589,36.599,36.588,36.598
2022-09-15 02:00:00,36.599,36.6,36.581,36.593
2022-09-15 02:30:00,36.592,36.643,36.585,36.642
2022-09-15 03:00:00,36.644,36.667,36.641,36.661
2022-09-15 03:30:00,36.661,36.662,36.596,36.614
2022-09-15 04:00:00,36.614,36.653,36.614,36.633
2022-09-15 04:30:00,36.634,36.657,36.633,36.642
2022-09-15 05:00:00,36.643,36.689,36.642,36.672
2022-09-15 05:30:00,36.673,36.684,36.668,36.676
2022-09-15 06:00:00,36.676,36.693,36.664,36.677
2022-09-15 06:30:00,36.678,36.696,36.669,36.696
2022-09-15 07:00:00,36.696,36.706,36.68,36.696
2022-09-15 07:30:00,36.696,36.742,36.69,36.733
2022-09-15 08:00:00,36.734,36.777,36.731,36.776
2022-09-15 08:30:00,36.776,36.782,36.758,36.766
2022-09-15 09:00:00,36.765,36.792,36.752,36.763
2022-09-15 09:30:00,36.763,36.794,36.762,36.782
2022-09-15 10:00:00,36.782,36.798,36.771,36.775
2022-09-15 10:30:00,36.776,36.778,36.746,36.756
2022-09-15 11:00:00,36.756,36.797,36.735,36.781
2022-09-15 11:30:00,36.782,36.787,36.763,36.765
2022-09-15 12:00:00,36.762,36.784,36.761,36.777
2022-09-15 12:30:00,36.777,36.786,36.756,36.779
2022-09-15 13:00:00,36.78,36.798,36.772,36.794
2022-09-15 13:30:00,36.795,36.834,36.795,36.824
2022-09-15 14:00:00,36.823,36.847,36.814,36.833
2022-09-15 14:30:00,36.832,36.851,36.826,36.846
2022-09-15 15:00:00,36.847,36.874,36.84,36.848
2022-09-15 15:30:00,36.848,36.868,36.804,36.831
2022-09-15 16:00:00,36.832,36.865,36.822,36.862
2022-09-15 16:30:00,36.863,36.876,36.829,36.848
2022-09-15 17:00:00,36.848,36.877,36.846,36.875
2022-09-15 17:30:00,36.876,36.908,36.857,36.906
2022-09-15 18:00:00,36.905,36.928,36.897,36.924
2022-09-15 18:30:00,36.924,36.944,36.923,36.943
2022-09-15 19:00:00,36.943,36.956,36.941,36.951
2022-09-15 19:30:00,36.952,36.961,36.951,36.954
2022-09-15 20:00:00,36.953,36.953,36.932,36.94
2022-09-15 20:30:00,36.939,36.946,36.937,36.94
2022-09-15 21:00:00,36.941,36.948,36.934,36.938
2022-09-15 21:30:00,36.938,36.954,36.935,36.953
2022-09-15 22:00:00,36.952,36.964,36.947,36.963
2022-09-15 22:30:00,36.964,36.965,36.947,36.947
2022-09-15 23:00:00,36.946,36.959,36.946,36.953
2022-09-15 23:30:00,36.951,36.953,36.932,36.939
2022-09-16 00:00:00,36.82,36.948,36.82,36.943
2022-09-16 00:30:00,36.943,36.943,36.943,36.943
2022-09-16 01:00:00,36.934,36.948,36.932,36.941
2022-09-16 01:30:00,36.94,36.946,36.94,36.944
2022-09-16 02:00:00,36.94,36.962,36.936,36.96
2022-09-16 02:30:00,36.96,36.974,36.96,36.974
2022-09-16 03:00:00,36.975,36.985,36.967,36.979
2022-09-16 03:30:00,36.979,36.982,36.956,36.96
2022-09-16 04:00:00,36.96,36.987,36.941,36.986
2022-09-16 04:30:00,36.985,36.988,36.972,36.987
2022-09-16 05:00:00,36.987,36.988,36.976,36.983
2022-09-16 05:30:00,36.982,36.992,36.979,36.982
2022-09-16 06:00:00,36.981,36.986,36.976,36.982
2022-09-16 06:30:00,36.981,36.988,36.975,36.984
2022-09-16 07:00:00,36.985,36.987,36.975,36.984
2022-09-16 07:30:00,36.983,36.987,36.978,36.98
2022-09-16 08:00:00,36.981,36.994,36.979,36.991
2022-09-16 08:30:00,36.992,37.101,36.991,37.072
2022-09-16 09:00:00,37.073,37.08,37.027,37.062
2022-09-16 09:30:00,37.062,37.104,37.056,37.071
2022-09-16 10:00:00,37.071,37.071,37.045,37.065
2022-09-16 10:30:00,37.066,37.094,37.065,37.07
2022-09-16 11:00:00,37.071,37.087,37.056,37.058
2022-09-16 11:30:00,37.058,37.075,37.052,37.071
2022-09-16 12:00:00,37.07,37.07,36.86,36.916
2022-09-16 12:30:00,36.917,37.079,36.913,37.066
2022-09-16 13:00:00,37.067,37.071,36.936,36.985
2022-09-16 13:30:00,36.984,36.987,36.938,36.961
2022-09-16 14:00:00,36.962,36.989,36.954,36.968
2022-09-16 14:30:00,36.966,36.978,36.957,36.965
2022-09-16 15:00:00,36.965,36.99,36.962,36.979
2022-09-16 15:30:00,36.978,37.057,36.977,37.055
2022-09-16 16:00:00,37.056,37.062,37.021,37.061
2022-09-16 16:30:00,37.06,37.073,37.023,37.046
2022-09-16 17:00:00,37.044,37.052,36.894,36.898
2022-09-16 17:30:00,36.897,36.927,36.874,36.907
2022-09-16 18:00:00,36.905,36.918,36.891,36.903
2022-09-16 18:30:00,36.905,36.935,36.895,36.895
2022-09-16 19:00:00,36.895,36.914,36.869,36.894
2022-09-16 19:30:00,36.898,36.924,36.885,36.893
2022-09-16 20:00:00,36.893,36.899,36.889,36.89
2022-09-16 20:30:00,36.891,36.913,36.891,36.91
2022-09-16 21:00:00,36.908,36.908,36.888,36.888
2022-09-16 21:30:00,36.887,36.889,36.867,36.873
2022-09-16 22:00:00,36.873,36.88,36.864,36.869
2022-09-16 22:30:00,36.869,36.892,36.849,36.85
2022-09-16 23:00:00,36.851,36.867,36.847,36.852
2022-09-16 23:30:00,36.851,36.856,36.839,36.85
2022-09-19 00:00:00,36.763,36.853,36.763,36.843
2022-09-19 00:30:00,36.842,36.848,36.786,36.841
2022-09-19 01:00:00,36.842,36.857,36.839,36.844
2022-09-19 01:30:00,36.843,36.85,36.806,36.813
2022-09-19 02:00:00,36.812,36.818,36.806,36.806
2022-09-19 02:30:00,36.806,36.826,36.785,36.806
2022-09-19 03:00:00,36.805,36.854,36.768,36.854
2022-09-19 03:30:00,36.853,36.881,36.816,36.864
2022-09-19 04:00:00,36.865,36.877,36.822,36.824
2022-09-19 04:30:00,36.823,36.927,36.81,36.904
2022-09-19 05:00:00,36.905,36.932,36.904,36.914
2022-09-19 05:30:00,36.914,36.929,36.882,36.883
2022-09-19 06:00:00,36.883,36.901,36.869,36.883
2022-09-19 06:30:00,36.882,36.891,36.874,36.883
2022-09-19 07:00:00,36.884,36.891,36.869,36.88
2022-09-19 07:30:00,36.88,36.909,36.88,36.906
2022-09-19 08:00:00,36.902,36.91,36.894,36.904
2022-09-19 08:30:00,36.905,36.924,36.903,36.924
2022-09-19 09:00:00,36.922,36.957,36.92,36.947
2022-09-19 09:30:00,36.947,36.974,36.933,36.964
2022-09-19 10:00:00,36.964,37.043,36.955,37.043
2022-09-19 10:30:00,37.044,37.044,36.98,36.983
2022-09-19 11:00:00,36.982,36.997,36.917,36.947
2022-09-19 11:30:00,36.946,36.985,36.944,36.969
2022-09-19 12:00:00,36.97,37.012,36.962,36.986
2022-09-19 12:30:00,36.985,36.998,36.968,36.991
2022-09-19 13:00:00,36.99,37.033,36.989,37.014
2022-09-19 13:30:00,37.015,37.025,37.01,37.022
2022-09-19 14:00:00,37.023,37.024,37.001,37.024
2022-09-19 14:30:00,37.024,37.041,37.018,37.035
2022-09-19 15:00:00,37.036,37.036,36.989,36.99
2022-09-19 15:30:00,36.991,37.02,36.987,37.02
2022-09-19 16:00:00,37.018,37.021,36.993,37.021
2022-09-19 16:30:00,37.019,37.033,36.998,37.01
2022-09-19 17:00:00,37.008,37.02,36.975,36.989
2022-09-19 17:30:00,36.992,36.993,36.902,36.922
2022-09-19 18:00:00,36.921,36.934,36.896,36.916
2022-09-19 18:30:00,36.915,36.977,36.915,36.961
2022-09-19 19:00:00,36.963,36.963,36.941,36.951
2022-09-19 19:30:00,36.951,36.956,36.928,36.931
2022-09-19 20:00:00,36.933,36.933,36.925,36.927
2022-09-19 20:30:00,36.927,36.935,36.926,36.932
2022-09-19 21:00:00,36.932,36.936,36.932,36.934
2022-09-19 21:30:00,36.933,36.935,36.927,36.932
2022-09-19 22:00:00,36.933,36.936,36.902,36.904
2022-09-19 22:30:00,36.906,36.907,36.895,36.901
2022-09-19 23:00:00,36.902,36.906,36.899,36.9
2022-09-19 23:30:00,36.903,36.91,36.889,36.908
2022-09-20 00:00:00,36.909,36.912,36.881,36.902
2022-09-20 00:30:00,36.902,36.902,36.884,36.888
2022-09-20 01:00:00,36.889,36.917,36.889,36.917
2022-09-20 01:30:00,36.916,36.917,36.915,36.916
2022-09-20 02:00:00,36.917,36.923,36.914,36.917
2022-09-20 02:30:00,36.919,36.94,36.893,36.913
2022-09-20 03:00:00,36.908,36.908,36.845,36.869
2022-09-20 03:30:00,36.867,36.899,36.844,36.879
2022-09-20 04:00:00,36.879,36.894,36.848,36.881
2022-09-20 04:30:00,36.882,36.951,36.877,36.948
2022-09-20 05:00:00,36.947,36.948,36.921,36.921
2022-09-20 05:30:00,36.92,36.923,36.9,36.91
2022-09-20 06:00:00,36.911,36.917,36.882,36.894
2022-09-20 06:30:00,36.893,36.915,36.891,36.908
2022-09-20 07:00:00,36.909,36.927,36.904,36.918
2022-09-20 07:30:00,36.919,36.948,36.917,36.93
2022-09-20 08:00:00,36.927,36.967,36.927,36.946
2022-09-20 08:30:00,36.946,36.953,36.928,36.931
2022-09-20 09:00:00,36.929,36.963,36.927,36.936
2022-09-20 09:30:00,36.937,36.952,36.934,36.948
2022-09-20 10:00:00,36.947,36.955,36.879,36.92
2022-09-20 10:30:00,36.92,36.948,36.91,36.927
2022-09-20 11:00:00,36.927,36.971,36.926,36.941
2022-09-20 11:30:00,36.94,36.947,36.936,36.944
2022-09-20 12:00:00,36.944,36.962,36.938,36.961
2022-09-20 12:30:00,36.962,37.022,36.956,37.004
2022-09-20 13:00:00,37.003,37.026,36.963,36.964
2022-09-20 13:30:00,36.964,36.979,36.956,36.977
2022-09-20 14:00:00,36.978,37.01,36.921,36.929
2022-09-20 14:30:00,36.931,37.002,36.927,36.99
2022-09-20 15:00:00,36.989,37.019,36.988,37.017
2022-09-20 15:30:00,37.016,37.037,37.01,37.023
2022-09-20 16:00:00,37.028,37.034,37.007,37.033
2022-09-20 16:30:00,37.033,37.042,37.023,37.024
2022-09-20 17:00:00,37.024,37.065,37.024,37.063
2022-09-20 17:30:00,37.063,37.065,37.024,37.024
2022-09-20 18:00:00,37.024,37.026,36.962,37.0
2022-09-20 18:30:00,36.999,37.023,36.988,37.003
2022-09-20 19:00:00,37.002,37.017,37.002,37.013
2022-09-20 19:30:00,37.012,37.058,37.012,37.048
2022-09-20 20:00:00,37.048,37.061,37.046,37.058
2022-09-20 20:30:00,37.057,37.06,37.055,37.057
2022-09-20 21:00:00,37.056,37.056,37.016,37.026
2022-09-20 21:30:00,37.026,37.03,37.012,37.015
2022-09-20 22:00:00,37.018,37.019,37.015,37.016
2022-09-20 22:30:00,37.016,37.033,37.014,37.021
2022-09-20 23:00:00,37.022,37.048,37.018,37.045
2022-09-20 23:30:00,37.048,37.051,36.969,36.976
2022-09-21 00:00:00,36.986,36.992,36.976,36.988
2022-09-21 00:30:00,36.987,36.989,36.978,36.98
2022-09-21 01:00:00,36.978,37.001,36.975,36.995
2022-09-21 01:30:00,36.996,37.006,36.995,37.006
2022-09-21 02:00:00,37.007,37.016,36.992,37.0
2022-09-21 02:30:00,37.001,37.034,36.982,36.987
2022-09-21 03:00:00,36.989,37.039,36.989,37.038
2022-09-21 03:30:00,37.039,37.074,37.024,37.07
2022-09-21 04:00:00,37.071,37.094,37.064,37.079
2022-09-21 04:30:00,37.077,37.086,37.067,37.084
2022-09-21 05:00:00,37.083,37.113,37.081,37.097
2022-09-21 05:30:00,37.099,37.111,37.097,37.109
2022-09-21 06:00:00,37.109,37.126,37.098,37.124
2022-09-21 06:30:00,37.124,37.165,37.124,37.156
2022-09-21 07:00:00,37.156,37.182,37.156,37.176
2022-09-21 07:30:00,37.177,37.181,37.157,37.172
2022-09-21 08:00:00,37.172,37.181,37.161,37.175
2022-09-21 08:30:00,37.176,37.188,37.164,37.186
2022-09-21 09:00:00,37.186,37.197,37.157,37.173
2022-09-21 09:30:00,37.172,37.204,37.17,37.19
2022-09-21 10:00:00,37.185,37.195,37.171,37.178
2022-09-21 10:30:00,37.179,37.188,37.161,37.172
2022-09-21 11:00:00,37.171,37.183,37.15,37.153
2022-09-21 11:30:00,37.153,37.175,37.149,37.168
2022-09-21 12:00:00,37.169,37.169,37.153,37.161
2022-09-21 12:30:00,37.162,37.162,37.122,37.139
2022-09-21 13:00:00,37.139,37.161,37.139,37.144
2022-09-21 13:30:00,37.143,37.163,37.135,37.144
2022-09-21 14:00:00,37.141,37.145,37.135,37.142
2022-09-21 14:30:00,37.142,37.144,37.128,37.129
2022-09-21 15:00:00,37.13,37.137,37.092,37.135
2022-09-21 15:30:00,37.136,37.141,37.115,37.13
2022-09-21 16:00:00,37.129,37.133,37.111,37.131
2022-09-21 16:30:00,37.132,37.139,37.109,37.125
2022-09-21 17:00:00,37.124,37.137,37.118,37.131
2022-09-21 17:30:00,37.13,37.165,37.121,37.159
2022-09-21 18:00:00,37.156,37.158,37.13,37.132
2022-09-21 18:30:00,37.132,37.154,37.128,37.15
2022-09-21 19:00:00,37.15,37.155,37.149,37.151
2022-09-21 19:30:00,37.152,37.168,37.143,37.157
2022-09-21 20:00:00,37.156,37.166,37.152,37.164
2022-09-21 20:30:00,37.164,37.165,37.148,37.158
2022-09-21 21:00:00,37.157,37.206,37.153,37.171
2022-09-21 21:30:00,37.171,37.188,37.004,37.028
2022-09-21 22:00:00,37.028,37.104,37.027,37.099
2022-09-21 22:30:00,37.098,37.176,37.096,37.172
2022-09-21 23:00:00,37.171,37.181,37.147,37.173
2022-09-21 23:30:00,37.171,37.196,37.154,37.169
2022-09-22 00:00:00,37.12,37.165,37.12,37.151
2022-09-22 00:30:00,37.156,37.164,37.144,37.145
2022-09-22 01:00:00,37.15,37.179,37.144,37.174
2022-09-22 01:30:00,37.173,37.177,37.165,37.176
2022-09-22 02:00:00,37.181,37.233,37.165,37.208
2022-09-22 02:30:00,37.207,37.232,37.203,37.225
2022-09-22 03:00:00,37.224,37.289,37.224,37.284
2022-09-22 03:30:00,37.285,37.309,37.277,37.291
2022-09-22 04:00:00,37.29,37.342,37.288,37.315
2022-09-22 04:30:00,37.314,37.364,37.313,37.347
2022-09-22 05:00:00,37.347,37.376,37.346,37.354
2022-09-22 05:30:00,37.352,37.381,37.339,37.361
2022-09-22 06:00:00,37.361,37.378,37.349,37.375
2022-09-22 06:30:00,37.373,37.376,37.355,37.372
2022-09-22 07:00:00,37.371,37.378,37.358,37.363
2022-09-22 07:30:00,37.362,37.382,37.362,37.371
2022-09-22 08:00:00,37.37,37.381,37.364,37.377
2022-09-22 08:30:00,37.376,37.38,37.36,37.379
2022-09-22 09:00:00,37.379,37.394,37.371,37.389
2022-09-22 09:30:00,37.389,37.442,37.385,37.442
2022-09-22 10:00:00,37.441,37.447,37.435,37.438
2022-09-22 10:30:00,37.439,37.447,37.432,37.442
2022-09-22 11:00:00,37.443,37.449,37.302,37.358
2022-09-22 11:30:00,37.361,37.367,37.223,37.297
2022-09-22 12:00:00,37.296,37.35,37.277,37.317
2022-09-22 12:30:00,37.318,37.391,37.316,37.373
2022-09-22 13:00:00,37.372,37.415,37.368,37.403
2022-09-22 13:30:00,37.404,37.405,37.328,37.348
2022-09-22 14:00:00,37.349,37.424,37.296,37.421
2022-09-22 14:30:00,37.42,37.435,37.268,37.268
2022-09-22 15:00:00,37.268,37.292,37.204,37.243
2022-09-22 15:30:00,37.242,37.278,37.176,37.204
2022-09-22 16:00:00,37.206,37.295,37.206,37.255
2022-09-22 16:30:00,37.256,37.355,37.239,37.325
2022-09-22 17:00:00,37.326,37.364,37.259,37.272
2022-09-22 17:30:00,37.273,37.424,37.27,37.411
2022-09-22 18:00:00,37.411,37.436,37.403,37.432
2022-09-22 18:30:00,37.431,37.433,37.367,37.37
2022-09-22 19:00:00,37.369,37.387,37.354,37.37
2022-09-22 19:30:00,37.371,37.377,37.354,37.361
2022-09-22 20:00:00,37.358,37.363,37.342,37.342
2022-09-22 20:30:00,37.339,37.354,37.339,37.353
2022-09-22 21:00:00,37.352,37.36,37.352,37.357
2022-09-22 21:30:00,37.358,37.381,37.352,37.372
2022-09-22 22:00:00,37.37,37.388,37.363,37.388
2022-09-22 22:30:00,37.388,37.393,37.355,37.363
2022-09-22 23:00:00,37.365,37.366,37.358,37.363
2022-09-22 23:30:00,37.361,37.371,37.347,37.351
2022-09-23 00:00:00,37.325,37.372,37.325,37.361
2022-09-23 00:30:00,37.363,37.366,37.359,37.361
2022-09-23 01:00:00,37.36,37.372,37.357,37.357
2022-09-23 01:30:00,37.356,37.364,37.355,37.357
2022-09-23 02:00:00,37.361,37.372,37.36,37.371
2022-09-23 02:30:00,37.372,37.378,37.362,37.377
2022-09-23 03:00:00,37.378,37.379,37.305,37.351
2022-09-23 03:30:00,37.347,37.347,37.289,37.294
2022-09-23 04:00:00,37.295,37.319,37.204,37.255
2022-09-23 04:30:00,37.256,37.317,37.255,37.294
2022-09-23 05:00:00,37.295,37.353,37.281,37.327
2022-09-23 05:30:00,37.327,37.372,37.323,37.346
2022-09-23 06:00:00,37.346,37.359,37.34,37.348
2022-09-23 06:30:00,37.349,37.377,37.348,37.361
2022-09-23 07:00:00,37.361,37.403,37.36,37.381
2022-09-23 07:30:00,37.381,37.386,37.364,37.373
2022-09-23 08:00:00,37.372,37.373,37.305,37.314
2022-09-23 08:30:00,37.314,37.334,37.307,37.309
2022-09-23 09:00:00,37.31,37.357,37.278,37.332
2022-09-23 09:30:00,37.329,37.347,37.317,37.332
2022-09-23 10:00:00,37.331,37.374,37.324,37.348
2022-09-23 10:30:00,37.346,37.387,37.345,37.364
2022-09-23 11:00:00,37.363,37.404,37.362,37.383
2022-09-23 11:30:00,37.386,37.434,37.384,37.429
2022-09-23 12:00:00,37.43,37.464,37.406,37.455
2022-09-23 12:30:00,37.455,37.498,37.448,37.473
2022-09-23 13:00:00,37.473,37.526,37.472,37.491
2022-09-23 13:30:00,37.491,37.554,37.483,37.547
2022-09-23 14:00:00,37.547,37.579,37.52,37.566
2022-09-23 14:30:00,37.568,37.577,37.555,37.569
2022-09-23 15:00:00,37.57,37.575,37.541,37.556
2022-09-23 15:30:00,37.556,37.585,37.555,37.572
2022-09-23 16:00:00,37.571,37.578,37.447,37.484
2022-09-23 16:30:00,37.482,37.568,37.478,37.568
2022-09-23 17:00:00,37.568,37.574,37.536,37.543
2022-09-23 17:30:00,37.542,37.581,37.542,37.579
2022-09-23 18:00:00,37.577,37.586,37.536,37.554
2022-09-23 18:30:00,37.554,37.573,37.548,37.561
2022-09-23 19:00:00,37.562,37.572,37.551,37.572
2022-09-23 19:30:00,37.571,37.574,37.566,37.572
2022-09-23 20:00:00,37.571,37.572,37.567,37.57
2022-09-23 20:30:00,37.569,37.582,37.569,37.582
2022-09-23 21:00:00,37.58,37.589,37.57,37.571
2022-09-23 21:30:00,37.572,37.59,37.57,37.588
2022-09-23 22:00:00,37.587,37.587,37.581,37.583
2022-09-23 22:30:00,37.585,37.586,37.573,37.576
2022-09-23 23:00:00,37.577,37.595,37.413,37.526
2022-09-23 23:30:00,37.527,37.592,37.408,37.486
2022-09-26 00:00:00,37.558,37.98,37.45,37.493
2022-09-26 00:30:00,37.486,37.54,37.425,37.539
2022-09-26 01:00:00,37.54,37.558,37.54,37.554
2022-09-26 01:30:00,37.553,37.559,37.549,37.557
2022-09-26 02:00:00,37.556,37.576,37.555,37.571
2022-09-26 02:30:00,37.572,37.621,37.571,37.61
2022-09-26 03:00:00,37.609,37.663,37.604,37.649
2022-09-26 03:30:00,37.649,37.696,37.64,37.69
2022-09-26 04:00:00,37.691,37.719,37.623,37.689
2022-09-26 04:30:00,37.69,37.766,37.688,37.759
2022-09-26 05:00:00,37.759,37.783,37.753,37.771
2022-09-26 05:30:00,37.77,37.787,37.762,37.776
2022-09-26 06:00:00,37.775,37.784,37.76,37.779
2022-09-26 06:30:00,37.78,37.8,37.772,37.796
2022-09-26 07:00:00,37.796,37.837,37.79,37.811
2022-09-26 07:30:00,37.812,37.883,37.81,37.878
2022-09-26 08:00:00,37.877,37.886,37.835,37.885
2022-09-26 08:30:00,37.885,37.887,37.817,37.856
2022-09-26 09:00:00,37.855,37.858,37.813,37.829
2022-09-26 09:30:00,37.829,37.87,37.82,37.835
2022-09-26 10:00:00,37.834,37.838,37.729,37.732
2022-09-26 10:30:00,37.732,37.791,37.732,37.78
2022-09-26 11:00:00,37.778,37.781,37.729,37.765
2022-09-26 11:30:00,37.765,37.8,37.752,37.788
2022-09-26 12:00:00,37.788,37.803,37.776,37.796
2022-09-26 12:30:00,37.796,37.884,37.786,37.883
2022-09-26 13:00:00,37.885,37.909,37.855,37.857
2022-09-26 13:30:00,37.856,37.882,37.838,37.881
2022-09-26 14:00:00,37.879,37.897,37.869,37.878
2022-09-26 14:30:00,37.878,37.878,37.822,37.835
2022-09-26 15:00:00,37.834,37.862,37.801,37.812
2022-09-26 15:30:00,37.813,37.826,37.737,37.767
2022-09-26 16:00:00,37.766,37.829,37.765,37.793
2022-09-26 16:30:00,37.792,37.803,37.749,37.8
2022-09-26 17:00:00,37.799,37.854,37.799,37.816
2022-09-26 17:30:00,37.816,37.888,37.813,37.887
2022-09-26 18:00:00,37.887,37.905,37.878,37.894
2022-09-26 18:30:00,37.89,37.912,37.884,37.892
2022-09-26 19:00:00,37.893,37.925,37.891,37.921
2022-09-26 19:30:00,37.92,37.937,37.917,37.934
2022-09-26 20:00:00,37.932,37.956,37.926,37.937
2022-09-26 20:30:00,37.936,37.963,37.932,37.954
2022-09-26 21:00:00,37.953,37.961,37.95,37.958
2022-09-26 21:30:00,37.958,37.965,37.95,37.954
2022-09-26 22:00:00,37.953,37.955,37.949,37.951
2022-09-26 22:30:00,37.953,37.964,37.953,37.961
2022-09-26 23:00:00,37.96,37.969,37.96,37.966
2022-09-26 23:30:00,37.967,37.972,37.929,37.938
2022-09-27 00:00:00,37.949,37.951,37.903,37.945
2022-09-27 00:30:00,37.903,37.955,37.903,37.954
2022-09-27 01:00:00,37.951,37.972,37.944,37.97
2022-09-27 01:30:00,37.969,37.977,37.957,37.958
2022-09-27 02:00:00,37.96,37.964,37.954,37.958
2022-09-27 02:30:00,37.959,37.967,37.952,37.959
2022-09-27 03:00:00,37.958,37.962,37.878,37.893
2022-09-27 03:30:00,37.893,37.895,37.826,37.854
2022-09-27 04:00:00,37.854,37.902,37.844,37.886
2022-09-27 04:30:00,37.886,37.904,37.859,37.903
2022-09-27 05:00:00,37.902,37.948,37.902,37.923
2022-09-27 05:30:00,37.924,37.933,37.905,37.919
2022-09-27 06:00:00,37.917,37.953,37.916,37.941
2022-09-27 06:30:00,37.94,37.972,37.923,37.97
2022-09-27 07:00:00,37.969,37.969,37.937,37.947
2022-09-27 07:30:00,37.948,37.96,37.939,37.948
2022-09-27 08:00:00,37.947,37.965,37.94,37.949
2022-09-27 08:30:00,37.949,37.956,37.911,37.912
2022-09-27 09:00:00,37.914,37.931,37.881,37.894
2022-09-27 09:30:00,37.896,37.922,37.882,37.922
2022-09-27 10:00:00,37.921,37.931,37.867,37.881
2022-09-27 10:30:00,37.883,37.897,37.866,37.882
2022-09-27 11:00:00,37.881,37.914,37.878,37.903
2022-09-27 11:30:00,37.904,37.942,37.888,37.939
2022-09-27 12:00:00,37.938,37.978,37.935,37.972
2022-09-27 12:30:00,37.973,37.977,37.955,37.973
2022-09-27 13:00:00,37.972,37.981,37.956,37.967
2022-09-27 13:30:00,37.968,37.972,37.953,37.968
2022-09-27 14:00:00,37.968,37.984,37.953,37.958
2022-09-27 14:30:00,37.955,37.958,37.917,37.933
2022-09-27 15:00:00,37.932,37.934,37.888,37.914
2022-09-27 15:30:00,37.906,37.931,37.9,37.929
2022-09-27 16:00:00,37.931,37.97,37.91,37.951
2022-09-27 16:30:00,37.954,37.971,37.915,37.937
2022-09-27 17:00:00,37.938,37.981,37.936,37.976
2022-09-27 17:30:00,37.975,37.978,37.932,37.964
2022-09-27 18:00:00,37.964,37.981,37.949,37.97
2022-09-27 18:30:00,37.971,37.973,37.95,37.969
2022-09-27 19:00:00,37.97,37.985,37.969,37.98
2022-09-27 19:30:00,37.98,37.988,37.974,37.975
2022-09-27 20:00:00,37.978,37.989,37.973,37.988
2022-09-27 20:30:00,37.989,37.991,37.98,37.983
2022-09-27 21:00:00,37.983,37.986,37.982,37.982
2022-09-27 21:30:00,37.983,37.985,37.944,37.963
2022-09-27 22:00:00,37.962,37.971,37.961,37.964
2022-09-27 22:30:00,37.964,37.974,37.963,37.97
2022-09-27 23:00:00,37.971,37.974,37.969,37.971
2022-09-27 23:30:00,37.972,37.975,37.956,37.956
2022-09-28 00:00:00,37.969,37.969,37.963,37.963
2022-09-28 00:30:00,37.963,37.963,37.93,37.935
2022-09-28 01:00:00,37.936,37.96,37.929,37.96
2022-09-28 01:30:00,37.959,37.978,37.956,37.978
2022-09-28 02:00:00,37.977,37.994,37.977,37.993
2022-09-28 02:30:00,37.992,37.994,37.97,37.987
2022-09-28 03:00:00,37.986,37.998,37.978,37.989
2022-09-28 03:30:00,37.988,38.033,37.988,38.033
2022-09-28 04:00:00,38.033,38.067,38.022,38.064
2022-09-28 04:30:00,38.064,38.091,38.057,38.081
2022-09-28 05:00:00,38.08,38.095,38.062,38.088
2022-09-28 05:30:00,38.088,38.093,38.063,38.077
2022-09-28 06:00:00,38.076,38.078,38.037,38.05
2022-09-28 06:30:00,38.05,38.083,38.049,38.082
2022-09-28 07:00:00,38.082,38.136,38.073,38.127
2022-09-28 07:30:00,38.126,38.143,38.106,38.122
2022-09-28 08:00:00,38.121,38.133,38.113,38.128
2022-09-28 08:30:00,38.128,38.141,38.114,38.122
2022-09-28 09:00:00,38.123,38.135,38.098,38.118
2022-09-28 09:30:00,38.117,38.169,38.108,38.162
2022-09-28 10:00:00,38.16,38.337,38.16,38.29
2022-09-28 10:30:00,38.291,38.299,38.264,38.279
2022-09-28 11:00:00,38.277,38.305,38.272,38.302
2022-09-28 11:30:00,38.303,38.346,38.299,38.342
2022-09-28 12:00:00,38.34,38.457,38.339,38.431
2022-09-28 12:30:00,38.434,38.434,38.305,38.368
2022-09-28 13:00:00,38.367,38.391,38.255,38.303
2022-09-28 13:30:00,38.303,38.307,38.246,38.262
2022-09-28 14:00:00,38.261,38.376,38.26,38.37
2022-09-28 14:30:00,38.369,38.407,38.36,38.37
2022-09-28 15:00:00,38.369,38.369,38.26,38.261
2022-09-28 15:30:00,38.262,38.303,38.247,38.295
2022-09-28 16:00:00,38.296,38.302,38.223,38.23
2022-09-28 16:30:00,38.231,38.257,38.161,38.201
2022-09-28 17:00:00,38.201,38.208,38.123,38.138
2022-09-28 17:30:00,38.137,38.175,38.074,38.123
2022-09-28 18:00:00,38.124,38.127,38.052,38.058
2022-09-28 18:30:00,38.057,38.061,37.958,37.958
2022-09-28 19:00:00,37.959,37.977,37.917,37.974
2022-09-28 19:30:00,37.973,38.023,37.959,37.98
2022-09-28 20:00:00,37.976,37.981,37.869,37.891
2022-09-28 20:30:00,37.892,37.907,37.876,37.89
2022-09-28 21:00:00,37.891,37.904,37.876,37.876
2022-09-28 21:30:00,37.875,37.876,37.83,37.834
2022-09-28 22:00:00,37.834,37.849,37.807,37.824
2022-09-28 22:30:00,37.824,37.825,37.764,37.767
2022-09-28 23:00:00,37.768,37.769,37.722,37.726
2022-09-28 23:30:00,37.724,37.73,37.694,37.695
2022-09-29 00:00:00,37.673,37.736,37.671,37.713
2022-09-29 00:30:00,37.714,37.714,37.548,37.695
2022-09-29 01:00:00,37.689,37.732,37.685,37.704
2022-09-29 01:30:00,37.703,37.791,37.703,37.773
2022-09-29 02:00:00,37.772,37.874,37.769,37.857
2022-09-29 02:30:00,37.856,37.936,37.848,37.913
2022-09-29 03:00:00,37.914,38.002,37.841,38.002
2022-09-29 03:30:00,38.001,38.017,37.955,37.994
2022-09-29 04:00:00,37.994,38.005,37.882,37.9
2022-09-29 04:30:00,37.9,38.012,37.9,38.006
2022-09-29 05:00:00,38.005,38.099,38.005,38.087
2022-09-29 05:30:00,38.088,38.139,38.087,38.126
2022-09-29 06:00:00,38.126,38.136,38.095,38.112
2022-09-29 06:30:00,38.114,38.114,38.036,38.11
2022-09-29 07:00:00,38.111,38.115,38.073,38.085
2022-09-29 07:30:00,38.086,38.111,38.064,38.106
2022-09-29 08:00:00,38.105,38.143,38.103,38.106
2022-09-29 08:30:00,38.105,38.254,38.105,38.242
2022-09-29 09:00:00,38.241,38.282,38.181,38.198
2022-09-29 09:30:00,38.195,38.219,38.156,38.17
2022-09-29 10:00:00,38.17,38.264,38.153,38.264
2022-09-29 10:30:00,38.263,38.283,38.2,38.207
2022-09-29 11:00:00,38.203,38.241,38.17,38.231
2022-09-29 11:30:00,38.231,38.26,38.221,38.244
2022-09-29 12:00:00,38.244,38.247,38.133,38.162
2022-09-29 12:30:00,38.162,38.163,37.99,38.073
2022-09-29 13:00:00,38.072,38.094,38.007,38.052
2022-09-29 13:30:00,38.053,38.079,38.014,38.047
2022-09-29 14:00:00,38.047,38.104,38.036,38.038
2022-09-29 14:30:00,38.039,38.039,37.928,37.997
2022-09-29 15:00:00,37.995,38.084,37.993,38.04
2022-09-29 15:30:00,38.04,38.207,38.033,38.19
2022-09-29 16:00:00,38.189,38.199,37.998,38.004
2022-09-29 16:30:00,38.003,38.087,37.971,38.013
2022-09-29 17:00:00,38.013,38.146,38.01,38.083
2022-09-29 17:30:00,38.084,38.126,38.012,38.047
2022-09-29 18:00:00,38.049,38.054,37.95,37.98
2022-09-29 18:30:00,37.981,37.982,37.933,37.943
2022-09-29 19:00:00,37.943,37.945,37.849,37.898
2022-09-29 19:30:00,37.898,37.898,37.853,37.871
2022-09-29 20:00:00,37.869,37.883,37.868,37.879
2022-09-29 20:30:00,37.88,37.906,37.875,37.904
2022-09-29 21:00:00,37.906,37.916,37.895,37.896
2022-09-29 21:30:00,37.895,37.896,37.864,37.881
2022-09-29 22:00:00,37.881,37.902,37.874,37.876
2022-09-29 22:30:00,37.877,37.88,37.874,37.876
2022-09-29 23:00:00,37.877,37.897,37.876,37.894
2022-09-29 23:30:00,37.892,37.906,37.865,37.871
2022-09-30 00:00:00,37.835,37.89,37.835,37.88
2022-09-30 00:30:00,37.869,37.882,37.835,37.882
2022-09-30 01:00:00,37.88,37.897,37.853,37.857
2022-09-30 01:30:00,37.858,37.876,37.858,37.873
2022-09-30 02:00:00,37.873,37.879,37.872,37.879
2022-09-30 02:30:00,37.878,37.886,37.853,37.863
2022-09-30 03:00:00,37.864,37.978,37.864,37.932
2022-09-30 03:30:00,37.932,37.958,37.898,37.944
2022-09-30 04:00:00,37.944,38.018,37.917,38.01
2022-09-30 04:30:00,38.011,38.032,37.965,37.994
2022-09-30 05:00:00,37.993,38.028,37.955,37.985
2022-09-30 05:30:00,37.985,38.014,37.96,37.993
2022-09-30 06:00:00,37.992,38.018,37.98,38.0
2022-09-30 06:30:00,37.999,38.011,37.949,37.981
2022-09-30 07:00:00,37.981,37.986,37.95,37.956
2022-09-30 07:30:00,37.955,37.958,37.903,37.909
2022-09-30 08:00:00,37.91,37.921,37.851,37.853
2022-09-30 08:30:00,37.854,37.855,37.761,37.769
2022-09-30 09:00:00,37.77,37.876,37.756,37.847
2022-09-30 09:30:00,37.847,37.886,37.805,37.812
2022-09-30 10:00:00,37.81,37.819,37.772,37.807
2022-09-30 10:30:00,37.807,37.852,37.778,37.785
2022-09-30 11:00:00,37.785,37.834,37.768,37.774
2022-09-30 11:30:00,37.773,37.82,37.74,37.753
2022-09-30 12:00:00,37.752,37.771,37.653,37.722
2022-09-30 12:30:00,37.724,37.743,37.684,37.729
2022-09-30 13:00:00,37.73,37.852,37.715,37.848
2022-09-30 13:30:00,37.849,37.868,37.767,37.773
2022-09-30 14:00:00,37.773,37.836,37.766,37.801
2022-09-30 14:30:00,37.801,37.835,37.797,37.808
2022-09-30 15:00:00,37.807,37.811,37.754,37.764
2022-09-30 15:30:00,37.761,37.818,37.756,37.795
2022-09-30 16:00:00,37.794,37.826,37.793,37.821
2022-09-30 16:30:00,37.819,37.83,37.751,37.756
2022-09-30 17:00:00,37.755,37.776,37.731,37.745
2022-09-30 17:30:00,37.746,37.807,37.744,37.768
2022-09-30 18:00:00,37.767,37.768,37.715,37.733
2022-09-30 18:30:00,37.734,37.74,37.727,37.731
2022-09-30 19:00:00,37.732,37.848,37.731,37.804
2022-09-30 19:30:00,37.805,37.833,37.796,37.828
2022-09-30 20:00:00,37.827,37.829,37.822,37.826
2022-09-30 20:30:00,37.825,37.837,37.825,37.835
2022-09-30 21:00:00,37.834,37.855,37.834,37.844
2022-09-30 21:30:00,37.845,37.858,37.83,37.85
2022-09-30 22:00:00,37.848,37.855,37.819,37.85
2022-09-30 22:30:00,37.849,37.854,37.83,37.835
2022-09-30 23:00:00,37.834,37.836,37.812,37.824
2022-09-30 23:30:00,37.817,37.828,37.794,37.824
2022-10-03 00:00:00,37.817,37.817,37.816,37.816
2022-10-03 00:30:00,37.816,37.833,37.797,37.801
2022-10-03 01:00:00,37.802,37.817,37.796,37.812
2022-10-03 01:30:00,37.813,37.813,37.805,37.808
2022-10-03 02:00:00,37.809,37.834,37.807,37.825
2022-10-03 02:30:00,37.824,37.86,37.805,37.823
2022-10-03 03:00:00,37.822,37.873,37.822,37.83
2022-10-03 03:30:00,37.831,37.889,37.828,37.885
2022-10-03 04:00:00,37.886,37.89,37.83,37.831
2022-10-03 04:30:00,37.83,37.878,37.83,37.84
2022-10-03 05:00:00,37.841,37.888,37.837,37.881
2022-10-03 05:30:00,37.883,37.954,37.877,37.953
2022-10-03 06:00:00,37.952,37.994,37.952,37.993
2022-10-03 06:30:00,37.994,38.092,37.993,38.08
2022-10-03 07:00:00,38.081,38.102,38.063,38.094
2022-10-03 07:30:00,38.093,38.136,38.093,38.128
2022-10-03 08:00:00,38.127,38.129,38.068,38.076
2022-10-03 08:30:00,38.075,38.077,37.966,37.995
2022-10-03 09:00:00,37.999,38.065,37.986,38.034
2022-10-03 09:30:00,38.032,38.124,38.025,38.078
2022-10-03 10:00:00,38.077,38.092,38.003,38.047
2022-10-03 10:30:00,38.047,38.105,38.046,38.074
2022-10-03 11:00:00,38.074,38.078,38.023,38.073
2022-10-03 11:30:00,38.074,38.074,38.035,38.054
2022-10-03 12:00:00,38.054,38.093,38.053,38.093
2022-10-03 12:30:00,38.092,38.153,38.091,38.137
2022-10-03 13:00:00,38.136,38.146,38.069,38.08
2022-10-03 13:30:00,38.079,38.119,38.079,38.083
2022-10-03 14:00:00,38.085,38.11,38.068,38.094
2022-10-03 14:30:00,38.097,38.102,38.069,38.071
2022-10-03 15:00:00,38.071,38.107,38.052,38.055
2022-10-03 15:30:00,38.054,38.082,38.012,38.069
2022-10-03 16:00:00,38.067,38.07,37.949,38.013
2022-10-03 16:30:00,38.011,38.061,37.998,38.007
2022-10-03 17:00:00,38.006,38.013,37.848,37.862
2022-10-03 17:30:00,37.862,37.889,37.817,37.86
2022-10-03 18:00:00,37.859,37.865,37.799,37.844
2022-10-03 18:30:00,37.842,37.868,37.814,37.86
2022-10-03 19:00:00,37.861,37.932,37.807,37.88
2022-10-03 19:30:00,37.879,37.893,37.874,37.876
2022-10-03 20:00:00,37.875,37.876,37.825,37.848
2022-10-03 20:30:00,37.848,37.848,37.818,37.846
2022-10-03 21:00:00,37.846,37.847,37.843,37.843
2022-10-03 21:30:00,37.844,37.845,37.819,37.824
2022-10-03 22:00:00,37.824,37.833,37.815,37.817
2022-10-03 22:30:00,37.818,37.818,37.778,37.789
2022-10-03 23:00:00,37.791,37.807,37.777,37.777
2022-10-03 23:30:00,37.778,37.784,37.762,37.779
2022-10-04 00:00:00,37.775,37.775,37.753,37.767
2022-10-04 00:30:00,37.775,37.778,37.716,37.762
2022-10-04 01:00:00,37.763,37.784,37.73,37.765
2022-10-04 01:30:00,37.759,37.779,37.759,37.778
2022-10-04 02:00:00,37.779,37.78,37.776,37.778
2022-10-04 02:30:00,37.778,37.826,37.769,37.793
2022-10-04 03:00:00,37.794,37.869,37.794,37.838
2022-10-04 03:30:00,37.837,37.882,37.835,37.88
2022-10-04 04:00:00,37.881,37.882,37.862,37.877
2022-10-04 04:30:00,37.877,37.953,37.872,37.944
2022-10-04 05:00:00,37.946,37.951,37.867,37.868
2022-10-04 05:30:00,37.869,37.871,37.799,37.805
2022-10-04 06:00:00,37.806,37.811,37.72,37.773
2022-10-04 06:30:00,37.771,37.803,37.643,37.666
2022-10-04 07:00:00,37.666,37.787,37.665,37.732
2022-10-04 07:30:00,37.731,37.758,37.706,37.747
2022-10-04 08:00:00,37.748,37.751,37.706,37.75
2022-10-04 08:30:00,37.751,37.763,37.671,37.704
2022-10-04 09:00:00,37.705,37.723,37.614,37.646
2022-10-04 09:30:00,37.647,37.649,37.526,37.561
2022-10-04 10:00:00,37.562,37.57,37.51,37.525
2022-10-04 10:30:00,37.526,37.592,37.515,37.57
2022-10-04 11:00:00,37.571,37.577,37.552,37.574
2022-10-04 11:30:00,37.574,37.578,37.523,37.527
2022-10-04 12:00:00,37.528,37.605,37.526,37.564
2022-10-04 12:30:00,37.563,37.575,37.535,37.544
2022-10-04 13:00:00,37.543,37.566,37.523,37.534
2022-10-04 13:30:00,37.535,37.536,37.503,37.536
2022-10-04 14:00:00,37.535,37.626,37.521,37.607
2022-10-04 14:30:00,37.606,37.606,37.523,37.564
2022-10-04 15:00:00,37.565,37.601,37.531,37.532
2022-10-04 15:30:00,37.536,37.558,37.525,37.529
2022-10-04 16:00:00,37.528,37.56,37.516,37.527
2022-10-04 16:30:00,37.528,37.542,37.512,37.524
2022-10-04 17:00:00,37.521,37.531,37.487,37.504
2022-10-04 17:30:00,37.506,37.507,37.448,37.451
2022-10-04 18:00:00,37.45,37.45,37.389,37.391
2022-10-04 18:30:00,37.389,37.447,37.38,37.428
2022-10-04 19:00:00,37.427,37.441,37.406,37.413
2022-10-04 19:30:00,37.412,37.444,37.408,37.437
2022-10-04 20:00:00,37.439,37.503,37.438,37.485
2022-10-04 20:30:00,37.484,37.484,37.426,37.445
2022-10-04 21:00:00,37.445,37.445,37.436,37.436
2022-10-04 21:30:00,37.436,37.438,37.41,37.413
2022-10-04 22:00:00,37.411,37.466,37.41,37.44
2022-10-04 22:30:00,37.441,37.458,37.436,37.443
2022-10-04 23:00:00,37.442,37.447,37.437,37.439
2022-10-04 23:30:00,37.44,37.451,37.425,37.433
2022-10-05 00:00:00,37.413,37.423,37.381,37.381
2022-10-05 00:30:00,37.413,37.422,37.355,37.355
2022-10-05 01:00:00,37.373,37.424,37.373,37.411
2022-10-05 01:30:00,37.412,37.417,37.407,37.411
2022-10-05 02:00:00,37.408,37.413,37.392,37.395
2022-10-05 02:30:00,37.397,37.422,37.394,37.416
2022-10-05 03:00:00,37.417,37.437,37.387,37.429
2022-10-05 03:30:00,37.429,37.515,37.429,37.51
2022-10-05 04:00:00,37.51,37.541,37.473,37.474
2022-10-05 04:30:00,37.475,37.538,37.457,37.512
2022-10-05 05:00:00,37.511,37.524,37.433,37.445
2022-10-05 05:30:00,37.444,37.505,37.434,37.502
2022-10-05 06:00:00,37.501,37.539,37.467,37.513
2022-10-05 06:30:00,37.512,37.522,37.428,37.429
2022-10-05 07:00:00,37.429,37.458,37.423,37.432
2022-10-05 07:30:00,37.431,37.455,37.419,37.424
2022-10-05 08:00:00,37.424,37.424,37.251,37.282
2022-10-05 08:30:00,37.281,37.309,37.264,37.292
2022-10-05 09:00:00,37.292,37.304,37.187,37.187
2022-10-05 09:30:00,37.184,37.302,37.166,37.261
2022-10-05 10:00:00,37.26,37.352,37.24,37.311
2022-10-05 10:30:00,37.31,37.375,37.308,37.373
2022-10-05 11:00:00,37.371,37.403,37.329,37.386
2022-10-05 11:30:00,37.386,37.386,37.336,37.352
2022-10-05 12:00:00,37.349,37.382,37.342,37.373
2022-10-05 12:30:00,37.373,37.427,37.369,37.414
2022-10-05 13:00:00,37.413,37.436,37.397,37.399
2022-10-05 13:30:00,37.398,37.4,37.367,37.376
2022-10-05 14:00:00,37.375,37.396,37.369,37.39
2022-10-05 14:30:00,37.389,37.493,37.374,37.471
2022-10-05 15:00:00,37.471,37.501,37.385,37.453
2022-10-05 15:30:00,37.453,37.478,37.433,37.442
2022-10-05 16:00:00,37.441,37.507,37.44,37.504
2022-10-05 16:30:00,37.503,37.512,37.472,37.491
2022-10-05 17:00:00,37.492,37.594,37.492,37.58
2022-10-05 17:30:00,37.58,37.593,37.525,37.543
2022-10-05 18:00:00,37.542,37.545,37.483,37.523
2022-10-05 18:30:00,37.522,37.525,37.47,37.498
2022-10-05 19:00:00,37.498,37.539,37.482,37.51
2022-10-05 19:30:00,37.51,37.521,37.494,37.516
2022-10-05 20:00:00,37.517,37.521,37.419,37.453
2022-10-05 20:30:00,37.453,37.455,37.449,37.455
2022-10-05 21:00:00,37.456,37.462,37.454,37.455
2022-10-05 21:30:00,37.455,37.457,37.424,37.43
2022-10-05 22:00:00,37.431,37.435,37.419,37.432
2022-10-05 22:30:00,37.432,37.462,37.417,37.456
2022-10-05 23:00:00,37.457,37.457,37.439,37.45
2022-10-05 23:30:00,37.449,37.458,37.44,37.451
2022-10-06 00:00:00,37.44,37.456,37.363,37.363
2022-10-06 00:30:00,37.363,37.384,37.332,37.364
2022-10-06 01:00:00,37.372,37.401,37.367,37.37
2022-10-06 01:30:00,37.369,37.407,37.369,37.397
2022-10-06 02:00:00,37.395,37.42,37.387,37.415
2022-10-06 02:30:00,37.414,37.461,37.414,37.426
2022-10-06 03:00:00,37.427,37.427,37.296,37.322
2022-10-06 03:30:00,37.323,37.426,37.316,37.383
2022-10-06 04:00:00,37.384,37.428,37.371,37.425
2022-10-06 04:30:00,37.426,37.458,37.371,37.393
2022-10-06 05:00:00,37.393,37.395,37.347,37.361
2022-10-06 05:30:00,37.363,37.371,37.283,37.308
2022-10-06 06:00:00,37.306,37.326,37.194,37.201
2022-10-06 06:30:00,37.2,37.254,37.199,37.241
2022-10-06 07:00:00,37.241,37.267,37.204,37.218
2022-10-06 07:30:00,37.217,37.227,37.181,37.181
2022-10-06 08:00:00,37.181,37.214,37.171,37.179
2022-10-06 08:30:00,37.18,37.185,37.123,37.151
2022-10-06 09:00:00,37.15,37.242,37.15,37.231
2022-10-06 09:30:00,37.232,37.248,37.188,37.247
2022-10-06 10:00:00,37.245,37.289,37.234,37.245
2022-10-06 10:30:00,37.246,37.263,37.224,37.238
2022-10-06 11:00:00,37.239,37.336,37.237,37.328
2022-10-06 11:30:00,37.331,37.338,37.285,37.295
2022-10-06 12:00:00,37.295,37.312,37.254,37.276
2022-10-06 12:30:00,37.276,37.349,37.231,37.338
2022-10-06 13:00:00,37.337,37.366,37.311,37.353
2022-10-06 13:30:00,37.354,37.355,37.309,37.327
2022-10-06 14:00:00,37.328,37.366,37.318,37.357
2022-10-06 14:30:00,37.358,37.392,37.323,37.357
2022-10-06 15:00:00,37.356,37.369,37.313,37.337
2022-10-06 15:30:00,37.338,37.338,37.25,37.295
2022-10-06 16:00:00,37.296,37.365,37.294,37.35
2022-10-06 16:30:00,37.349,37.412,37.313,37.376
2022-10-06 17:00:00,37.376,37.398,37.366,37.394
2022-10-06 17:30:00,37.395,37.4,37.342,37.35
2022-10-06 18:00:00,37.344,37.354,37.319,37.329
2022-10-06 18:30:00,37.329,37.388,37.329,37.387
2022-10-06 19:00:00,37.387,37.471,37.386,37.419
2022-10-06 19:30:00,37.42,37.426,37.364,37.414
2022-10-06 20:00:00,37.412,37.415,37.389,37.403
2022-10-06 20:30:00,37.403,37.405,37.371,37.385
2022-10-06 21:00:00,37.386,37.398,37.386,37.393
2022-10-06 21:30:00,37.392,37.452,37.388,37.432
2022-10-06 22:00:00,37.433,37.433,37.424,37.425
2022-10-06 22:30:00,37.425,37.426,37.395,37.396
2022-10-06 23:00:00,37.397,37.398,37.365,37.366
2022-10-06 23:30:00,37.367,37.384,37.358,37.36
2022-10-07 00:00:00,37.307,37.345,37.264,37.326
2022-10-07 00:30:00,37.325,37.385,37.213,37.285
2022-10-07 01:00:00,37.29,37.348,37.29,37.348
2022-10-07 01:30:00,37.345,37.348,37.345,37.347
2022-10-07 02:00:00,37.345,37.346,37.325,37.338
2022-10-07 02:30:00,37.343,37.414,37.322,37.334
2022-10-07 03:00:00,37.332,37.422,37.33,37.419
2022-10-07 03:30:00,37.418,37.49,37.414,37.465
2022-10-07 04:00:00,37.464,37.481,37.432,37.438
2022-10-07 04:30:00,37.439,37.465,37.406,37.436
2022-10-07 05:00:00,37.437,37.445,37.385,37.394
2022-10-07 05:30:00,37.396,37.401,37.343,37.361
2022-10-07 06:00:00,37.36,37.428,37.347,37.409
2022-10-07 06:30:00,37.41,37.426,37.39,37.417
2022-10-07 07:00:00,37.418,37.425,37.405,37.41
2022-10-07 07:30:00,37.409,37.467,37.404,37.456
2022-10-07 08:00:00,37.454,37.456,37.428,37.433
2022-10-07 08:30:00,37.432,37.438,37.404,37.405
2022-10-07 09:00:00,37.404,37.488,37.397,37.488
2022-10-07 09:30:00,37.487,37.511,37.466,37.478
2022-10-07 10:00:00,37.472,37.501,37.442,37.457
2022-10-07 10:30:00,37.456,37.463,37.444,37.452
2022-10-07 11:00:00,37.449,37.456,37.338,37.348
2022-10-07 11:30:00,37.347,37.392,37.321,37.383
2022-10-07 12:00:00,37.384,37.417,37.37,37.403
2022-10-07 12:30:00,37.404,37.411,37.38,37.394
2022-10-07 13:00:00,37.394,37.401,37.373,37.392
2022-10-07 13:30:00,37.391,37.401,37.368,37.37
2022-10-07 14:00:00,37.371,37.383,37.355,37.382
2022-10-07 14:30:00,37.381,37.397,37.362,37.365
2022-10-07 15:00:00,37.366,37.376,37.338,37.338
2022-10-07 15:30:00,37.324,37.573,37.319,37.51
2022-10-07 16:00:00,37.511,37.518,37.444,37.488
2022-10-07 16:30:00,37.489,37.565,37.477,37.536
2022-10-07 17:00:00,37.537,37.614,37.534,37.59
2022-10-07 17:30:00,37.591,37.634,37.552,37.559
2022-10-07 18:00:00,37.559,37.564,37.519,37.554
2022-10-07 18:30:00,37.554,37.562,37.538,37.554
2022-10-07 19:00:00,37.553,37.608,37.553,37.577
2022-10-07 19:30:00,37.578,37.631,37.577,37.607
2022-10-07 20:00:00,37.607,37.631,37.598,37.599
2022-10-07 20:30:00,37.598,37.623,37.598,37.621
2022-10-07 21:00:00,37.622,37.632,37.606,37.613
2022-10-07 21:30:00,37.612,37.643,37.586,37.622
2022-10-07 22:00:00,37.623,37.628,37.622,37.626
2022-10-07 22:30:00,37.624,37.638,37.553,37.585
2022-10-07 23:00:00,37.586,37.588,37.561,37.571
2022-10-07 23:30:00,37.568,37.594,37.56,37.588
2022-10-10 00:00:00,37.07,37.514,37.07,37.503
2022-10-10 00:30:00,37.502,37.508,37.465,37.486
2022-10-10 01:00:00,37.492,37.572,37.492,37.553
2022-10-10 01:30:00,37.553,37.586,37.549,37.581
2022-10-10 02:00:00,37.582,37.586,37.578,37.584
2022-10-10 02:30:00,37.586,37.601,37.573,37.583
2022-10-10 03:00:00,37.582,37.697,37.577,37.69
2022-10-10 03:30:00,37.692,37.779,37.686,37.698
2022-10-10 04:00:00,37.699,37.747,37.667,37.728
2022-10-10 04:30:00,37.727,37.733,37.653,37.688
2022-10-10 05:00:00,37.689,37.729,37.689,37.71
2022-10-10 05:30:00,37.71,37.722,37.702,37.707
2022-10-10 06:00:00,37.707,37.739,37.703,37.731
2022-10-10 06:30:00,37.73,37.764,37.73,37.746
2022-10-10 07:00:00,37.747,37.763,37.725,37.754
2022-10-10 07:30:00,37.754,37.754,37.726,37.73
2022-10-10 08:00:00,37.731,37.745,37.727,37.745
2022-10-10 08:30:00,37.744,37.801,37.744,37.793
2022-10-10 09:00:00,37.792,37.813,37.764,37.813
2022-10-10 09:30:00,37.812,37.904,37.811,37.88
2022-10-10 10:00:00,37.88,37.88,37.848,37.879
2022-10-10 10:30:00,37.88,37.923,37.848,37.895
2022-10-10 11:00:00,37.895,37.931,37.876,37.922
2022-10-10 11:30:00,37.921,37.947,37.901,37.936
2022-10-10 12:00:00,37.935,37.935,37.878,37.914
2022-10-10 12:30:00,37.914,37.949,37.889,37.904
2022-10-10 13:00:00,37.903,37.926,37.895,37.911
2022-10-10 13:30:00,37.912,37.932,37.91,37.925
2022-10-10 14:00:00,37.924,37.936,37.917,37.926
2022-10-10 14:30:00,37.927,37.97,37.925,37.946
2022-10-10 15:00:00,37.945,37.965,37.934,37.939
2022-10-10 15:30:00,37.94,37.94,37.866,37.866
2022-10-10 16:00:00,37.867,37.898,37.86,37.896
2022-10-10 16:30:00,37.897,37.946,37.89,37.93
2022-10-10 17:00:00,37.932,37.938,37.917,37.927
2022-10-10 17:30:00,37.926,38.001,37.873,37.987
2022-10-10 18:00:00,37.986,37.996,37.96,37.988
2022-10-10 18:30:00,37.986,37.989,37.97,37.978
2022-10-10 19:00:00,37.977,37.99,37.973,37.989
2022-10-10 19:30:00,37.989,38.009,37.983,37.991
2022-10-10 20:00:00,37.992,37.998,37.981,37.995
2022-10-10 20:30:00,37.994,37.997,37.957,37.97
2022-10-10 21:00:00,37.968,37.981,37.966,37.979
2022-10-10 21:30:00,37.982,37.985,37.968,37.982
2022-10-10 22:00:00,37.981,37.983,37.969,37.98
2022-10-10 22:30:00,37.98,37.981,37.975,37.98
2022-10-10 23:00:00,37.98,37.982,37.954,37.964
2022-10-10 23:30:00,37.964,37.965,37.942,37.953
2022-10-11 00:00:00,37.855,37.953,37.855,37.948
2022-10-11 00:30:00,37.949,37.949,37.935,37.94
2022-10-11 01:00:00,37.941,37.961,37.941,37.959
2022-10-11 01:30:00,37.957,37.963,37.954,37.961
2022-10-11 02:00:00,37.962,37.969,37.96,37.965
2022-10-11 02:30:00,37.966,38.009,37.963,37.994
2022-10-11 03:00:00,37.989,38.033,37.989,37.994
2022-10-11 03:30:00,37.995,38.006,37.972,37.979
2022-10-11 04:00:00,37.973,37.979,37.93,37.963
2022-10-11 04:30:00,37.962,38.105,37.961,38.09
2022-10-11 05:00:00,38.091,38.151,38.077,38.143
2022-10-11 05:30:00,38.144,38.157,38.123,38.141
2022-10-11 06:00:00,38.139,38.141,38.103,38.109
2022-10-11 06:30:00,38.109,38.164,38.094,38.157
2022-10-11 07:00:00,38.157,38.191,38.143,38.186
2022-10-11 07:30:00,38.187,38.191,38.169,38.184
2022-10-11 08:00:00,38.182,38.186,38.15,38.176
2022-10-11 08:30:00,38.176,38.19,38.149,38.151
2022-10-11 09:00:00,38.15,38.18,38.134,38.164
2022-10-11 09:30:00,38.165,38.18,38.134,38.173
2022-10-11 10:00:00,38.172,38.173,38.093,38.108
2022-10-11 10:30:00,38.107,38.162,38.063,38.137
2022-10-11 11:00:00,38.137,38.182,38.074,38.178
2022-10-11 11:30:00,38.177,38.213,38.156,38.195
2022-10-11 12:00:00,38.196,38.204,38.139,38.163
2022-10-11 12:30:00,38.164,38.19,38.154,38.161
2022-10-11 13:00:00,38.161,38.179,38.149,38.158
2022-10-11 13:30:00,38.159,38.168,38.095,38.096
2022-10-11 14:00:00,38.097,38.103,38.063,38.066
2022-10-11 14:30:00,38.069,38.078,38.059,38.07
2022-10-11 15:00:00,38.069,38.083,38.047,38.059
2022-10-11 15:30:00,38.06,38.132,38.058,38.117
2022-10-11 16:00:00,38.122,38.14,38.116,38.139
2022-10-11 16:30:00,38.138,38.153,38.1,38.129
2022-10-11 17:00:00,38.13,38.152,38.074,38.107
2022-10-11 17:30:00,38.107,38.144,38.086,38.129
2022-10-11 18:00:00,38.129,38.164,38.098,38.136
2022-10-11 18:30:00,38.137,38.141,38.011,38.012
2022-10-11 19:00:00,38.011,38.056,38.011,38.016
2022-10-11 19:30:00,38.014,38.014,37.979,37.995
2022-10-11 20:00:00,37.991,38.014,37.989,38.003
2022-10-11 20:30:00,38.002,38.006,37.994,38.001
2022-10-11 21:00:00,38.001,38.013,38.0,38.01
2022-10-11 21:30:00,38.009,38.07,38.001,38.07
2022-10-11 22:00:00,38.07,38.177,38.07,38.165
2022-10-11 22:30:00,38.165,38.168,38.157,38.158
2022-10-11 23:00:00,38.159,38.16,38.152,38.157
2022-10-11 23:30:00,38.154,38.154,38.067,38.088
2022-10-12 00:00:00,37.94,38.068,37.91,38.065
2022-10-12 00:30:00,38.066,38.066,38.034,38.046
2022-10-12 01:00:00,38.036,38.059,38.014,38.032
2022-10-12 01:30:00,38.034,38.069,38.031,38.057
2022-10-12 02:00:00,38.056,38.106,38.05,38.092
2022-10-12 02:30:00,38.093,38.116,38.072,38.074
2022-10-12 03:00:00,38.075,38.154,38.075,38.126
2022-10-12 03:30:00,38.124,38.143,38.082,38.1
2022-10-12 04:00:00,38.102,38.14,38.077,38.128
2022-10-12 04:30:00,38.126,38.245,38.126,38.229
2022-10-12 05:00:00,38.229,38.28,38.175,38.262
2022-10-12 05:30:00,38.262,38.273,38.211,38.213
2022-10-12 06:00:00,38.212,38.248,38.188,38.188
2022-10-12 06:30:00,38.187,38.232,38.185,38.226
2022-10-12 07:00:00,38.225,38.225,38.15,38.168
2022-10-12 07:30:00,38.168,38.171,38.127,38.134
2022-10-12 08:00:00,38.134,38.203,38.122,38.192
2022-10-12 08:30:00,38.193,38.194,38.127,38.128
2022-10-12 09:00:00,38.128,38.151,38.064,38.068
2022-10-12 09:30:00,38.068,38.084,38.02,38.065
2022-10-12 10:00:00,38.066,38.101,38.034,38.085
2022-10-12 10:30:00,38.086,38.107,38.037,38.061
2022-10-12 11:00:00,38.06,38.067,37.914,37.94
2022-10-12 11:30:00,37.941,38.009,37.934,38.004
2022-10-12 12:00:00,38.003,38.077,37.988,38.039
2022-10-12 12:30:00,38.038,38.117,38.02,38.079
2022-10-12 13:00:00,38.08,38.1,38.036,38.095
2022-10-12 13:30:00,38.096,38.11,38.013,38.015
2022-10-12 14:00:00,38.015,38.017,37.992,38.002
2022-10-12 14:30:00,38.003,38.056,38.0,38.028
2022-10-12 15:00:00,38.027,38.031,38.003,38.005
2022-10-12 15:30:00,38.006,38.08,37.998,38.02
2022-10-12 16:00:00,38.02,38.057,38.015,38.022
2022-10-12 16:30:00,38.019,38.05,37.986,38.007
2022-10-12 17:00:00,38.005,38.026,37.989,38.003
2022-10-12 17:30:00,38.006,38.043,37.959,38.027
2022-10-12 18:00:00,38.025,38.034,37.985,37.99
2022-10-12 18:30:00,37.99,38.005,37.964,37.97
2022-10-12 19:00:00,37.969,37.974,37.928,37.935
2022-10-12 19:30:00,37.935,37.962,37.928,37.962
2022-10-12 20:00:00,37.962,37.963,37.926,37.937
2022-10-12 20:30:00,37.936,37.948,37.933,37.939
2022-10-12 21:00:00,37.942,37.945,37.9,37.919
2022-10-12 21:30:00,37.919,37.923,37.909,37.919
2022-10-12 22:00:00,37.92,37.925,37.917,37.922
2022-10-12 22:30:00,37.92,37.92,37.889,37.89
2022-10-12 23:00:00,37.89,37.895,37.887,37.89
2022-10-12 23:30:00,37.891,37.9,37.863,37.881
2022-10-13 00:00:00,37.82,37.896,37.82,37.888
2022-10-13 00:30:00,37.876,37.903,37.876,37.899
2022-10-13 01:00:00,37.902,37.914,37.893,37.909
2022-10-13 01:30:00,37.907,37.909,37.903,37.904
2022-10-13 02:00:00,37.91,37.934,37.905,37.908
2022-10-13 02:30:00,37.904,37.904,37.897,37.898
2022-10-13 03:00:00,37.904,37.906,37.892,37.893
2022-10-13 03:30:00,37.894,37.894,37.792,37.795
2022-10-13 04:00:00,37.796,37.882,37.793,37.882
2022-10-13 04:30:00,37.882,37.915,37.882,37.911
2022-10-13 05:00:00,37.913,37.939,37.91,37.919
2022-10-13 05:30:00,37.919,37.921,37.875,37.879
2022-10-13 06:00:00,37.878,37.886,37.849,37.851
2022-10-13 06:30:00,37.85,37.873,37.85,37.872
2022-10-13 07:00:00,37.872,37.897,37.871,37.891
2022-10-13 07:30:00,37.892,37.907,37.863,37.863
2022-10-13 08:00:00,37.864,37.887,37.863,37.882
2022-10-13 08:30:00,37.886,37.898,37.881,37.896
2022-10-13 09:00:00,37.893,37.91,37.877,37.894
2022-10-13 09:30:00,37.895,37.905,37.868,37.905
2022-10-13 10:00:00,37.904,37.945,37.899,37.936
2022-10-13 10:30:00,37.937,37.982,37.929,37.935
2022-10-13 11:00:00,37.935,37.944,37.922,37.924
2022-10-13 11:30:00,37.924,37.924,37.885,37.889
2022-10-13 12:00:00,37.89,37.892,37.821,37.822
2022-10-13 12:30:00,37.823,37.891,37.82,37.879
2022-10-13 13:00:00,37.877,37.896,37.854,37.858
2022-10-13 13:30:00,37.858,37.883,37.849,37.855
2022-10-13 14:00:00,37.854,37.864,37.795,37.799
2022-10-13 14:30:00,37.8,37.803,37.759,37.79
2022-10-13 15:00:00,37.792,37.837,37.691,37.691
2022-10-13 15:30:00,37.729,38.265,37.685,38.162
2022-10-13 16:00:00,38.166,38.276,38.161,38.257
2022-10-13 16:30:00,38.256,38.278,38.178,38.229
2022-10-13 17:00:00,38.227,38.268,38.2,38.247
2022-10-13 17:30:00,38.248,38.252,38.105,38.207
2022-10-13 18:00:00,38.205,38.221,37.927,38.094
2022-10-13 18:30:00,38.093,38.095,37.823,37.994
2022-10-13 19:00:00,37.995,38.035,37.966,38.02
2022-10-13 19:30:00,38.019,38.05,38.018,38.035
2022-10-13 20:00:00,38.035,38.043,37.971,37.971
2022-10-13 20:30:00,37.971,37.996,37.932,37.932
2022-10-13 21:00:00,37.943,38.009,37.937,37.985
2022-10-13 21:30:00,37.985,37.986,37.927,37.936
2022-10-13 22:00:00,37.935,38.017,37.935,38.014
2022-10-13 22:30:00,38.011,38.081,37.944,38.008
2022-10-13 23:00:00,38.007,38.064,38.001,38.063
2022-10-13 23:30:00,38.062,38.086,37.841,37.874
2022-10-14 00:00:00,37.44,37.877,37.41,37.877
2022-10-14 00:30:00,37.818,37.818,37.664,37.667
2022-10-14 01:00:00,37.776,37.876,37.66,37.79
2022-10-14 01:30:00,37.86,37.987,37.86,37.983
2022-10-14 02:00:00,37.965,37.988,37.958,37.973
2022-10-14 02:30:00,37.967,38.005,37.952,37.965
2022-10-14 03:00:00,37.963,38.174,37.962,38.171
2022-10-14 03:30:00,38.166,38.166,38.031,38.092
2022-10-14 04:00:00,38.097,38.182,38.082,38.161
2022-10-14 04:30:00,38.161,38.186,37.988,38.028
2022-10-14 05:00:00,38.028,38.086,38.027,38.066
2022-10-14 05:30:00,38.065,38.079,38.048,38.053
2022-10-14 06:00:00,38.054,38.063,38.048,38.051
2022-10-14 06:30:00,38.05,38.073,38.025,38.068
2022-10-14 07:00:00,38.069,38.095,38.03,38.093
2022-10-14 07:30:00,38.093,38.095,38.032,38.086
2022-10-14 08:00:00,38.088,38.11,38.038,38.089
2022-10-14 08:30:00,38.09,38.092,38.053,38.083
2022-10-14 09:00:00,38.084,38.086,38.011,38.019
2022-10-14 09:30:00,38.018,38.056,37.99,38.045
2022-10-14 10:00:00,38.045,38.15,38.04,38.11
2022-10-14 10:30:00,38.111,38.135,38.058,38.059
2022-10-14 11:00:00,38.059,38.164,38.05,38.162
2022-10-14 11:30:00,38.161,38.205,38.152,38.199
2022-10-14 12:00:00,38.2,38.281,38.2,38.278
2022-10-14 12:30:00,38.278,38.284,38.234,38.241
2022-10-14 13:00:00,38.241,38.252,37.937,38.092
2022-10-14 13:30:00,38.092,38.206,38.083,38.205
2022-10-14 14:00:00,38.205,38.221,38.094,38.152
2022-10-14 14:30:00,38.15,38.245,38.132,38.245
2022-10-14 15:00:00,38.245,38.252,38.069,38.072
2022-10-14 15:30:00,38.074,38.164,37.82,37.994
2022-10-14 16:00:00,37.994,38.156,37.994,38.149
2022-10-14 16:30:00,38.15,38.169,38.037,38.041
2022-10-14 17:00:00,38.04,38.275,38.039,38.22
2022-10-14 17:30:00,38.219,38.269,38.2,38.237
2022-10-14 18:00:00,38.236,38.288,38.219,38.269
2022-10-14 18:30:00,38.27,38.289,38.254,38.288
2022-10-14 19:00:00,38.285,38.298,38.264,38.289
2022-10-14 19:30:00,38.289,38.294,38.283,38.293
2022-10-14 20:00:00,38.292,38.298,38.287,38.295
2022-10-14 20:30:00,38.294,38.294,38.289,38.293
2022-10-14 21:00:00,38.293,38.297,38.292,38.297
2022-10-14 21:30:00,38.293,38.305,38.289,38.301
2022-10-14 22:00:00,38.295,38.306,38.294,38.303
2022-10-14 22:30:00,38.302,38.313,38.301,38.309
2022-10-14 23:00:00,38.308,38.309,38.23,38.279
2022-10-14 23:30:00,38.278,38.314,38.277,38.313
2022-10-17 00:00:00,38.225,38.271,38.216,38.261
2022-10-17 00:30:00,38.211,38.263,38.211,38.213
2022-10-17 01:00:00,38.156,38.294,38.156,38.284
2022-10-17 01:30:00,38.282,38.291,38.28,38.288
2022-10-17 02:00:00,38.288,38.297,38.286,38.295
2022-10-17 02:30:00,38.296,38.296,38.262,38.288
2022-10-17 03:00:00,38.288,38.29,38.264,38.265
2022-10-17 03:30:00,38.265,38.265,38.164,38.225
2022-10-17 04:00:00,38.225,38.24,38.094,38.14
2022-10-17 04:30:00,38.141,38.152,38.087,38.126
2022-10-17 05:00:00,38.126,38.15,38.063,38.102
2022-10-17 05:30:00,38.103,38.194,38.103,38.164
2022-10-17 06:00:00,38.165,38.178,38.133,38.136
2022-10-17 06:30:00,38.137,38.181,38.137,38.18
2022-10-17 07:00:00,38.181,38.235,38.179,38.221
2022-10-17 07:30:00,38.22,38.222,38.198,38.209
2022-10-17 08:00:00,38.21,38.217,38.167,38.172
2022-10-17 08:30:00,38.171,38.18,38.143,38.147
2022-10-17 09:00:00,38.146,38.191,38.143,38.181
2022-10-17 09:30:00,38.18,38.22,38.172,38.207
2022-10-17 10:00:00,38.206,38.241,38.17,38.213
2022-10-17 10:30:00,38.214,38.217,38.178,38.191
2022-10-17 11:00:00,38.189,38.243,38.169,38.242
2022-10-17 11:30:00,38.242,38.243,38.206,38.228
2022-10-17 12:00:00,38.227,38.233,38.189,38.222
2022-10-17 12:30:00,38.221,38.244,38.209,38.232
2022-10-17 13:00:00,38.232,38.256,38.189,38.231
2022-10-17 13:30:00,38.231,38.244,38.213,38.218
2022-10-17 14:00:00,38.217,38.228,38.198,38.216
2022-10-17 14:30:00,38.216,38.223,38.166,38.166
2022-10-17 15:00:00,38.167,38.178,38.123,38.136
2022-10-17 15:30:00,38.137,38.151,38.08,38.084
2022-10-17 16:00:00,38.083,38.134,38.08,38.108
2022-10-17 16:30:00,38.107,38.114,38.052,38.101
2022-10-17 17:00:00,38.101,38.117,37.999,38.011
2022-10-17 17:30:00,38.012,38.042,37.999,38.03
2022-10-17 18:00:00,38.029,38.075,38.003,38.039
2022-10-17 18:30:00,38.038,38.042,37.998,38.002
2022-10-17 19:00:00,38.009,38.02,37.979,37.992
2022-10-17 19:30:00,37.993,38.006,37.989,38.0
2022-10-17 20:00:00,38.001,38.003,37.988,37.988
2022-10-17 20:30:00,37.989,38.073,37.987,38.062
2022-10-17 21:00:00,38.061,38.065,38.058,38.062
2022-10-17 21:30:00,38.063,38.066,38.037,38.041
2022-10-17 22:00:00,38.042,38.097,38.041,38.06
2022-10-17 22:30:00,38.062,38.066,38.06,38.064
2022-10-17 23:00:00,38.065,38.081,38.062,38.08
2022-10-17 23:30:00,38.079,38.096,38.07,38.081
2022-10-18 00:00:00,38.057,38.087,37.992,38.04
2022-10-18 00:30:00,38.056,38.067,38.014,38.062
2022-10-18 01:00:00,38.063,38.065,38.032,38.041
2022-10-18 01:30:00,38.037,38.041,38.037,38.04
2022-10-18 02:00:00,38.041,38.042,38.032,38.04
2022-10-18 02:30:00,38.042,38.086,38.032,38.081
2022-10-18 03:00:00,38.082,38.083,38.03,38.05
2022-10-18 03:30:00,38.05,38.061,38.012,38.028
2022-10-18 04:00:00,38.027,38.096,38.026,38.057
2022-10-18 04:30:00,38.056,38.085,38.043,38.08
2022-10-18 05:00:00,38.08,38.17,38.08,38.17
2022-10-18 05:30:00,38.169,38.169,38.132,38.148
2022-10-18 06:00:00,38.149,38.16,38.128,38.14
2022-10-18 06:30:00,38.14,38.145,38.067,38.079
2022-10-18 07:00:00,38.079,38.079,38.009,38.011
2022-10-18 07:30:00,38.011,38.018,37.923,37.964
2022-10-18 08:00:00,37.967,37.976,37.936,37.953
2022-10-18 08:30:00,37.952,37.976,37.937,37.964
2022-10-18 09:00:00,37.963,38.006,37.957,37.983
2022-10-18 09:30:00,37.984,38.006,37.965,37.984
2022-10-18 10:00:00,37.983,38.123,37.965,38.073
2022-10-18 10:30:00,38.072,38.107,38.041,38.041
2022-10-18 11:00:00,38.038,38.093,38.034,38.078
2022-10-18 11:30:00,38.077,38.095,38.06,38.094
2022-10-18 12:00:00,38.095,38.108,38.033,38.053
2022-10-18 12:30:00,38.052,38.091,38.038,38.083
2022-10-18 13:00:00,38.082,38.116,38.07,38.116
2022-10-18 13:30:00,38.115,38.118,38.09,38.113
2022-10-18 14:00:00,38.113,38.113,38.035,38.036
2022-10-18 14:30:00,38.035,38.072,38.021,38.056
2022-10-18 15:00:00,38.058,38.071,38.037,38.04
2022-10-18 15:30:00,38.038,38.046,38.023,38.028
2022-10-18 16:00:00,38.028,38.063,38.026,38.056
2022-10-18 16:30:00,38.057,38.105,38.046,38.061
2022-10-18 17:00:00,38.06,38.062,38.028,38.06
2022-10-18 17:30:00,38.059,38.094,38.034,38.056
2022-10-18 18:00:00,38.055,38.101,38.048,38.095
2022-10-18 18:30:00,38.094,38.125,38.091,38.099
2022-10-18 19:00:00,38.1,38.121,38.095,38.111
2022-10-18 19:30:00,38.112,38.112,38.082,38.084
2022-10-18 20:00:00,38.083,38.096,38.082,38.091
2022-10-18 20:30:00,38.09,38.094,38.084,38.085
2022-10-18 21:00:00,38.084,38.088,38.08,38.085
2022-10-18 21:30:00,38.086,38.096,38.085,38.087
2022-10-18 22:00:00,38.087,38.122,38.087,38.122
2022-10-18 22:30:00,38.123,38.127,38.103,38.116
2022-10-18 23:00:00,38.116,38.117,38.114,38.114
2022-10-18 23:30:00,38.116,38.135,38.07,38.073
2022-10-19 00:00:00,37.995,38.086,37.99,38.05
2022-10-19 00:30:00,38.075,38.078,38.035,38.055
2022-10-19 01:00:00,38.06,38.078,38.054,38.06
2022-10-19 01:30:00,38.058,38.07,38.05,38.054
2022-10-19 02:00:00,38.053,38.081,38.052,38.079
2022-10-19 02:30:00,38.08,38.105,38.063,38.105
2022-10-19 03:00:00,38.105,38.11,38.082,38.084
2022-10-19 03:30:00,38.084,38.084,38.031,38.033
2022-10-19 04:00:00,38.032,38.064,38.02,38.062
2022-10-19 04:30:00,38.062,38.062,37.954,37.987
2022-10-19 05:00:00,37.988,38.005,37.968,37.979
2022-10-19 05:30:00,37.98,38.054,37.979,38.047
2022-10-19 06:00:00,38.047,38.068,38.024,38.039
2022-10-19 06:30:00,38.039,38.058,38.032,38.044
2022-10-19 07:00:00,38.044,38.057,38.038,38.057
2022-10-19 07:30:00,38.058,38.081,38.056,38.057
2022-10-19 08:00:00,38.055,38.097,38.055,38.097
2022-10-19 08:30:00,38.095,38.095,38.074,38.083
2022-10-19 09:00:00,38.082,38.175,38.081,38.159
2022-10-19 09:30:00,38.159,38.193,38.134,38.173
2022-10-19 10:00:00,38.174,38.207,38.162,38.193
2022-10-19 10:30:00,38.192,38.198,38.163,38.166
2022-10-19 11:00:00,38.167,38.206,38.161,38.202
2022-10-19 11:30:00,38.205,38.223,38.164,38.187
2022-10-19 12:00:00,38.186,38.244,38.183,38.241
2022-10-19 12:30:00,38.241,38.241,38.196,38.198
2022-10-19 13:00:00,38.199,38.242,38.187,38.241
2022-10-19 13:30:00,38.242,38.272,38.228,38.265
2022-10-19 14:00:00,38.265,38.312,38.255,38.307
2022-10-19 14:30:00,38.307,38.316,38.281,38.282
2022-10-19 15:00:00,38.283,38.336,38.283,38.319
2022-10-19 15:30:00,38.319,38.353,38.305,38.319
2022-10-19 16:00:00,38.311,38.342,38.305,38.338
2022-10-19 16:30:00,38.338,38.349,38.289,38.305
2022-10-19 17:00:00,38.307,38.327,38.21,38.219
2022-10-19 17:30:00,38.217,38.256,38.213,38.248
2022-10-19 18:00:00,38.249,38.284,38.22,38.236
2022-10-19 18:30:00,38.237,38.279,38.228,38.276
2022-10-19 19:00:00,38.264,38.294,38.248,38.287
2022-10-19 19:30:00,38.287,38.324,38.282,38.297
2022-10-19 20:00:00,38.298,38.301,38.294,38.298
2022-10-19 20:30:00,38.299,38.316,38.29,38.296
2022-10-19 21:00:00,38.297,38.301,38.293,38.298
2022-10-19 21:30:00,38.292,38.304,38.292,38.3
2022-10-19 22:00:00,38.299,38.317,38.297,38.315
2022-10-19 22:30:00,38.312,38.34,38.3,38.318
2022-10-19 23:00:00,38.317,38.318,38.295,38.305
2022-10-19 23:30:00,38.303,38.319,38.27,38.304
2022-10-20 00:00:00,38.21,38.302,38.21,38.301
2022-10-20 00:30:00,38.3,38.3,38.278,38.291
2022-10-20 01:00:00,38.271,38.346,38.252,38.259
2022-10-20 01:30:00,38.288,38.302,38.286,38.302
2022-10-20 02:00:00,38.301,38.301,38.299,38.3
2022-10-20 02:30:00,38.303,38.309,38.291,38.303
2022-10-20 03:00:00,38.298,38.39,38.297,38.354
2022-10-20 03:30:00,38.355,38.398,38.307,38.357
2022-10-20 04:00:00,38.358,38.45,38.358,38.426
2022-10-20 04:30:00,38.428,38.458,38.408,38.457
2022-10-20 05:00:00,38.455,38.46,38.396,38.414
2022-10-20 05:30:00,38.413,38.423,38.354,38.388
2022-10-20 06:00:00,38.387,38.406,38.38,38.399
2022-10-20 06:30:00,38.398,38.405,38.359,38.382
2022-10-20 07:00:00,38.383,38.4,38.183,38.296
2022-10-20 07:30:00,38.296,38.31,38.199,38.202
2022-10-20 08:00:00,38.201,38.205,38.07,38.131
2022-10-20 08:30:00,38.132,38.174,38.122,38.167
2022-10-20 09:00:00,38.168,38.221,38.151,38.196
2022-10-20 09:30:00,38.195,38.268,38.192,38.241
2022-10-20 10:00:00,38.242,38.287,38.214,38.271
2022-10-20 10:30:00,38.271,38.331,38.251,38.272
2022-10-20 11:00:00,38.272,38.274,38.221,38.258
2022-10-20 11:30:00,38.259,38.275,38.236,38.253
2022-10-20 12:00:00,38.251,38.252,38.201,38.212
2022-10-20 12:30:00,38.213,38.213,38.108,38.147
2022-10-20 13:00:00,38.148,38.161,38.11,38.11
2022-10-20 13:30:00,38.11,38.11,38.049,38.055
2022-10-20 14:00:00,38.056,38.083,38.021,38.069
2022-10-20 14:30:00,38.069,38.116,38.063,38.105
2022-10-20 15:00:00,38.106,38.116,38.018,38.026
2022-10-20 15:30:00,38.03,38.165,38.02,38.127
2022-10-20 16:00:00,38.127,38.154,38.065,38.107
2022-10-20 16:30:00,38.106,38.168,38.084,38.113
2022-10-20 17:00:00,38.113,38.12,38.01,38.025
2022-10-20 17:30:00,38.024,38.084,37.99,37.992
2022-10-20 18:00:00,37.993,38.073,37.99,38.05
2022-10-20 18:30:00,38.051,38.106,38.019,38.087
2022-10-20 19:00:00,38.088,38.127,38.074,38.106
2022-10-20 19:30:00,38.107,38.14,38.106,38.134
2022-10-20 20:00:00,38.133,38.219,38.08,38.207
2022-10-20 20:30:00,38.219,38.242,38.131,38.216
2022-10-20 21:00:00,38.215,38.237,38.165,38.22
2022-10-20 21:30:00,38.22,38.221,38.216,38.219
2022-10-20 22:00:00,38.218,38.225,38.216,38.225
2022-10-20 22:30:00,38.226,38.226,38.22,38.22
2022-10-20 23:00:00,38.22,38.242,38.195,38.232
2022-10-20 23:30:00,38.231,38.244,38.127,38.144
2022-10-21 00:00:00,37.93,38.128,37.905,38.014
2022-10-21 00:30:00,38.015,38.133,37.976,37.976
2022-10-21 01:00:00,38.009,38.156,38.009,38.149
2022-10-21 01:30:00,38.148,38.149,38.145,38.149
2022-10-21 02:00:00,38.153,38.233,38.149,38.218
2022-10-21 02:30:00,38.219,38.222,38.178,38.209
2022-10-21 03:00:00,38.209,38.273,38.208,38.257
2022-10-21 03:30:00,38.258,38.29,38.251,38.283
2022-10-21 04:00:00,38.282,38.373,38.282,38.372
2022-10-21 04:30:00,38.373,38.375,38.342,38.364
2022-10-21 05:00:00,38.365,38.383,38.292,38.32
2022-10-21 05:30:00,38.319,38.343,38.316,38.333
2022-10-21 06:00:00,38.332,38.346,38.314,38.333
2022-10-21 06:30:00,38.332,38.38,38.33,38.363
2022-10-21 07:00:00,38.365,38.372,38.352,38.355
2022-10-21 07:30:00,38.354,38.364,38.349,38.353
2022-10-21 08:00:00,38.355,38.382,38.353,38.37
2022-10-21 08:30:00,38.369,38.374,38.336,38.348
2022-10-21 09:00:00,38.347,38.369,38.34,38.361
2022-10-21 09:30:00,38.362,38.371,38.317,38.331
2022-10-21 10:00:00,38.33,38.357,38.269,38.284
2022-10-21 10:30:00,38.285,38.296,38.262,38.278
2022-10-21 11:00:00,38.279,38.322,38.264,38.307
2022-10-21 11:30:00,38.306,38.372,38.306,38.368
2022-10-21 12:00:00,38.369,38.392,38.361,38.361
2022-10-21 12:30:00,38.362,38.384,38.351,38.371
2022-10-21 13:00:00,38.37,38.375,38.33,38.333
2022-10-21 13:30:00,38.333,38.387,38.333,38.363
2022-10-21 14:00:00,38.364,38.371,38.318,38.326
2022-10-21 14:30:00,38.326,38.366,38.324,38.355
2022-10-21 15:00:00,38.355,38.403,38.348,38.392
2022-10-21 15:30:00,38.394,38.413,38.295,38.308
2022-10-21 16:00:00,38.308,38.325,38.197,38.22
2022-10-21 16:30:00,38.221,38.266,38.157,38.166
2022-10-21 17:00:00,38.164,38.231,38.118,38.222
2022-10-21 17:30:00,38.224,38.281,38.122,38.209
2022-10-21 18:00:00,38.208,38.255,38.127,38.172
2022-10-21 18:30:00,38.171,38.244,38.069,38.082
2022-10-21 19:00:00,38.083,38.127,38.038,38.124
2022-10-21 19:30:00,38.123,38.124,38.046,38.112
2022-10-21 20:00:00,38.111,38.122,38.036,38.092
2022-10-21 20:30:00,38.087,38.173,38.049,38.127
2022-10-21 21:00:00,38.122,38.128,38.041,38.078
2022-10-21 21:30:00,38.077,38.086,38.048,38.051
2022-10-21 22:00:00,38.053,38.087,38.027,38.028
2022-10-21 22:30:00,38.029,38.08,38.027,38.032
2022-10-21 23:00:00,38.031,38.032,38.019,38.023
2022-10-21 23:30:00,38.022,38.061,38.002,38.052
2022-10-24 00:00:00,38.022,38.258,37.962,38.024
2022-10-24 00:30:00,38.023,38.028,37.992,37.997
2022-10-24 01:00:00,37.999,38.037,37.993,38.036
2022-10-24 01:30:00,38.035,38.049,38.031,38.049
2022-10-24 02:00:00,38.049,38.088,38.049,38.079
2022-10-24 02:30:00,38.078,38.084,37.997,38.021
2022-10-24 03:00:00,38.022,38.058,38.005,38.005
2022-10-24 03:30:00,38.005,38.093,38.001,38.066
2022-10-24 04:00:00,38.069,38.135,38.062,38.079
2022-10-24 04:30:00,38.08,38.114,38.035,38.063
2022-10-24 05:00:00,38.062,38.099,38.038,38.074
2022-10-24 05:30:00,38.074,38.074,38.043,38.049
2022-10-24 06:00:00,38.048,38.104,38.043,38.045
2022-10-24 06:30:00,38.045,38.056,38.03,38.036
2022-10-24 07:00:00,38.035,38.045,38.008,38.008
2022-10-24 07:30:00,38.007,38.016,37.966,37.967
2022-10-24 08:00:00,37.968,38.006,37.958,37.985
2022-10-24 08:30:00,37.986,37.992,37.967,37.978
2022-10-24 09:00:00,37.979,37.987,37.962,37.968
2022-10-24 09:30:00,37.969,38.016,37.965,38.007
2022-10-24 10:00:00,38.005,38.081,37.996,38.078
2022-10-24 10:30:00,38.084,38.143,38.064,38.067
2022-10-24 11:00:00,38.066,38.205,38.019,38.115
2022-10-24 11:30:00,38.116,38.142,38.066,38.093
2022-10-24 12:00:00,38.094,38.234,38.092,38.232
2022-10-24 12:30:00,38.233,38.236,38.163,38.173
2022-10-24 13:00:00,38.173,38.211,38.118,38.154
2022-10-24 13:30:00,38.153,38.181,38.127,38.131
2022-10-24 14:00:00,38.13,38.195,38.098,38.195
2022-10-24 14:30:00,38.194,38.242,38.131,38.196
2022-10-24 15:00:00,38.196,38.216,38.141,38.198
2022-10-24 15:30:00,38.199,38.215,38.132,38.169
2022-10-24 16:00:00,38.168,38.195,38.165,38.191
2022-10-24 16:30:00,38.19,38.207,38.067,38.101
2022-10-24 17:00:00,38.102,38.197,38.096,38.141
2022-10-24 17:30:00,38.137,38.181,38.102,38.149
2022-10-24 18:00:00,38.148,38.166,38.126,38.151
2022-10-24 18:30:00,38.151,38.202,38.124,38.159
2022-10-24 19:00:00,38.159,38.161,38.107,38.15
2022-10-24 19:30:00,38.15,38.206,38.144,38.166
2022-10-24 20:00:00,38.166,38.171,38.16,38.168
2022-10-24 20:30:00,38.168,38.17,38.166,38.169
2022-10-24 21:00:00,38.165,38.169,38.162,38.165
2022-10-24 21:30:00,38.164,38.168,38.161,38.165
2022-10-24 22:00:00,38.165,38.169,38.159,38.159
2022-10-24 22:30:00,38.164,38.21,38.161,38.207
2022-10-24 23:00:00,38.204,38.21,38.204,38.205
2022-10-24 23:30:00,38.206,38.209,38.15,38.164
2022-10-25 00:00:00,38.164,38.169,38.131,38.148
2022-10-25 00:30:00,38.147,38.197,38.122,38.169
2022-10-25 01:00:00,38.174,38.185,38.08,38.123
2022-10-25 01:30:00,38.122,38.13,38.121,38.129
2022-10-25 02:00:00,38.124,38.165,38.124,38.149
2022-10-25 02:30:00,38.15,38.171,38.149,38.155
2022-10-25 03:00:00,38.155,38.229,38.146,38.157
2022-10-25 03:30:00,38.156,38.16,38.054,38.105
2022-10-25 04:00:00,38.106,38.189,38.065,38.081
2022-10-25 04:30:00,38.081,38.113,38.056,38.094
2022-10-25 05:00:00,38.094,38.245,38.094,38.228
2022-10-25 05:30:00,38.23,38.254,38.191,38.198
2022-10-25 06:00:00,38.197,38.221,38.183,38.221
2022-10-25 06:30:00,38.221,38.259,38.209,38.229
2022-10-25 07:00:00,38.23,38.249,38.228,38.244
2022-10-25 07:30:00,38.243,38.291,38.237,38.283
2022-10-25 08:00:00,38.281,38.286,38.242,38.26
2022-10-25 08:30:00,38.261,38.283,38.251,38.253
2022-10-25 09:00:00,38.252,38.271,38.223,38.243
2022-10-25 09:30:00,38.244,38.263,38.231,38.242
2022-10-25 10:00:00,38.242,38.281,38.231,38.269
2022-10-25 10:30:00,38.268,38.282,38.252,38.272
2022-10-25 11:00:00,38.271,38.273,38.222,38.264
2022-10-25 11:30:00,38.263,38.283,38.245,38.266
2022-10-25 12:00:00,38.266,38.288,38.261,38.273
2022-10-25 12:30:00,38.273,38.346,38.273,38.291
2022-10-25 13:00:00,38.29,38.299,38.28,38.284
2022-10-25 13:30:00,38.284,38.304,38.268,38.269
2022-10-25 14:00:00,38.27,38.307,38.268,38.287
2022-10-25 14:30:00,38.289,38.296,38.274,38.278
2022-10-25 15:00:00,38.277,38.301,38.265,38.276
2022-10-25 15:30:00,38.275,38.306,38.269,38.281
2022-10-25 16:00:00,38.282,38.283,38.159,38.16
2022-10-25 16:30:00,38.163,38.165,38.027,38.031
2022-10-25 17:00:00,38.03,38.051,37.962,37.966
2022-10-25 17:30:00,37.967,37.985,37.942,37.963
2022-10-25 18:00:00,37.964,37.999,37.939,37.951
2022-10-25 18:30:00,37.953,38.002,37.95,37.997
2022-10-25 19:00:00,37.997,38.046,37.994,38.01
2022-10-25 19:30:00,38.011,38.062,37.961,37.965
2022-10-25 20:00:00,37.964,38.011,37.961,37.974
2022-10-25 20:30:00,37.991,38.016,37.991,38.009
2022-10-25 21:00:00,38.01,38.016,37.978,37.993
2022-10-25 21:30:00,37.991,38.013,37.986,38.012
2022-10-25 22:00:00,38.013,38.016,37.987,37.992
2022-10-25 22:30:00,37.993,37.995,37.991,37.993
2022-10-25 23:00:00,37.992,37.997,37.981,37.997
2022-10-25 23:30:00,37.997,38.027,37.969,37.969
2022-10-26 00:00:00,37.892,37.972,37.892,37.972
2022-10-26 00:30:00,37.972,37.984,37.949,37.962
2022-10-26 01:00:00,37.965,37.979,37.961,37.976
2022-10-26 01:30:00,37.976,37.976,37.972,37.975
2022-10-26 02:00:00,37.975,37.982,37.975,37.982
2022-10-26 02:30:00,37.981,37.985,37.965,37.966
2022-10-26 03:00:00,37.967,38.056,37.958,38.054
2022-10-26 03:30:00,38.055,38.087,37.997,38.065
2022-10-26 04:00:00,38.064,38.07,38.011,38.028
2022-10-26 04:30:00,38.029,38.081,38.01,38.08
2022-10-26 05:00:00,38.08,38.103,38.064,38.091
2022-10-26 05:30:00,38.09,38.111,38.079,38.093
2022-10-26 06:00:00,38.094,38.094,38.002,38.01
2022-10-26 06:30:00,38.013,38.048,37.963,37.988
2022-10-26 07:00:00,37.987,38.025,37.975,38.01
2022-10-26 07:30:00,38.009,38.022,37.989,37.992
2022-10-26 08:00:00,37.991,38.005,37.96,37.961
2022-10-26 08:30:00,37.961,37.969,37.93,37.939
2022-10-26 09:00:00,37.94,37.944,37.861,37.911
2022-10-26 09:30:00,37.912,37.933,37.811,37.817
2022-10-26 10:00:00,37.816,37.817,37.74,37.743
2022-10-26 10:30:00,37.744,37.745,37.663,37.695
2022-10-26 11:00:00,37.694,37.737,37.667,37.694
2022-10-26 11:30:00,37.694,37.705,37.673,37.68
2022-10-26 12:00:00,37.682,37.75,37.668,37.74
2022-10-26 12:30:00,37.741,37.758,37.7,37.754
2022-10-26 13:00:00,37.753,37.753,37.733,37.743
2022-10-26 13:30:00,37.742,37.749,37.712,37.731
2022-10-26 14:00:00,37.73,37.75,37.718,37.739
2022-10-26 14:30:00,37.74,37.783,37.731,37.775
2022-10-26 15:00:00,37.777,37.79,37.772,37.784
2022-10-26 15:30:00,37.781,37.813,37.775,37.805
2022-10-26 16:00:00,37.806,37.82,37.789,37.815
2022-10-26 16:30:00,37.814,37.818,37.768,37.792
2022-10-26 17:00:00,37.789,37.789,37.719,37.727
2022-10-26 17:30:00,37.724,37.754,37.708,37.712
2022-10-26 18:00:00,37.713,37.719,37.699,37.7
2022-10-26 18:30:00,37.699,37.752,37.698,37.749
2022-10-26 19:00:00,37.75,37.751,37.7,37.706
2022-10-26 19:30:00,37.707,37.718,37.702,37.709
2022-10-26 20:00:00,37.706,37.728,37.706,37.728
2022-10-26 20:30:00,37.729,37.766,37.728,37.75
2022-10-26 21:00:00,37.75,37.75,37.734,37.741
2022-10-26 21:30:00,37.742,37.763,37.739,37.759
2022-10-26 22:00:00,37.76,37.789,37.76,37.787
2022-10-26 22:30:00,37.786,37.787,37.765,37.766
2022-10-26 23:00:00,37.772,37.792,37.766,37.773
2022-10-26 23:30:00,37.773,37.802,37.771,37.784
2022-10-27 00:00:00,37.67,37.773,37.67,37.715
2022-10-27 00:30:00,37.7,37.718,37.7,37.707
2022-10-27 01:00:00,37.7,37.729,37.7,37.729
2022-10-27 01:30:00,37.728,37.729,37.708,37.709
2022-10-27 02:00:00,37.71,37.71,37.705,37.705
2022-10-27 02:30:00,37.707,37.708,37.677,37.68
2022-10-27 03:00:00,37.679,37.698,37.638,37.66
2022-10-27 03:30:00,37.661,37.765,37.661,37.714
2022-10-27 04:00:00,37.714,37.773,37.69,37.749
2022-10-27 04:30:00,37.749,37.76,37.704,37.734
2022-10-27 05:00:00,37.735,37.843,37.735,37.817
2022-10-27 05:30:00,37.815,37.858,37.787,37.811
2022-10-27 06:00:00,37.81,37.822,37.752,37.781
2022-10-27 06:30:00,37.78,37.815,37.742,37.773
2022-10-27 07:00:00,37.771,37.812,37.77,37.774
2022-10-27 07:30:00,37.775,37.775,37.71,37.712
2022-10-27 08:00:00,37.711,37.727,37.67,37.69
2022-10-27 08:30:00,37.689,37.707,37.648,37.658
2022-10-27 09:00:00,37.659,37.738,37.628,37.691
2022-10-27 09:30:00,37.692,37.748,37.689,37.716
2022-10-27 10:00:00,37.717,37.757,37.702,37.756
2022-10-27 10:30:00,37.756,37.756,37.702,37.715
2022-10-27 11:00:00,37.714,37.752,37.694,37.716
2022-10-27 11:30:00,37.715,37.753,37.705,37.747
2022-10-27 12:00:00,37.746,37.832,37.739,37.828
2022-10-27 12:30:00,37.828,37.834,37.787,37.814
2022-10-27 13:00:00,37.813,37.846,37.808,37.841
2022-10-27 13:30:00,37.84,37.858,37.816,37.818
2022-10-27 14:00:00,37.818,37.819,37.775,37.778
2022-10-27 14:30:00,37.778,37.786,37.75,37.77
2022-10-27 15:00:00,37.763,37.878,37.755,37.851
2022-10-27 15:30:00,37.849,37.859,37.773,37.817
2022-10-27 16:00:00,37.816,37.839,37.768,37.776
2022-10-27 16:30:00,37.777,37.843,37.753,37.807
2022-10-27 17:00:00,37.806,37.807,37.711,37.713
2022-10-27 17:30:00,37.714,37.747,37.698,37.724
2022-10-27 18:00:00,37.724,37.733,37.689,37.696
2022-10-27 18:30:00,37.697,37.773,37.693,37.767
2022-10-27 19:00:00,37.766,37.774,37.752,37.764
2022-10-27 19:30:00,37.765,37.805,37.76,37.795
2022-10-27 20:00:00,37.798,37.798,37.755,37.763
2022-10-27 20:30:00,37.764,37.779,37.759,37.774
2022-10-27 21:00:00,37.772,37.809,37.771,37.808
2022-10-27 21:30:00,37.809,37.81,37.798,37.808
2022-10-27 22:00:00,37.804,37.869,37.804,37.845
2022-10-27 22:30:00,37.844,37.847,37.839,37.841
2022-10-27 23:00:00,37.841,37.87,37.839,37.859
2022-10-27 23:30:00,37.858,37.859,37.791,37.804
2022-10-28 00:00:00,37.605,37.788,37.605,37.774
2022-10-28 00:30:00,37.77,37.77,37.692,37.712
2022-10-28 01:00:00,37.713,37.769,37.689,37.718
2022-10-28 01:30:00,37.717,37.718,37.693,37.714
2022-10-28 02:00:00,37.716,37.724,37.693,37.704
2022-10-28 02:30:00,37.707,37.797,37.691,37.764
2022-10-28 03:00:00,37.762,37.839,37.742,37.835
2022-10-28 03:30:00,37.835,37.844,37.788,37.82
2022-10-28 04:00:00,37.819,37.833,37.801,37.812
2022-10-28 04:30:00,37.812,37.829,37.68,37.709
2022-10-28 05:00:00,37.708,37.757,37.707,37.728
2022-10-28 05:30:00,37.729,37.758,37.713,37.723
2022-10-28 06:00:00,37.723,37.754,37.71,37.739
2022-10-28 06:30:00,37.74,37.74,37.674,37.679
2022-10-28 07:00:00,37.68,37.724,37.679,37.718
2022-10-28 07:30:00,37.718,37.73,37.701,37.702
2022-10-28 08:00:00,37.701,37.71,37.671,37.688
2022-10-28 08:30:00,37.687,37.749,37.685,37.74
2022-10-28 09:00:00,37.741,37.781,37.72,37.752
2022-10-28 09:30:00,37.751,37.779,37.75,37.761
2022-10-28 10:00:00,37.762,37.806,37.752,37.806
2022-10-28 10:30:00,37.806,37.827,37.798,37.81
2022-10-28 11:00:00,37.81,37.873,37.803,37.873
2022-10-28 11:30:00,37.872,37.884,37.825,37.871
2022-10-28 12:00:00,37.871,37.884,37.858,37.871
2022-10-28 12:30:00,37.871,37.904,37.867,37.895
2022-10-28 13:00:00,37.894,37.948,37.882,37.926
2022-10-28 13:30:00,37.926,37.934,37.918,37.931
2022-10-28 14:00:00,37.932,37.949,37.886,37.887
2022-10-28 14:30:00,37.886,37.907,37.869,37.899
2022-10-28 15:00:00,37.896,37.934,37.894,37.898
2022-10-28 15:30:00,37.899,37.973,37.889,37.961
2022-10-28 16:00:00,37.962,37.974,37.935,37.966
2022-10-28 16:30:00,37.966,37.969,37.888,37.889
2022-10-28 17:00:00,37.884,37.969,37.884,37.964
2022-10-28 17:30:00,37.963,37.976,37.951,37.962
2022-10-28 18:00:00,37.957,37.994,37.949,37.978
2022-10-28 18:30:00,37.978,37.998,37.976,37.996
2022-10-28 19:00:00,37.997,38.013,37.991,38.003
2022-10-28 19:30:00,38.002,38.003,37.984,37.988
2022-10-28 20:00:00,37.988,37.995,37.985,37.989
2022-10-28 20:30:00,37.992,37.992,37.985,37.987
2022-10-28 21:00:00,37.986,37.991,37.985,37.99
2022-10-28 21:30:00,37.985,37.99,37.985,37.989
2022-10-28 22:00:00,37.989,37.99,37.98,37.98
2022-10-28 22:30:00,37.981,37.981,37.958,37.959
2022-10-28 23:00:00,37.958,37.958,37.942,37.944
2022-10-28 23:30:00,37.943,37.974,37.884,37.906
2022-10-31 00:00:00,37.93,38.144,37.848,37.871
2022-10-31 00:30:00,37.872,37.872,37.757,37.859
2022-10-31 01:00:00,37.875,37.883,37.87,37.878
2022-10-31 01:30:00,37.879,37.88,37.867,37.877
2022-10-31 02:00:00,37.876,37.885,37.876,37.885
2022-10-31 02:30:00,37.885,37.89,37.882,37.89
2022-10-31 03:00:00,37.889,38.081,37.889,38.08
2022-10-31 03:30:00,38.081,38.09,38.043,38.06
2022-10-31 04:00:00,38.059,38.075,38.036,38.036
2022-10-31 04:30:00,38.037,38.087,38.025,38.046
2022-10-31 05:00:00,38.043,38.061,38.02,38.044
2022-10-31 05:30:00,38.044,38.056,38.013,38.051
2022-10-31 06:00:00,38.053,38.053,38.022,38.037
2022-10-31 06:30:00,38.036,38.04,37.944,37.981
2022-10-31 07:00:00,37.981,37.989,37.951,37.968
2022-10-31 07:30:00,37.967,37.996,37.963,37.967
2022-10-31 08:00:00,37.968,37.993,37.967,37.984
2022-10-31 08:30:00,37.985,38.057,37.981,38.049
2022-10-31 09:00:00,38.049,38.058,38.023,38.046
2022-10-31 09:30:00,38.045,38.051,38.022,38.025
2022-10-31 10:00:00,38.024,38.031,37.986,38.021
2022-10-31 10:30:00,38.02,38.024,37.94,37.945
2022-10-31 11:00:00,37.947,38.021,37.945,37.99
2022-10-31 11:30:00,37.991,38.034,37.991,38.012
2022-10-31 12:00:00,38.011,38.049,38.003,38.023
2022-10-31 12:30:00,38.024,38.066,38.023,38.058
2022-10-31 13:00:00,38.059,38.103,38.059,38.101
2022-10-31 13:30:00,38.1,38.142,38.098,38.124
2022-10-31 14:00:00,38.123,38.127,38.101,38.116
2022-10-31 14:30:00,38.115,38.13,38.1,38.114
2022-10-31 15:00:00,38.113,38.122,38.082,38.104
2022-10-31 15:30:00,38.105,38.123,38.088,38.094
2022-10-31 16:00:00,38.095,38.095,38.066,38.072
2022-10-31 16:30:00,38.071,38.085,38.064,38.082
2022-10-31 17:00:00,38.081,38.083,38.035,38.054
2022-10-31 17:30:00,38.052,38.081,38.038,38.056
2022-10-31 18:00:00,38.058,38.077,38.044,38.07
2022-10-31 18:30:00,38.068,38.072,38.023,38.045
2022-10-31 19:00:00,38.044,38.108,38.042,38.079
2022-10-31 19:30:00,38.08,38.083,38.033,38.037
2022-10-31 20:00:00,38.037,38.056,38.034,38.053
2022-10-31 20:30:00,38.053,38.062,38.051,38.06
2022-10-31 21:00:00,38.06,38.061,38.027,38.028
2022-10-31 21:30:00,38.027,38.039,38.023,38.036
2022-10-31 22:00:00,38.04,38.047,38.039,38.046
2022-10-31 22:30:00,38.046,38.046,38.039,38.04
2022-10-31 23:00:00,38.039,38.043,38.033,38.04
2022-10-31 23:30:00,38.039,38.045,38.025,38.026
2022-11-01 00:00:00,38.037,38.04,38.024,38.034
2022-11-01 00:30:00,38.03,38.037,38.005,38.028
2022-11-01 01:00:00,38.018,38.048,38.015,38.045
2022-11-01 01:30:00,38.044,38.046,38.035,38.046
2022-11-01 02:00:00,38.04,38.056,38.039,38.056
2022-11-01 02:30:00,38.053,38.065,38.04,38.048
2022-11-01 03:00:00,38.049,38.05,38.032,38.035
2022-11-01 03:30:00,38.036,38.036,37.975,38.018
2022-11-01 04:00:00,38.019,38.045,37.987,37.998
2022-11-01 04:30:00,37.997,38.005,37.935,37.996
2022-11-01 05:00:00,37.995,38.015,37.954,37.955
2022-11-01 05:30:00,37.955,37.963,37.888,37.923
2022-11-01 06:00:00,37.923,37.966,37.92,37.947
2022-11-01 06:30:00,37.946,37.977,37.944,37.96
2022-11-01 07:00:00,37.961,37.977,37.935,37.945
2022-11-01 07:30:00,37.945,37.962,37.936,37.958
2022-11-01 08:00:00,37.958,37.96,37.923,37.942
2022-11-01 08:30:00,37.94,37.942,37.843,37.846
2022-11-01 09:00:00,37.847,37.877,37.764,37.821
2022-11-01 09:30:00,37.822,37.842,37.8,37.801
2022-11-01 10:00:00,37.802,37.944,37.755,37.861
2022-11-01 10:30:00,37.861,37.894,37.835,37.835
2022-11-01 11:00:00,37.834,37.849,37.801,37.83
2022-11-01 11:30:00,37.831,37.84,37.8,37.81
2022-11-01 12:00:00,37.809,37.833,37.803,37.812
2022-11-01 12:30:00,37.813,37.819,37.742,37.762
2022-11-01 13:00:00,37.761,37.767,37.731,37.737
2022-11-01 13:30:00,37.737,37.75,37.718,37.732
2022-11-01 14:00:00,37.733,37.75,37.719,37.722
2022-11-01 14:30:00,37.722,37.722,37.687,37.7
2022-11-01 15:00:00,37.699,37.701,37.64,37.642
2022-11-01 15:30:00,37.64,37.666,37.632,37.65
2022-11-01 16:00:00,37.65,37.668,37.633,37.667
2022-11-01 16:30:00,37.666,37.722,37.661,37.667
2022-11-01 17:00:00,37.666,37.82,37.654,37.783
2022-11-01 17:30:00,37.779,37.827,37.758,37.82
2022-11-01 18:00:00,37.821,37.825,37.764,37.781
2022-11-01 18:30:00,37.782,37.801,37.774,37.788
2022-11-01 19:00:00,37.789,37.808,37.722,37.794
2022-11-01 19:30:00,37.793,37.826,37.773,37.773
2022-11-01 20:00:00,37.774,37.779,37.732,37.734
2022-11-01 20:30:00,37.733,37.783,37.73,37.733
2022-11-01 21:00:00,37.732,37.735,37.724,37.732
2022-11-01 21:30:00,37.733,37.752,37.732,37.752
2022-11-01 22:00:00,37.749,37.758,37.731,37.737
2022-11-01 22:30:00,37.737,37.756,37.737,37.752
2022-11-01 23:00:00,37.753,37.773,37.744,37.75
2022-11-01 23:30:00,37.749,37.75,37.735,37.735
2022-11-02 00:00:00,37.645,37.741,37.645,37.709
2022-11-02 00:30:00,37.702,37.712,37.697,37.702
2022-11-02 01:00:00,37.701,37.724,37.701,37.712
2022-11-02 01:30:00,37.715,37.718,37.711,37.716
2022-11-02 02:00:00,37.717,37.718,37.715,37.715
2022-11-02 02:30:00,37.716,37.716,37.706,37.715
2022-11-02 03:00:00,37.714,37.755,37.711,37.753
2022-11-02 03:30:00,37.751,37.751,37.672,37.674
2022-11-02 04:00:00,37.676,37.683,37.572,37.589
2022-11-02 04:30:00,37.59,37.627,37.561,37.62
2022-11-02 05:00:00,37.622,37.664,37.62,37.635
2022-11-02 05:30:00,37.635,37.635,37.578,37.601
2022-11-02 06:00:00,37.601,37.635,37.592,37.62
2022-11-02 06:30:00,37.619,37.623,37.597,37.617
2022-11-02 07:00:00,37.617,37.671,37.61,37.648
2022-11-02 07:30:00,37.647,37.724,37.647,37.686
2022-11-02 08:00:00,37.687,37.701,37.642,37.663
2022-11-02 08:30:00,37.664,37.681,37.628,37.668
2022-11-02 09:00:00,37.669,37.7,37.666,37.687
2022-11-02 09:30:00,37.686,37.739,37.682,37.722
2022-11-02 10:00:00,37.721,37.783,37.72,37.764
2022-11-02 10:30:00,37.763,37.767,37.684,37.701
2022-11-02 11:00:00,37.701,37.718,37.667,37.671
2022-11-02 11:30:00,37.671,37.675,37.61,37.617
2022-11-02 12:00:00,37.617,37.631,37.559,37.562
2022-11-02 12:30:00,37.562,37.582,37.557,37.574
2022-11-02 13:00:00,37.573,37.614,37.566,37.577
2022-11-02 13:30:00,37.576,37.585,37.56,37.561
2022-11-02 14:00:00,37.561,37.571,37.558,37.571
2022-11-02 14:30:00,37.57,37.571,37.551,37.559
2022-11-02 15:00:00,37.56,37.569,37.549,37.56
2022-11-02 15:30:00,37.561,37.694,37.551,37.643
2022-11-02 16:00:00,37.644,37.657,37.632,37.653
2022-11-02 16:30:00,37.652,37.671,37.634,37.653
2022-11-02 17:00:00,37.653,37.685,37.64,37.682
2022-11-02 17:30:00,37.683,37.685,37.647,37.662
2022-11-02 18:00:00,37.661,37.711,37.66,37.698
2022-11-02 18:30:00,37.697,37.7,37.682,37.687
2022-11-02 19:00:00,37.686,37.696,37.683,37.686
2022-11-02 19:30:00,37.685,37.706,37.679,37.68
2022-11-02 20:00:00,37.679,37.681,37.669,37.673
2022-11-02 20:30:00,37.674,37.681,37.554,37.554
2022-11-02 21:00:00,37.549,37.625,37.411,37.552
2022-11-02 21:30:00,37.551,37.734,37.534,37.702
2022-11-02 22:00:00,37.702,37.761,37.627,37.756
2022-11-02 22:30:00,37.758,37.805,37.756,37.805
2022-11-02 23:00:00,37.806,37.843,37.801,37.84
2022-11-02 23:30:00,37.828,37.84,37.637,37.738
2022-11-03 00:00:00,37.505,37.763,37.505,37.716
2022-11-03 00:30:00,37.728,37.757,37.724,37.749
2022-11-03 01:00:00,37.761,37.768,37.579,37.768
2022-11-03 01:30:00,37.77,37.78,37.769,37.773
2022-11-03 02:00:00,37.777,37.822,37.775,37.816
2022-11-03 02:30:00,37.817,37.874,37.816,37.842
2022-11-03 03:00:00,37.844,37.85,37.803,37.847
2022-11-03 03:30:00,37.848,37.856,37.758,37.785
2022-11-03 04:00:00,37.786,37.838,37.751,37.768
2022-11-03 04:30:00,37.775,37.849,37.774,37.841
2022-11-03 05:00:00,37.84,37.85,37.783,37.815
2022-11-03 05:30:00,37.817,37.828,37.798,37.819
2022-11-03 06:00:00,37.819,37.825,37.81,37.824
2022-11-03 06:30:00,37.824,37.833,37.797,37.799
2022-11-03 07:00:00,37.797,37.803,37.782,37.8
2022-11-03 07:30:00,37.801,37.839,37.795,37.82
2022-11-03 08:00:00,37.818,37.836,37.818,37.829
2022-11-03 08:30:00,37.829,37.834,37.815,37.815
2022-11-03 09:00:00,37.816,37.892,37.816,37.878
2022-11-03 09:30:00,37.877,37.88,37.836,37.836
2022-11-03 10:00:00,37.836,37.936,37.836,37.934
2022-11-03 10:30:00,37.933,37.977,37.908,37.912
2022-11-03 11:00:00,37.911,37.963,37.905,37.963
2022-11-03 11:30:00,37.962,37.987,37.938,37.951
2022-11-03 12:00:00,37.95,38.026,37.937,37.968
2022-11-03 12:30:00,37.969,38.039,37.968,37.989
2022-11-03 13:00:00,37.99,38.027,37.981,38.023
2022-11-03 13:30:00,38.023,38.037,38.006,38.012
2022-11-03 14:00:00,38.013,38.034,38.006,38.024
2022-11-03 14:30:00,38.024,38.048,38.006,38.016
2022-11-03 15:00:00,38.017,38.024,37.95,37.99
2022-11-03 15:30:00,37.991,38.017,37.989,38.012
2022-11-03 16:00:00,38.011,38.04,38.008,38.034
2022-11-03 16:30:00,38.034,38.041,37.988,38.019
2022-11-03 17:00:00,38.015,38.033,37.961,37.968
2022-11-03 17:30:00,37.967,37.991,37.934,37.937
2022-11-03 18:00:00,37.936,37.978,37.934,37.968
2022-11-03 18:30:00,37.969,38.003,37.948,38.0
2022-11-03 19:00:00,37.999,38.013,37.973,37.992
2022-11-03 19:30:00,37.991,38.031,37.987,38.018
2022-11-03 20:00:00,38.018,38.028,38.008,38.015
2022-11-03 20:30:00,38.015,38.017,38.012,38.014
2022-11-03 21:00:00,38.013,38.016,38.007,38.007
2022-11-03 21:30:00,38.007,38.018,38.007,38.009
2022-11-03 22:00:00,38.01,38.011,37.992,37.996
2022-11-03 22:30:00,37.995,38.001,37.978,37.981
2022-11-03 23:00:00,37.979,37.992,37.968,37.968
2022-11-03 23:30:00,37.968,37.989,37.897,37.897
2022-11-04 00:00:00,37.911,37.952,37.91,37.942
2022-11-04 00:30:00,37.94,37.948,37.92,37.933
2022-11-04 01:00:00,37.921,37.967,37.915,37.966
2022-11-04 01:30:00,37.967,37.967,37.958,37.96
2022-11-04 02:00:00,37.964,38.017,37.962,38.01
2022-11-04 02:30:00,38.01,38.019,38.009,38.017
2022-11-04 03:00:00,38.017,38.024,37.963,37.97
2022-11-04 03:30:00,37.969,37.992,37.961,37.974
2022-11-04 04:00:00,37.974,37.974,37.908,37.937
2022-11-04 04:30:00,37.936,37.942,37.842,37.86
2022-11-04 05:00:00,37.861,37.883,37.824,37.835
2022-11-04 05:30:00,37.835,37.843,37.775,37.796
2022-11-04 06:00:00,37.795,37.797,37.731,37.733
2022-11-04 06:30:00,37.733,37.777,37.733,37.755
2022-11-04 07:00:00,37.756,37.766,37.635,37.703
2022-11-04 07:30:00,37.704,37.704,37.554,37.594
2022-11-04 08:00:00,37.593,37.609,37.516,37.599
2022-11-04 08:30:00,37.598,37.652,37.579,37.624
2022-11-04 09:00:00,37.625,37.646,37.578,37.626
2022-11-04 09:30:00,37.623,37.66,37.459,37.529
2022-11-04 10:00:00,37.532,37.607,37.478,37.606
2022-11-04 10:30:00,37.609,37.659,37.585,37.619
2022-11-04 11:00:00,37.618,37.618,37.528,37.551
2022-11-04 11:30:00,37.552,37.603,37.52,37.545
2022-11-04 12:00:00,37.544,37.571,37.489,37.516
2022-11-04 12:30:00,37.514,37.579,37.484,37.57
2022-11-04 13:00:00,37.571,37.584,37.515,37.525
2022-11-04 13:30:00,37.526,37.544,37.504,37.506
2022-11-04 14:00:00,37.507,37.52,37.468,37.468
2022-11-04 14:30:00,37.468,37.488,37.457,37.464
2022-11-04 15:00:00,37.464,37.51,37.457,37.466
2022-11-04 15:30:00,37.461,37.532,37.415,37.425
2022-11-04 16:00:00,37.426,37.442,37.363,37.436
2022-11-04 16:30:00,37.435,37.509,37.421,37.442
2022-11-04 17:00:00,37.441,37.443,37.356,37.372
2022-11-04 17:30:00,37.372,37.377,37.348,37.369
2022-11-04 18:00:00,37.368,37.424,37.367,37.424
2022-11-04 18:30:00,37.423,37.424,37.388,37.397
2022-11-04 19:00:00,37.396,37.406,37.361,37.362
2022-11-04 19:30:00,37.362,37.389,37.362,37.371
2022-11-04 20:00:00,37.37,37.373,37.346,37.348
2022-11-04 20:30:00,37.349,37.352,37.318,37.322
2022-11-04 21:00:00,37.322,37.351,37.32,37.321
2022-11-04 21:30:00,37.32,37.336,37.288,37.29
2022-11-04 22:00:00,37.288,37.302,37.288,37.298
2022-11-04 22:30:00,37.297,37.299,37.278,37.28
2022-11-04 23:00:00,37.279,37.33,37.277,37.329
2022-11-04 23:30:00,37.326,37.332,37.268,37.273
2022-11-07 00:00:00,37.424,37.519,37.27,37.414
2022-11-07 00:30:00,37.411,37.432,37.406,37.412
2022-11-07 01:00:00,37.412,37.464,37.401,37.427
2022-11-07 01:30:00,37.422,37.445,37.418,37.443
2022-11-07 02:00:00,37.446,37.462,37.406,37.428
2022-11-07 02:30:00,37.429,37.443,37.402,37.419
2022-11-07 03:00:00,37.42,37.494,37.403,37.479
2022-11-07 03:30:00,37.48,37.485,37.292,37.299
2022-11-07 04:00:00,37.299,37.446,37.289,37.436
2022-11-07 04:30:00,37.436,37.442,37.363,37.392
2022-11-07 05:00:00,37.392,37.418,37.379,37.382
2022-11-07 05:30:00,37.382,37.445,37.366,37.432
2022-11-07 06:00:00,37.432,37.444,37.384,37.385
2022-11-07 06:30:00,37.386,37.394,37.362,37.384
2022-11-07 07:00:00,37.383,37.417,37.383,37.385
2022-11-07 07:30:00,37.386,37.411,37.365,37.406
2022-11-07 08:00:00,37.405,37.406,37.386,37.386
2022-11-07 08:30:00,37.387,37.427,37.385,37.402
2022-11-07 09:00:00,37.401,37.455,37.399,37.445
2022-11-07 09:30:00,37.445,37.516,37.435,37.497
2022-11-07 10:00:00,37.497,37.505,37.398,37.398
2022-11-07 10:30:00,37.399,37.401,37.289,37.292
2022-11-07 11:00:00,37.289,37.362,37.267,37.327
2022-11-07 11:30:00,37.328,37.422,37.328,37.42
2022-11-07 12:00:00,37.421,37.421,37.362,37.373
2022-11-07 12:30:00,37.372,37.41,37.365,37.389
2022-11-07 13:00:00,37.39,37.452,37.387,37.44
2022-11-07 13:30:00,37.441,37.445,37.411,37.425
2022-11-07 14:00:00,37.424,37.432,37.398,37.41
2022-11-07 14:30:00,37.41,37.412,37.357,37.367
2022-11-07 15:00:00,37.368,37.371,37.271,37.308
2022-11-07 15:30:00,37.308,37.344,37.298,37.318
2022-11-07 16:00:00,37.317,37.345,37.291,37.327
2022-11-07 16:30:00,37.326,37.351,37.295,37.335
2022-11-07 17:00:00,37.334,37.392,37.318,37.386
2022-11-07 17:30:00,37.385,37.414,37.38,37.388
2022-11-07 18:00:00,37.387,37.405,37.35,37.367
2022-11-07 18:30:00,37.367,37.387,37.348,37.355
2022-11-07 19:00:00,37.355,37.369,37.33,37.345
2022-11-07 19:30:00,37.344,37.361,37.335,37.343
2022-11-07 20:00:00,37.342,37.345,37.336,37.34
2022-11-07 20:30:00,37.338,37.348,37.326,37.346
2022-11-07 21:00:00,37.341,37.36,37.339,37.36
2022-11-07 21:30:00,37.362,37.365,37.353,37.36
2022-11-07 22:00:00,37.353,37.377,37.353,37.36
2022-11-07 22:30:00,37.358,37.374,37.357,37.374
2022-11-07 23:00:00,37.373,37.42,37.373,37.419
2022-11-07 23:30:00,37.42,37.425,37.345,37.345
2022-11-08 00:00:00,37.337,37.34,37.321,37.329
2022-11-08 00:30:00,37.327,37.336,37.325,37.336
2022-11-08 01:00:00,37.332,37.334,37.323,37.33
2022-11-08 01:30:00,37.33,37.348,37.284,37.286
2022-11-08 02:00:00,37.287,37.289,37.254,37.273
2022-11-08 02:30:00,37.272,37.273,37.216,37.229
2022-11-08 03:00:00,37.23,37.322,37.229,37.274
2022-11-08 03:30:00,37.274,37.373,37.274,37.34
2022-11-08 04:00:00,37.34,37.37,37.313,37.32
2022-11-08 04:30:00,37.317,37.339,37.285,37.331
2022-11-08 05:00:00,37.332,37.332,37.305,37.316
2022-11-08 05:30:00,37.317,37.33,37.301,37.326
2022-11-08 06:00:00,37.324,37.342,37.322,37.336
2022-11-08 06:30:00,37.335,37.37,37.335,37.365
2022-11-08 07:00:00,37.365,37.396,37.365,37.39
2022-11-08 07:30:00,37.389,37.397,37.366,37.381
2022-11-08 08:00:00,37.381,37.39,37.353,37.374
2022-11-08 08:30:00,37.373,37.373,37.358,37.363
2022-11-08 09:00:00,37.361,37.388,37.348,37.362
2022-11-08 09:30:00,37.362,37.39,37.362,37.364
2022-11-08 10:00:00,37.363,37.374,37.325,37.35
2022-11-08 10:30:00,37.351,37.39,37.335,37.358
2022-11-08 11:00:00,37.359,37.394,37.334,37.342
2022-11-08 11:30:00,37.341,37.355,37.284,37.286
2022-11-08 12:00:00,37.283,37.293,37.254,37.28
2022-11-08 12:30:00,37.278,37.28,37.256,37.269
2022-11-08 13:00:00,37.268,37.278,37.233,37.247
2022-11-08 13:30:00,37.248,37.253,37.221,37.231
2022-11-08 14:00:00,37.23,37.252,37.217,37.235
2022-11-08 14:30:00,37.24,37.242,37.222,37.23
2022-11-08 15:00:00,37.231,37.24,37.207,37.213
2022-11-08 15:30:00,37.21,37.217,37.203,37.207
2022-11-08 16:00:00,37.208,37.208,37.179,37.182
2022-11-08 16:30:00,37.182,37.198,37.178,37.181
2022-11-08 17:00:00,37.181,37.181,37.043,37.052
2022-11-08 17:30:00,37.052,37.06,36.957,36.961
2022-11-08 18:00:00,36.961,36.979,36.944,36.957
2022-11-08 18:30:00,36.955,36.965,36.933,36.944
2022-11-08 19:00:00,36.943,36.999,36.943,36.972
2022-11-08 19:30:00,36.97,36.984,36.94,36.973
2022-11-08 20:00:00,36.975,37.005,36.958,36.982
2022-11-08 20:30:00,36.984,37.004,36.982,36.997
2022-11-08 21:00:00,37.002,37.043,36.97,37.001
2022-11-08 21:30:00,37.002,37.002,36.927,36.941
2022-11-08 22:00:00,36.94,36.959,36.933,36.944
2022-11-08 22:30:00,36.944,36.948,36.934,36.937
2022-11-08 23:00:00,36.939,36.94,36.933,36.935
2022-11-08 23:30:00,36.934,36.986,36.876,36.876
2022-11-09 00:00:00,36.882,36.946,36.88,36.941
2022-11-09 00:30:00,36.942,36.979,36.937,36.978
2022-11-09 01:00:00,36.976,36.988,36.927,36.932
2022-11-09 01:30:00,36.933,36.938,36.918,36.924
2022-11-09 02:00:00,36.922,36.946,36.922,36.946
2022-11-09 02:30:00,36.947,36.961,36.928,36.96
2022-11-09 03:00:00,36.959,36.98,36.857,36.88
2022-11-09 03:30:00,36.878,36.884,36.793,36.884
2022-11-09 04:00:00,36.883,36.906,36.82,36.848
2022-11-09 04:30:00,36.849,36.86,36.763,36.835
2022-11-09 05:00:00,36.835,36.864,36.789,36.835
2022-11-09 05:30:00,36.834,36.87,36.823,36.845
2022-11-09 06:00:00,36.843,36.875,36.818,36.829
2022-11-09 06:30:00,36.83,36.842,36.81,36.819
2022-11-09 07:00:00,36.819,36.831,36.798,36.803
2022-11-09 07:30:00,36.802,36.827,36.8,36.827
2022-11-09 08:00:00,36.828,36.865,36.808,36.853
2022-11-09 08:30:00,36.852,36.862,36.846,36.851
2022-11-09 09:00:00,36.851,36.854,36.833,36.838
2022-11-09 09:30:00,36.839,36.845,36.779,36.783
2022-11-09 10:00:00,36.785,36.785,36.688,36.7
2022-11-09 10:30:00,36.7,36.725,36.667,36.696
2022-11-09 11:00:00,36.697,36.787,36.693,36.763
2022-11-09 11:30:00,36.763,36.839,36.757,36.832
2022-11-09 12:00:00,36.834,36.908,36.832,36.89
2022-11-09 12:30:00,36.889,36.898,36.876,36.879
2022-11-09 13:00:00,36.88,36.882,36.819,36.827
2022-11-09 13:30:00,36.828,36.857,36.808,36.809
2022-11-09 14:00:00,36.81,36.852,36.783,36.846
2022-11-09 14:30:00,36.848,36.848,36.813,36.814
2022-11-09 15:00:00,36.813,36.896,36.807,36.884
2022-11-09 15:30:00,36.884,36.889,36.839,36.88
2022-11-09 16:00:00,36.879,36.883,36.803,36.842
2022-11-09 16:30:00,36.842,36.895,36.831,36.851
2022-11-09 17:00:00,36.852,36.852,36.697,36.745
2022-11-09 17:30:00,36.746,36.805,36.734,36.785
2022-11-09 18:00:00,36.783,36.793,36.753,36.768
2022-11-09 18:30:00,36.774,36.801,36.752,36.763
2022-11-09 19:00:00,36.765,36.787,36.761,36.773
2022-11-09 19:30:00,36.772,36.816,36.767,36.811
2022-11-09 20:00:00,36.817,36.818,36.799,36.817
2022-11-09 20:30:00,36.819,36.883,36.819,36.843
2022-11-09 21:00:00,36.843,36.888,36.841,36.869
2022-11-09 21:30:00,36.868,36.89,36.868,36.89
2022-11-09 22:00:00,36.891,36.892,36.881,36.883
2022-11-09 22:30:00,36.884,36.893,36.883,36.89
2022-11-09 23:00:00,36.891,36.898,36.89,36.898
2022-11-09 23:30:00,36.895,36.904,36.852,36.852
2022-11-10 00:00:00,36.874,36.874,36.78,36.818
2022-11-10 00:30:00,36.817,36.819,36.794,36.814
2022-11-10 01:00:00,36.803,36.855,36.777,36.854
2022-11-10 01:30:00,36.854,36.885,36.839,36.86
2022-11-10 02:00:00,36.86,36.866,36.818,36.834
2022-11-10 02:30:00,36.834,36.834,36.756,36.787
2022-11-10 03:00:00,36.787,36.856,36.781,36.81
2022-11-10 03:30:00,36.808,36.9,36.801,36.892
2022-11-10 04:00:00,36.893,36.979,36.891,36.937
2022-11-10 04:30:00,36.937,36.967,36.922,36.93
2022-11-10 05:00:00,36.93,36.943,36.885,36.913
2022-11-10 05:30:00,36.914,36.914,36.848,36.87
2022-11-10 06:00:00,36.871,36.881,36.843,36.855
2022-11-10 06:30:00,36.853,36.873,36.815,36.815
2022-11-10 07:00:00,36.816,36.838,36.79,36.814
2022-11-10 07:30:00,36.815,36.844,36.81,36.825
2022-11-10 08:00:00,36.824,36.856,36.81,36.837
2022-11-10 08:30:00,36.837,36.846,36.817,36.835
2022-11-10 09:00:00,36.835,36.945,36.824,36.945
2022-11-10 09:30:00,36.945,36.949,36.89,36.908
2022-11-10 10:00:00,36.909,36.913,36.842,36.866
2022-11-10 10:30:00,36.865,36.901,36.851,36.878
2022-11-10 11:00:00,36.878,36.886,36.858,36.876
2022-11-10 11:30:00,36.873,36.885,36.857,36.879
2022-11-10 12:00:00,36.879,36.953,36.875,36.94
2022-11-10 12:30:00,36.94,36.94,36.879,36.879
2022-11-10 13:00:00,36.878,36.943,36.842,36.907
2022-11-10 13:30:00,36.908,36.916,36.875,36.909
2022-11-10 14:00:00,36.907,36.927,36.899,36.916
2022-11-10 14:30:00,36.917,36.923,36.881,36.886
2022-11-10 15:00:00,36.887,36.899,36.819,36.82
2022-11-10 15:30:00,36.821,36.829,36.397,36.477
2022-11-10 16:00:00,36.466,36.485,36.285,36.303
2022-11-10 16:30:00,36.302,36.305,36.206,36.235
2022-11-10 17:00:00,36.233,36.287,36.199,36.219
2022-11-10 17:30:00,36.22,36.241,36.209,36.22
2022-11-10 18:00:00,36.22,36.281,36.21,36.24
2022-11-10 18:30:00,36.239,36.268,36.221,36.233
2022-11-10 19:00:00,36.233,36.244,36.227,36.228
2022-11-10 19:30:00,36.225,36.274,36.225,36.273
2022-11-10 20:00:00,36.274,36.274,36.237,36.244
2022-11-10 20:30:00,36.241,36.25,36.201,36.204
2022-11-10 21:00:00,36.205,36.207,36.19,36.204
2022-11-10 21:30:00,36.204,36.205,36.195,36.199
2022-11-10 22:00:00,36.203,36.227,36.188,36.22
2022-11-10 22:30:00,36.22,36.224,36.191,36.193
2022-11-10 23:00:00,36.194,36.211,36.17,36.171
2022-11-10 23:30:00,36.172,36.215,36.144,36.144
2022-11-11 00:00:00,36.195,36.204,35.688,36.179
2022-11-11 00:30:00,36.178,36.18,36.168,36.171
2022-11-11 01:00:00,36.172,36.19,36.172,36.178
2022-11-11 01:30:00,36.177,36.178,36.156,36.164
2022-11-11 02:00:00,36.163,36.168,36.108,36.123
2022-11-11 02:30:00,36.119,36.197,36.097,36.104
2022-11-11 03:00:00,36.105,36.123,36.033,36.073
2022-11-11 03:30:00,36.073,36.185,36.073,36.179
2022-11-11 04:00:00,36.179,36.18,36.119,36.143
2022-11-11 04:30:00,36.143,36.144,36.06,36.068
2022-11-11 05:00:00,36.067,36.082,36.026,36.053
2022-11-11 05:30:00,36.054,36.058,36.019,36.036
2022-11-11 06:00:00,36.037,36.05,36.025,36.038
2022-11-11 06:30:00,36.038,36.062,36.012,36.016
2022-11-11 07:00:00,36.015,36.04,35.888,35.89
2022-11-11 07:30:00,35.891,35.891,35.721,35.739
2022-11-11 08:00:00,35.739,35.925,35.685,35.912
2022-11-11 08:30:00,35.911,35.966,35.894,35.944
2022-11-11 09:00:00,35.943,35.992,35.906,35.91
2022-11-11 09:30:00,35.91,35.974,35.839,35.966
2022-11-11 10:00:00,35.966,36.075,35.949,35.95
2022-11-11 10:30:00,35.95,35.988,35.865,35.878
2022-11-11 11:00:00,35.877,36.023,35.872,36.01
2022-11-11 11:30:00,36.011,36.033,35.89,35.916
2022-11-11 12:00:00,35.915,35.939,35.868,35.936
2022-11-11 12:30:00,35.933,35.943,35.902,35.922
2022-11-11 13:00:00,35.921,35.942,35.893,35.927
2022-11-11 13:30:00,35.925,35.947,35.869,35.946
2022-11-11 14:00:00,35.947,35.961,35.902,35.914
2022-11-11 14:30:00,35.914,35.985,35.913,35.954
2022-11-11 15:00:00,35.954,35.99,35.929,35.984
2022-11-11 15:30:00,35.983,36.021,35.935,35.951
2022-11-11 16:00:00,35.95,35.995,35.933,35.981
2022-11-11 16:30:00,35.981,36.049,35.978,35.985
2022-11-11 17:00:00,35.986,36.01,35.943,35.946
2022-11-11 17:30:00,35.948,35.987,35.942,35.963
2022-11-11 18:00:00,35.964,36.029,35.929,36.019
2022-11-11 18:30:00,36.018,36.03,35.948,35.959
2022-11-11 19:00:00,35.959,35.979,35.956,35.956
2022-11-11 19:30:00,35.956,35.964,35.931,35.933
2022-11-11 20:00:00,35.933,35.933,35.897,35.899
2022-11-11 20:30:00,35.899,35.919,35.887,35.915
2022-11-11 21:00:00,35.916,35.919,35.901,35.919
2022-11-11 21:30:00,35.901,35.918,35.901,35.901
2022-11-11 22:00:00,35.911,35.979,35.911,35.973
2022-11-11 22:30:00,35.973,35.983,35.973,35.98
2022-11-11 23:00:00,35.979,35.981,35.904,35.972
2022-11-11 23:30:00,35.972,36.0,35.945,36.0
2022-11-14 00:00:00,35.965,36.043,35.676,35.883
2022-11-14 00:30:00,35.884,35.894,35.869,35.89
2022-11-14 01:00:00,35.902,36.029,35.89,36.027
2022-11-14 01:30:00,36.028,36.037,36.019,36.029
2022-11-14 02:00:00,36.029,36.041,35.862,35.909
2022-11-14 02:30:00,35.91,35.943,35.858,35.862
2022-11-14 03:00:00,35.861,35.921,35.798,35.895
2022-11-14 03:30:00,35.897,36.003,35.897,35.912
2022-11-14 04:00:00,35.911,35.915,35.799,35.815
2022-11-14 04:30:00,35.813,35.826,35.774,35.808
2022-11-14 05:00:00,35.807,35.817,35.721,35.731
2022-11-14 05:30:00,35.73,35.781,35.728,35.756
2022-11-14 06:00:00,35.756,35.838,35.751,35.818
2022-11-14 06:30:00,35.819,35.833,35.757,35.765
2022-11-14 07:00:00,35.766,35.8,35.759,35.797
2022-11-14 07:30:00,35.798,35.831,35.779,35.812
2022-11-14 08:00:00,35.814,35.821,35.745,35.77
2022-11-14 08:30:00,35.771,35.786,35.752,35.756
2022-11-14 09:00:00,35.756,35.796,35.75,35.785
2022-11-14 09:30:00,35.785,35.823,35.764,35.799
2022-11-14 10:00:00,35.8,35.803,35.77,35.8
2022-11-14 10:30:00,35.8,35.814,35.782,35.801
2022-11-14 11:00:00,35.801,35.901,35.801,35.89
2022-11-14 11:30:00,35.889,35.915,35.861,35.913
2022-11-14 12:00:00,35.912,35.964,35.906,35.911
2022-11-14 12:30:00,35.909,35.934,35.901,35.91
2022-11-14 13:00:00,35.911,35.935,35.911,35.929
2022-11-14 13:30:00,35.93,35.93,35.844,35.848
2022-11-14 14:00:00,35.847,35.888,35.842,35.877
2022-11-14 14:30:00,35.877,35.887,35.821,35.824
2022-11-14 15:00:00,35.823,35.856,35.808,35.846
2022-11-14 15:30:00,35.851,35.862,35.772,35.813
2022-11-14 16:00:00,35.811,35.838,35.792,35.831
2022-11-14 16:30:00,35.83,35.862,35.808,35.848
2022-11-14 17:00:00,35.846,35.85,35.777,35.778
2022-11-14 17:30:00,35.779,35.8,35.762,35.769
2022-11-14 18:00:00,35.768,35.777,35.764,35.768
2022-11-14 18:30:00,35.766,35.774,35.752,35.762
2022-11-14 19:00:00,35.762,35.771,35.758,35.759
2022-11-14 19:30:00,35.759,35.768,35.758,35.761
2022-11-14 20:00:00,35.761,35.761,35.752,35.753
2022-11-14 20:30:00,35.752,35.753,35.719,35.719
2022-11-14 21:00:00,35.719,35.725,35.717,35.722
2022-11-14 21:30:00,35.721,35.723,35.687,35.689
2022-11-14 22:00:00,35.689,35.689,35.674,35.681
2022-11-14 22:30:00,35.681,35.688,35.672,35.682
2022-11-14 23:00:00,35.683,35.691,35.679,35.684
2022-11-14 23:30:00,35.684,35.695,35.638,35.654
2022-11-15 00:00:00,35.649,35.691,35.64,35.676
2022-11-15 00:30:00,35.676,35.679,35.671,35.671
2022-11-15 01:00:00,35.676,35.679,35.671,35.677
2022-11-15 01:30:00,35.678,35.709,35.675,35.68
2022-11-15 02:00:00,35.679,35.732,35.678,35.718
2022-11-15 02:30:00,35.717,35.735,35.643,35.666
2022-11-15 03:00:00,35.666,35.692,35.634,35.692
2022-11-15 03:30:00,35.691,35.715,35.664,35.696
2022-11-15 04:00:00,35.696,35.741,35.693,35.704
2022-11-15 04:30:00,35.703,35.758,35.694,35.743
2022-11-15 05:00:00,35.744,35.75,35.701,35.73
2022-11-15 05:30:00,35.731,35.739,35.706,35.724
2022-11-15 06:00:00,35.725,35.741,35.715,35.73
2022-11-15 06:30:00,35.73,35.735,35.722,35.727
2022-11-15 07:00:00,35.727,35.727,35.624,35.649
2022-11-15 07:30:00,35.649,35.672,35.64,35.672
2022-11-15 08:00:00,35.673,35.713,35.672,35.704
2022-11-15 08:30:00,35.697,35.726,35.679,35.707
2022-11-15 09:00:00,35.708,35.716,35.593,35.616
2022-11-15 09:30:00,35.615,35.621,35.536,35.545
2022-11-15 10:00:00,35.546,35.58,35.518,35.535
2022-11-15 10:30:00,35.534,35.563,35.521,35.54
2022-11-15 11:00:00,35.541,35.593,35.526,35.589
2022-11-15 11:30:00,35.59,35.635,35.557,35.56
2022-11-15 12:00:00,35.559,35.586,35.538,35.546
2022-11-15 12:30:00,35.54,35.547,35.481,35.484
2022-11-15 13:00:00,35.483,35.525,35.472,35.508
2022-11-15 13:30:00,35.509,35.528,35.506,35.517
2022-11-15 14:00:00,35.517,35.542,35.499,35.511
2022-11-15 14:30:00,35.512,35.52,35.476,35.501
2022-11-15 15:00:00,35.501,35.545,35.489,35.544
2022-11-15 15:30:00,35.543,35.543,35.374,35.457
2022-11-15 16:00:00,35.457,35.524,35.452,35.524
2022-11-15 16:30:00,35.523,35.594,35.503,35.513
2022-11-15 17:00:00,35.512,35.547,35.486,35.498
2022-11-15 17:30:00,35.498,35.534,35.48,35.522
2022-11-15 18:00:00,35.523,35.602,35.502,35.553
2022-11-15 18:30:00,35.553,35.553,35.531,35.54
2022-11-15 19:00:00,35.54,35.559,35.539,35.556
2022-11-15 19:30:00,35.554,35.566,35.554,35.563
2022-11-15 20:00:00,35.563,35.587,35.56,35.578
2022-11-15 20:30:00,35.579,35.591,35.566,35.582
2022-11-15 21:00:00,35.582,35.595,35.574,35.588
2022-11-15 21:30:00,35.587,35.594,35.576,35.583
2022-11-15 22:00:00,35.583,35.593,35.58,35.592
2022-11-15 22:30:00,35.591,35.595,35.524,35.529
2022-11-15 23:00:00,35.528,35.536,35.527,35.534
2022-11-15 23:30:00,35.535,35.56,35.517,35.55
2022-11-16 00:00:00,35.522,35.551,35.403,35.527
2022-11-16 00:30:00,35.522,35.527,35.508,35.522
2022-11-16 01:00:00,35.514,35.55,35.512,35.549
2022-11-16 01:30:00,35.547,35.582,35.547,35.557
2022-11-16 02:00:00,35.552,35.663,35.552,35.663
2022-11-16 02:30:00,35.663,35.684,35.608,35.676
2022-11-16 03:00:00,35.676,35.684,35.635,35.672
2022-11-16 03:30:00,35.672,35.731,35.67,35.714
2022-11-16 04:00:00,35.714,35.714,35.57,35.615
2022-11-16 04:30:00,35.615,35.673,35.607,35.62
2022-11-16 05:00:00,35.619,35.726,35.619,35.706
2022-11-16 05:30:00,35.705,35.765,35.697,35.761
2022-11-16 06:00:00,35.762,35.828,35.747,35.758
2022-11-16 06:30:00,35.758,35.781,35.742,35.761
2022-11-16 07:00:00,35.759,35.769,35.658,35.71
2022-11-16 07:30:00,35.71,35.712,35.636,35.641
2022-11-16 08:00:00,35.64,35.684,35.622,35.658
2022-11-16 08:30:00,35.657,35.704,35.654,35.676
2022-11-16 09:00:00,35.676,35.779,35.674,35.722
2022-11-16 09:30:00,35.723,35.73,35.645,35.669
2022-11-16 10:00:00,35.67,35.733,35.661,35.723
2022-11-16 10:30:00,35.723,35.737,35.69,35.692
2022-11-16 11:00:00,35.691,35.71,35.675,35.71
2022-11-16 11:30:00,35.711,35.722,35.651,35.678
2022-11-16 12:00:00,35.679,35.681,35.613,35.618
2022-11-16 12:30:00,35.618,35.639,35.521,35.557
2022-11-16 13:00:00,35.556,35.61,35.541,35.583
2022-11-16 13:30:00,35.584,35.676,35.583,35.669
2022-11-16 14:00:00,35.67,35.676,35.619,35.642
2022-11-16 14:30:00,35.641,35.658,35.601,35.633
2022-11-16 15:00:00,35.632,35.718,35.603,35.657
2022-11-16 15:30:00,35.658,35.76,35.62,35.743
2022-11-16 16:00:00,35.743,35.756,35.678,35.714
2022-11-16 16:30:00,35.715,35.764,35.701,35.74
2022-11-16 17:00:00,35.74,35.816,35.739,35.801
2022-11-16 17:30:00,35.8,35.804,35.653,35.681
2022-11-16 18:00:00,35.684,35.746,35.652,35.734
2022-11-16 18:30:00,35.733,35.768,35.733,35.752
2022-11-16 19:00:00,35.755,35.76,35.739,35.75
2022-11-16 19:30:00,35.749,35.75,35.727,35.729
2022-11-16 20:00:00,35.73,35.744,35.718,35.732
2022-11-16 20:30:00,35.731,35.762,35.731,35.751
2022-11-16 21:00:00,35.751,35.76,35.731,35.742
2022-11-16 21:30:00,35.743,35.784,35.74,35.756
2022-11-16 22:00:00,35.756,35.803,35.752,35.803
2022-11-16 22:30:00,35.802,35.804,35.746,35.791
2022-11-16 23:00:00,35.789,35.797,35.785,35.789
2022-11-16 23:30:00,35.79,35.792,35.678,35.678
2022-11-17 00:00:00,35.663,35.719,35.662,35.719
2022-11-17 00:30:00,35.703,35.717,35.677,35.717
2022-11-17 01:00:00,35.721,35.807,35.701,35.798
2022-11-17 01:30:00,35.799,35.813,35.796,35.811
2022-11-17 02:00:00,35.812,35.824,35.769,35.779
2022-11-17 02:30:00,35.777,35.802,35.764,35.783
2022-11-17 03:00:00,35.783,35.807,35.755,35.8
2022-11-17 03:30:00,35.8,35.881,35.79,35.864
2022-11-17 04:00:00,35.863,35.912,35.852,35.875
2022-11-17 04:30:00,35.874,35.902,35.863,35.895
2022-11-17 05:00:00,35.896,35.905,35.878,35.892
2022-11-17 05:30:00,35.893,35.893,35.828,35.845
2022-11-17 06:00:00,35.843,35.867,35.839,35.865
2022-11-17 06:30:00,35.866,35.891,35.85,35.886
2022-11-17 07:00:00,35.887,35.902,35.842,35.859
2022-11-17 07:30:00,35.86,35.872,35.843,35.852
2022-11-17 08:00:00,35.855,35.865,35.842,35.848
2022-11-17 08:30:00,35.848,35.871,35.826,35.827
2022-11-17 09:00:00,35.826,35.856,35.813,35.84
2022-11-17 09:30:00,35.841,35.842,35.715,35.754
2022-11-17 10:00:00,35.755,35.778,35.693,35.749
2022-11-17 10:30:00,35.75,35.782,35.723,35.762
2022-11-17 11:00:00,35.767,35.805,35.762,35.772
2022-11-17 11:30:00,35.772,35.885,35.772,35.885
2022-11-17 12:00:00,35.886,35.914,35.853,35.886
2022-11-17 12:30:00,35.887,35.989,35.887,35.973
2022-11-17 13:00:00,35.974,35.983,35.942,35.958
2022-11-17 13:30:00,35.959,35.962,35.93,35.934
2022-11-17 14:00:00,35.935,35.937,35.878,35.904
2022-11-17 14:30:00,35.903,35.985,35.892,35.911
2022-11-17 15:00:00,35.912,35.982,35.907,35.951
2022-11-17 15:30:00,35.944,36.002,35.937,36.002
2022-11-17 16:00:00,36.002,36.024,35.964,35.97
2022-11-17 16:30:00,35.972,35.977,35.919,35.952
2022-11-17 17:00:00,35.954,35.966,35.911,35.919
2022-11-17 17:30:00,35.92,35.97,35.917,35.931
2022-11-17 18:00:00,35.931,35.993,35.93,35.976
2022-11-17 18:30:00,35.977,35.988,35.96,35.96
2022-11-17 19:00:00,35.961,35.961,35.922,35.929
2022-11-17 19:30:00,35.93,35.93,35.899,35.905
2022-11-17 20:00:00,35.904,35.905,35.859,35.864
2022-11-17 20:30:00,35.864,35.864,35.834,35.846
2022-11-17 21:00:00,35.846,35.851,35.844,35.848
2022-11-17 21:30:00,35.847,35.853,35.843,35.847
2022-11-17 22:00:00,35.848,35.851,35.841,35.845
2022-11-17 22:30:00,35.845,35.879,35.826,35.846
2022-11-17 23:00:00,35.844,35.854,35.817,35.821
2022-11-17 23:30:00,35.822,35.824,35.771,35.771
2022-11-18 00:00:00,35.72,35.824,35.72,35.824
2022-11-18 00:30:00,35.798,35.846,35.791,35.814
2022-11-18 01:00:00,35.818,35.854,35.807,35.825
2022-11-18 01:30:00,35.824,35.882,35.82,35.857
2022-11-18 02:00:00,35.859,35.876,35.827,35.831
2022-11-18 02:30:00,35.832,35.835,35.779,35.819
2022-11-18 03:00:00,35.819,35.842,35.783,35.79
2022-11-18 03:30:00,35.791,35.855,35.78,35.842
2022-11-18 04:00:00,35.843,35.843,35.81,35.816
2022-11-18 04:30:00,35.816,35.842,35.801,35.836
2022-11-18 05:00:00,35.836,35.898,35.832,35.861
2022-11-18 05:30:00,35.86,35.864,35.76,35.811
2022-11-18 06:00:00,35.811,35.839,35.808,35.839
2022-11-18 06:30:00,35.84,35.866,35.834,35.847
2022-11-18 07:00:00,35.847,35.871,35.841,35.868
2022-11-18 07:30:00,35.868,35.882,35.827,35.829
2022-11-18 08:00:00,35.83,35.89,35.83,35.874
2022-11-18 08:30:00,35.873,35.912,35.86,35.862
2022-11-18 09:00:00,35.861,35.874,35.832,35.868
2022-11-18 09:30:00,35.869,35.892,35.835,35.863
2022-11-18 10:00:00,35.862,35.892,35.846,35.851
2022-11-18 10:30:00,35.851,35.862,35.83,35.846
2022-11-18 11:00:00,35.844,35.855,35.752,35.754
2022-11-18 11:30:00,35.755,35.775,35.706,35.765
2022-11-18 12:00:00,35.766,35.779,35.715,35.731
2022-11-18 12:30:00,35.731,35.733,35.684,35.708
2022-11-18 13:00:00,35.707,35.754,35.702,35.743
2022-11-18 13:30:00,35.743,35.812,35.733,35.811
2022-11-18 14:00:00,35.812,35.815,35.73,35.742
2022-11-18 14:30:00,35.742,35.776,35.738,35.758
2022-11-18 15:00:00,35.757,35.773,35.71,35.721
2022-11-18 15:30:00,35.722,35.742,35.705,35.734
2022-11-18 16:00:00,35.733,35.778,35.727,35.778
2022-11-18 16:30:00,35.777,35.853,35.769,35.83
2022-11-18 17:00:00,35.83,35.832,35.793,35.794
2022-11-18 17:30:00,35.794,35.803,35.761,35.762
2022-11-18 18:00:00,35.761,35.77,35.761,35.768
2022-11-18 18:30:00,35.77,35.793,35.759,35.793
2022-11-18 19:00:00,35.794,35.827,35.792,35.822
2022-11-18 19:30:00,35.82,35.822,35.813,35.819
2022-11-18 20:00:00,35.82,35.823,35.819,35.82
2022-11-18 20:30:00,35.821,35.859,35.811,35.813
2022-11-18 21:00:00,35.812,35.857,35.812,35.847
2022-11-18 21:30:00,35.847,35.847,35.83,35.838
2022-11-18 22:00:00,35.836,35.839,35.8,35.809
2022-11-18 22:30:00,35.808,35.811,35.806,35.806
2022-11-18 23:00:00,35.806,35.849,35.804,35.821
2022-11-18 23:30:00,35.82,35.827,35.744,35.813
2022-11-21 00:00:00,35.825,36.314,35.702,35.703
2022-11-21 00:30:00,35.704,35.755,35.704,35.73
2022-11-21 01:00:00,35.74,35.763,35.74,35.762
2022-11-21 01:30:00,35.762,35.762,35.749,35.751
2022-11-21 02:00:00,35.75,35.806,35.727,35.806
2022-11-21 02:30:00,35.805,35.923,35.802,35.922
2022-11-21 03:00:00,35.923,36.009,35.921,35.995
2022-11-21 03:30:00,35.995,36.024,35.96,36.006
2022-11-21 04:00:00,36.006,36.049,36.005,36.018
2022-11-21 04:30:00,36.018,36.038,35.989,36.038
2022-11-21 05:00:00,36.038,36.041,36.009,36.023
2022-11-21 05:30:00,36.022,36.034,35.994,36.034
2022-11-21 06:00:00,36.034,36.039,36.017,36.032
2022-11-21 06:30:00,36.032,36.072,36.032,36.066
2022-11-21 07:00:00,36.066,36.079,36.05,36.064
2022-11-21 07:30:00,36.065,36.065,36.037,36.064
2022-11-21 08:00:00,36.065,36.088,36.051,36.082
2022-11-21 08:30:00,36.082,36.153,36.082,36.142
2022-11-21 09:00:00,36.14,36.141,36.105,36.111
2022-11-21 09:30:00,36.112,36.189,36.089,36.167
2022-11-21 10:00:00,36.166,36.201,36.156,36.188
2022-11-21 10:30:00,36.188,36.206,36.16,36.174
2022-11-21 11:00:00,36.173,36.217,36.168,36.216
2022-11-21 11:30:00,36.217,36.247,36.203,36.234
2022-11-21 12:00:00,36.234,36.235,36.212,36.227
2022-11-21 12:30:00,36.227,36.247,36.218,36.221
2022-11-21 13:00:00,36.222,36.223,36.194,36.206
2022-11-21 13:30:00,36.207,36.239,36.204,36.239
2022-11-21 14:00:00,36.24,36.242,36.231,36.239
2022-11-21 14:30:00,36.24,36.243,36.223,36.237
2022-11-21 15:00:00,36.235,36.242,36.209,36.211
2022-11-21 15:30:00,36.21,36.229,36.21,36.219
2022-11-21 16:00:00,36.218,36.228,36.198,36.204
2022-11-21 16:30:00,36.195,36.205,36.171,36.179
2022-11-21 17:00:00,36.18,36.206,36.164,36.186
2022-11-21 17:30:00,36.186,36.237,36.18,36.235
2022-11-21 18:00:00,36.234,36.25,36.229,36.248
2022-11-21 18:30:00,36.248,36.283,36.243,36.282
2022-11-21 19:00:00,36.282,36.294,36.268,36.292
2022-11-21 19:30:00,36.292,36.293,36.281,36.284
2022-11-21 20:00:00,36.285,36.293,36.279,36.292
2022-11-21 20:30:00,36.291,36.294,36.29,36.293
2022-11-21 21:00:00,36.293,36.296,36.289,36.29
2022-11-21 21:30:00,36.291,36.3,36.283,36.292
2022-11-21 22:00:00,36.291,36.3,36.286,36.297
2022-11-21 22:30:00,36.296,36.301,36.29,36.293
2022-11-21 23:00:00,36.293,36.295,36.281,36.288
2022-11-21 23:30:00,36.287,36.291,36.246,36.246
2022-11-22 00:00:00,36.26,36.282,36.216,36.281
2022-11-22 00:30:00,36.281,36.281,36.269,36.272
2022-11-22 01:00:00,36.271,36.278,36.265,36.275
2022-11-22 01:30:00,36.275,36.281,36.275,36.281
2022-11-22 02:00:00,36.282,36.295,36.266,36.267
2022-11-22 02:30:00,36.269,36.278,36.251,36.265
2022-11-22 03:00:00,36.265,36.269,36.173,36.177
2022-11-22 03:30:00,36.175,36.207,36.146,36.192
2022-11-22 04:00:00,36.196,36.2,36.172,36.181
2022-11-22 04:30:00,36.179,36.198,36.154,36.156
2022-11-22 05:00:00,36.157,36.179,36.154,36.172
2022-11-22 05:30:00,36.173,36.18,36.153,36.165
2022-11-22 06:00:00,36.166,36.192,36.164,36.173
2022-11-22 06:30:00,36.173,36.176,36.159,36.166
2022-11-22 07:00:00,36.166,36.174,36.156,36.17
2022-11-22 07:30:00,36.171,36.179,36.167,36.171
2022-11-22 08:00:00,36.171,36.171,36.119,36.146
2022-11-22 08:30:00,36.146,36.17,36.145,36.165
2022-11-22 09:00:00,36.164,36.17,36.142,36.167
2022-11-22 09:30:00,36.166,36.174,36.123,36.136
2022-11-22 10:00:00,36.136,36.166,36.077,36.078
2022-11-22 10:30:00,36.079,36.122,36.057,36.104
2022-11-22 11:00:00,36.104,36.115,36.074,36.1
2022-11-22 11:30:00,36.099,36.101,36.044,36.078
2022-11-22 12:00:00,36.08,36.129,36.08,36.124
2022-11-22 12:30:00,36.123,36.138,36.102,36.118
2022-11-22 13:00:00,36.117,36.125,36.104,36.104
2022-11-22 13:30:00,36.105,36.125,36.099,36.103
2022-11-22 14:00:00,36.103,36.117,36.103,36.113
2022-11-22 14:30:00,36.114,36.145,36.105,36.123
2022-11-22 15:00:00,36.124,36.131,36.108,36.121
2022-11-22 15:30:00,36.121,36.138,36.112,36.134
2022-11-22 16:00:00,36.134,36.139,36.121,36.128
2022-11-22 16:30:00,36.129,36.138,36.124,36.132
2022-11-22 17:00:00,36.13,36.137,36.127,36.127
2022-11-22 17:30:00,36.127,36.141,36.124,36.13
2022-11-22 18:00:00,36.129,36.166,36.126,36.141
2022-11-22 18:30:00,36.14,36.148,36.138,36.138
2022-11-22 19:00:00,36.136,36.14,36.131,36.131
2022-11-22 19:30:00,36.133,36.141,36.127,36.137
2022-11-22 20:00:00,36.138,36.142,36.123,36.123
2022-11-22 20:30:00,36.121,36.126,36.105,36.106
2022-11-22 21:00:00,36.102,36.108,36.094,36.096
2022-11-22 21:30:00,36.096,36.107,36.094,36.094
2022-11-22 22:00:00,36.096,36.099,36.087,36.09
2022-11-22 22:30:00,36.089,36.094,36.078,36.085
2022-11-22 23:00:00,36.085,36.089,36.081,36.087
2022-11-22 23:30:00,36.086,36.095,36.045,36.045
2022-11-23 00:00:00,36.091,36.096,36.088,36.091
2022-11-23 00:30:00,36.091,36.093,36.084,36.087
2022-11-23 01:00:00,36.088,36.096,36.084,36.09
2022-11-23 01:30:00,36.091,36.097,36.09,36.092
2022-11-23 02:00:00,36.091,36.094,36.036,36.052
2022-11-23 02:30:00,36.051,36.076,36.036,36.073
2022-11-23 03:00:00,36.074,36.128,36.063,36.119
2022-11-23 03:30:00,36.118,36.139,36.095,36.104
2022-11-23 04:00:00,36.106,36.131,36.098,36.104
2022-11-23 04:30:00,36.105,36.108,36.081,36.083
2022-11-23 05:00:00,36.083,36.106,36.076,36.105
2022-11-23 05:30:00,36.105,36.16,36.094,36.157
2022-11-23 06:00:00,36.157,36.217,36.143,36.213
2022-11-23 06:30:00,36.213,36.213,36.175,36.179
2022-11-23 07:00:00,36.18,36.198,36.174,36.177
2022-11-23 07:30:00,36.177,36.185,36.155,36.173
2022-11-23 08:00:00,36.174,36.184,36.162,36.184
2022-11-23 08:30:00,36.184,36.196,36.176,36.192
2022-11-23 09:00:00,36.192,36.219,36.185,36.194
2022-11-23 09:30:00,36.195,36.195,36.125,36.168
2022-11-23 10:00:00,36.171,36.212,36.166,36.202
2022-11-23 10:30:00,36.202,36.245,36.194,36.245
2022-11-23 11:00:00,36.244,36.27,36.232,36.254
2022-11-23 11:30:00,36.253,36.264,36.244,36.253
2022-11-23 12:00:00,36.254,36.281,36.251,36.267
2022-11-23 12:30:00,36.266,36.266,36.197,36.247
2022-11-23 13:00:00,36.246,36.256,36.234,36.248
2022-11-23 13:30:00,36.249,36.256,36.237,36.242
2022-11-23 14:00:00,36.24,36.252,36.236,36.245
2022-11-23 14:30:00,36.246,36.264,36.241,36.244
2022-11-23 15:00:00,36.243,36.252,36.23,36.239
2022-11-23 15:30:00,36.238,36.268,36.225,36.231
2022-11-23 16:00:00,36.232,36.242,36.209,36.22
2022-11-23 16:30:00,36.218,36.218,36.059,36.087
2022-11-23 17:00:00,36.081,36.109,36.067,36.074
2022-11-23 17:30:00,36.07,36.074,36.019,36.026
2022-11-23 18:00:00,36.026,36.044,36.025,36.026
2022-11-23 18:30:00,36.026,36.051,36.023,36.035
2022-11-23 19:00:00,36.038,36.042,36.021,36.033
2022-11-23 19:30:00,36.032,36.062,36.025,36.036
2022-11-23 20:00:00,36.036,36.05,36.032,36.035
2022-11-23 20:30:00,36.036,36.036,36.021,36.021
2022-11-23 21:00:00,36.022,36.028,35.965,35.986
2022-11-23 21:30:00,35.987,36.006,35.977,35.983
2022-11-23 22:00:00,35.984,35.989,35.978,35.987
2022-11-23 22:30:00,35.988,35.994,35.985,35.986
2022-11-23 23:00:00,35.986,35.987,35.981,35.983
2022-11-23 23:30:00,35.984,36.004,35.947,35.951
2022-11-24 00:00:00,35.961,35.997,35.961,35.996
2022-11-24 00:30:00,35.988,35.995,35.967,35.99
2022-11-24 01:00:00,35.989,35.996,35.972,35.98
2022-11-24 01:30:00,35.981,35.989,35.972,35.972
2022-11-24 02:00:00,35.971,36.017,35.96,36.003
2022-11-24 02:30:00,36.002,36.049,35.988,36.019
2022-11-24 03:00:00,36.02,36.035,35.997,36.035
2022-11-24 03:30:00,36.037,36.056,36.013,36.027
2022-11-24 04:00:00,36.028,36.039,36.019,36.032
2022-11-24 04:30:00,36.032,36.037,36.02,36.026
2022-11-24 05:00:00,36.025,36.026,36.009,36.014
2022-11-24 05:30:00,36.014,36.057,35.866,35.911
2022-11-24 06:00:00,35.914,35.947,35.892,35.918
2022-11-24 06:30:00,35.919,35.939,35.911,35.922
2022-11-24 07:00:00,35.922,35.941,35.916,35.921
2022-11-24 07:30:00,35.92,35.929,35.912,35.913
2022-11-24 08:00:00,35.913,35.919,35.877,35.896
2022-11-24 08:30:00,35.895,35.895,35.851,35.867
2022-11-24 09:00:00,35.868,35.874,35.818,35.853
2022-11-24 09:30:00,35.854,35.873,35.829,35.866
2022-11-24 10:00:00,35.865,35.901,35.86,35.876
2022-11-24 10:30:00,35.875,35.877,35.818,35.818
2022-11-24 11:00:00,35.818,35.819,35.74,35.752
2022-11-24 11:30:00,35.753,35.796,35.734,35.767
2022-11-24 12:00:00,35.768,35.769,35.692,35.725
2022-11-24 12:30:00,35.725,35.785,35.725,35.77
2022-11-24 13:00:00,35.77,35.809,35.762,35.8
2022-11-24 13:30:00,35.799,35.801,35.781,35.787
2022-11-24 14:00:00,35.785,35.796,35.767,35.79
2022-11-24 14:30:00,35.788,35.792,35.756,35.758
2022-11-24 15:00:00,35.76,35.817,35.76,35.769
2022-11-24 15:30:00,35.769,35.773,35.71,35.719
2022-11-24 16:00:00,35.714,35.715,35.701,35.703
2022-11-24 16:30:00,35.703,35.722,35.702,35.718
2022-11-24 17:00:00,35.718,35.747,35.713,35.722
2022-11-24 17:30:00,35.721,35.742,35.717,35.724
2022-11-24 18:00:00,35.723,35.726,35.712,35.715
2022-11-24 18:30:00,35.715,35.771,35.707,35.72
2022-11-24 19:00:00,35.714,35.721,35.714,35.718
2022-11-24 19:30:00,35.726,35.727,35.714,35.722
2022-11-24 20:00:00,35.721,35.789,35.713,35.742
2022-11-24 20:30:00,35.742,35.746,35.721,35.726
2022-11-24 21:00:00,35.726,35.728,35.717,35.72
2022-11-24 21:30:00,35.722,35.778,35.716,35.726
2022-11-24 22:00:00,35.725,35.734,35.72,35.729
2022-11-24 22:30:00,35.727,35.734,35.724,35.73
2022-11-24 23:00:00,35.734,35.736,35.723,35.726
2022-11-24 23:30:00,35.728,35.733,35.684,35.701
2022-11-25 00:00:00,35.718,35.727,35.709,35.721
2022-11-25 00:30:00,35.716,35.722,35.704,35.704
2022-11-25 01:00:00,35.703,35.728,35.698,35.728
2022-11-25 01:30:00,35.727,35.752,35.71,35.745
2022-11-25 02:00:00,35.746,35.79,35.714,35.788
2022-11-25 02:30:00,35.79,35.808,35.754,35.761
2022-11-25 03:00:00,35.761,35.789,35.725,35.725
2022-11-25 03:30:00,35.728,35.745,35.654,35.667
2022-11-25 04:00:00,35.667,35.688,35.64,35.658
2022-11-25 04:30:00,35.659,35.661,35.639,35.643
2022-11-25 05:00:00,35.643,35.671,35.633,35.633
2022-11-25 05:30:00,35.634,35.635,35.595,35.597
2022-11-25 06:00:00,35.595,35.611,35.565,35.604
2022-11-25 06:30:00,35.605,35.615,35.6,35.607
2022-11-25 07:00:00,35.607,35.656,35.606,35.654
2022-11-25 07:30:00,35.653,35.656,35.623,35.632
2022-11-25 08:00:00,35.633,35.685,35.625,35.683
2022-11-25 08:30:00,35.684,35.707,35.668,35.692
2022-11-25 09:00:00,35.691,35.716,35.654,35.68
2022-11-25 09:30:00,35.68,35.724,35.666,35.718
2022-11-25 10:00:00,35.715,35.733,35.693,35.713
2022-11-25 10:30:00,35.713,35.743,35.688,35.715
2022-11-25 11:00:00,35.71,35.78,35.709,35.774
2022-11-25 11:30:00,35.773,35.843,35.762,35.827
2022-11-25 12:00:00,35.826,35.834,35.787,35.79
2022-11-25 12:30:00,35.789,35.814,35.773,35.811
2022-11-25 13:00:00,35.81,35.836,35.81,35.822
2022-11-25 13:30:00,35.821,35.84,35.82,35.84
2022-11-25 14:00:00,35.839,35.839,35.806,35.807
2022-11-25 14:30:00,35.808,35.808,35.757,35.783
2022-11-25 15:00:00,35.784,35.817,35.762,35.804
2022-11-25 15:30:00,35.804,35.831,35.798,35.824
2022-11-25 16:00:00,35.824,35.825,35.802,35.81
2022-11-25 16:30:00,35.81,35.811,35.8,35.804
2022-11-25 17:00:00,35.803,35.807,35.782,35.789
2022-11-25 17:30:00,35.79,35.795,35.772,35.795
2022-11-25 18:00:00,35.796,35.8,35.791,35.795
2022-11-25 18:30:00,35.796,35.798,35.773,35.78
2022-11-25 19:00:00,35.777,35.782,35.762,35.766
2022-11-25 19:30:00,35.768,35.773,35.756,35.759
2022-11-25 20:00:00,35.76,35.766,35.748,35.76
2022-11-25 20:30:00,35.762,35.762,35.72,35.727
2022-11-25 21:00:00,35.73,35.73,35.727,35.727
2022-11-25 21:30:00,35.726,35.753,35.72,35.723
2022-11-25 22:00:00,35.72,35.727,35.706,35.726
2022-11-25 22:30:00,35.725,35.727,35.707,35.714
2022-11-25 23:00:00,35.717,35.723,35.685,35.706
2022-11-25 23:30:00,35.707,35.722,35.703,35.703
2022-11-28 00:00:00,35.829,36.079,35.505,35.773
2022-11-28 00:30:00,35.784,35.793,35.715,35.756
2022-11-28 01:00:00,35.757,35.999,35.757,35.976
2022-11-28 01:30:00,35.977,35.989,35.957,35.962
2022-11-28 02:00:00,35.964,35.967,35.913,35.913
2022-11-28 02:30:00,35.915,35.942,35.891,35.938
2022-11-28 03:00:00,35.937,35.993,35.929,35.984
2022-11-28 03:30:00,35.985,36.075,35.971,36.021
2022-11-28 04:00:00,36.02,36.042,35.935,35.938
2022-11-28 04:30:00,35.939,35.939,35.808,35.845
2022-11-28 05:00:00,35.846,35.871,35.829,35.829
2022-11-28 05:30:00,35.829,35.86,35.772,35.792
2022-11-28 06:00:00,35.793,35.846,35.742,35.745
2022-11-28 06:30:00,35.744,35.767,35.722,35.732
2022-11-28 07:00:00,35.735,35.81,35.735,35.805
2022-11-28 07:30:00,35.807,35.857,35.804,35.848
2022-11-28 08:00:00,35.848,35.875,35.763,35.796
2022-11-28 08:30:00,35.796,35.808,35.763,35.769
2022-11-28 09:00:00,35.77,35.773,35.721,35.764
2022-11-28 09:30:00,35.765,35.779,35.721,35.738
2022-11-28 10:00:00,35.738,35.76,35.627,35.635
2022-11-28 10:30:00,35.636,35.641,35.551,35.551
2022-11-28 11:00:00,35.552,35.588,35.536,35.549
2022-11-28 11:30:00,35.55,35.575,35.518,35.561
2022-11-28 12:00:00,35.559,35.573,35.525,35.542
2022-11-28 12:30:00,35.543,35.557,35.531,35.554
2022-11-28 13:00:00,35.555,35.555,35.502,35.517
2022-11-28 13:30:00,35.518,35.609,35.506,35.573
2022-11-28 14:00:00,35.573,35.626,35.566,35.6
2022-11-28 14:30:00,35.599,35.614,35.575,35.612
2022-11-28 15:00:00,35.613,35.663,35.591,35.64
2022-11-28 15:30:00,35.642,35.663,35.612,35.661
2022-11-28 16:00:00,35.66,35.685,35.655,35.669
2022-11-28 16:30:00,35.67,35.7,35.642,35.669
2022-11-28 17:00:00,35.67,35.685,35.625,35.673
2022-11-28 17:30:00,35.673,35.742,35.668,35.731
2022-11-28 18:00:00,35.732,35.767,35.73,35.761
2022-11-28 18:30:00,35.759,35.765,35.741,35.752
2022-11-28 19:00:00,35.752,35.758,35.693,35.739
2022-11-28 19:30:00,35.738,35.763,35.728,35.761
2022-11-28 20:00:00,35.761,35.802,35.758,35.801
2022-11-28 20:30:00,35.802,35.803,35.794,35.797
2022-11-28 21:00:00,35.796,35.801,35.791,35.791
2022-11-28 21:30:00,35.79,35.814,35.79,35.811
2022-11-28 22:00:00,35.812,35.826,35.808,35.822
2022-11-28 22:30:00,35.822,35.831,35.81,35.814
2022-11-28 23:00:00,35.812,35.83,35.709,35.775
2022-11-28 23:30:00,35.773,35.803,35.629,35.629
2022-11-29 00:00:00,35.695,35.7,35.654,35.7
2022-11-29 00:30:00,35.69,35.714,35.669,35.707
2022-11-29 01:00:00,35.672,35.786,35.59,35.75
2022-11-29 01:30:00,35.751,35.807,35.75,35.807
2022-11-29 02:00:00,35.81,35.834,35.771,35.772
2022-11-29 02:30:00,35.773,35.788,35.746,35.772
2022-11-29 03:00:00,35.772,35.801,35.752,35.779
2022-11-29 03:30:00,35.779,35.78,35.698,35.707
2022-11-29 04:00:00,35.707,35.724,35.657,35.698
2022-11-29 04:30:00,35.698,35.718,35.649,35.714
2022-11-29 05:00:00,35.714,35.723,35.518,35.577
2022-11-29 05:30:00,35.578,35.614,35.56,35.597
2022-11-29 06:00:00,35.596,35.623,35.588,35.622
2022-11-29 06:30:00,35.621,35.625,35.57,35.577
2022-11-29 07:00:00,35.577,35.631,35.577,35.593
2022-11-29 07:30:00,35.593,35.62,35.59,35.598
2022-11-29 08:00:00,35.598,35.662,35.596,35.643
2022-11-29 08:30:00,35.643,35.68,35.603,35.668
2022-11-29 09:00:00,35.669,35.671,35.527,35.558
2022-11-29 09:30:00,35.559,35.577,35.473,35.497
2022-11-29 10:00:00,35.498,35.512,35.476,35.478
2022-11-29 10:30:00,35.479,35.484,35.411,35.449
2022-11-29 11:00:00,35.446,35.494,35.426,35.427
2022-11-29 11:30:00,35.426,35.455,35.417,35.42
2022-11-29 12:00:00,35.419,35.427,35.373,35.381
2022-11-29 12:30:00,35.382,35.39,35.363,35.384
2022-11-29 13:00:00,35.384,35.414,35.37,35.384
2022-11-29 13:30:00,35.384,35.387,35.352,35.354
2022-11-29 14:00:00,35.353,35.395,35.345,35.39
2022-11-29 14:30:00,35.391,35.415,35.382,35.388
2022-11-29 15:00:00,35.389,35.414,35.377,35.387
2022-11-29 15:30:00,35.385,35.463,35.382,35.402
2022-11-29 16:00:00,35.396,35.46,35.353,35.442
2022-11-29 16:30:00,35.441,35.454,35.404,35.417
2022-11-29 17:00:00,35.407,35.429,35.372,35.381
2022-11-29 17:30:00,35.38,35.433,35.375,35.425
2022-11-29 18:00:00,35.424,35.471,35.402,35.469
2022-11-29 18:30:00,35.468,35.469,35.429,35.448
2022-11-29 19:00:00,35.447,35.447,35.437,35.445
2022-11-29 19:30:00,35.444,35.45,35.437,35.449
2022-11-29 20:00:00,35.449,35.462,35.426,35.459
2022-11-29 20:30:00,35.461,35.463,35.424,35.424
2022-11-29 21:00:00,35.426,35.43,35.41,35.423
2022-11-29 21:30:00,35.424,35.431,35.421,35.43
2022-11-29 22:00:00,35.431,35.46,35.429,35.46
2022-11-29 22:30:00,35.46,35.471,35.454,35.457
2022-11-29 23:00:00,35.458,35.48,35.455,35.469
2022-11-29 23:30:00,35.468,35.472,35.412,35.421
2022-11-30 00:00:00,35.468,35.471,35.377,35.403
2022-11-30 00:30:00,35.401,35.449,35.377,35.388
2022-11-30 01:00:00,35.387,35.419,35.374,35.411
2022-11-30 01:30:00,35.4,35.415,35.393,35.413
2022-11-30 02:00:00,35.413,35.45,35.396,35.422
2022-11-30 02:30:00,35.427,35.532,35.391,35.508
2022-11-30 03:00:00,35.506,35.511,35.435,35.453
2022-11-30 03:30:00,35.452,35.458,35.332,35.387
2022-11-30 04:00:00,35.386,35.392,35.331,35.343
2022-11-30 04:30:00,35.344,35.384,35.342,35.383
2022-11-30 05:00:00,35.381,35.388,35.359,35.381
2022-11-30 05:30:00,35.381,35.382,35.353,35.362
2022-11-30 06:00:00,35.362,35.37,35.311,35.321
2022-11-30 06:30:00,35.32,35.33,35.3,35.328
2022-11-30 07:00:00,35.328,35.332,35.291,35.31
2022-11-30 07:30:00,35.31,35.347,35.304,35.317
2022-11-30 08:00:00,35.318,35.338,35.313,35.324
2022-11-30 08:30:00,35.325,35.375,35.319,35.336
2022-11-30 09:00:00,35.335,35.348,35.27,35.272
2022-11-30 09:30:00,35.271,35.298,35.25,35.256
2022-11-30 10:00:00,35.255,35.26,35.182,35.231
2022-11-30 10:30:00,35.232,35.279,35.226,35.231
2022-11-30 11:00:00,35.231,35.239,35.193,35.229
2022-11-30 11:30:00,35.228,35.295,35.226,35.264
2022-11-30 12:00:00,35.263,35.3,35.254,35.264
2022-11-30 12:30:00,35.263,35.264,35.215,35.264
2022-11-30 13:00:00,35.267,35.267,35.232,35.233
2022-11-30 13:30:00,35.234,35.252,35.205,35.223
2022-11-30 14:00:00,35.223,35.258,35.216,35.238
2022-11-30 14:30:00,35.238,35.279,35.234,35.278
2022-11-30 15:00:00,35.278,35.292,35.193,35.218
2022-11-30 15:30:00,35.22,35.282,35.217,35.278
2022-11-30 16:00:00,35.276,35.29,35.179,35.182
2022-11-30 16:30:00,35.181,35.246,35.166,35.198
2022-11-30 17:00:00,35.194,35.295,35.183,35.288
2022-11-30 17:30:00,35.287,35.329,35.275,35.293
2022-11-30 18:00:00,35.293,35.302,35.261,35.262
2022-11-30 18:30:00,35.262,35.266,35.239,35.264
2022-11-30 19:00:00,35.262,35.311,35.257,35.301
2022-11-30 19:30:00,35.301,35.32,35.264,35.266
2022-11-30 20:00:00,35.265,35.286,35.25,35.283
2022-11-30 20:30:00,35.282,35.291,35.207,35.221
2022-11-30 21:00:00,35.219,35.223,35.126,35.154
2022-11-30 21:30:00,35.155,35.156,35.116,35.123
2022-11-30 22:00:00,35.124,35.13,35.108,35.128
2022-11-30 22:30:00,35.128,35.132,35.105,35.132
2022-11-30 23:00:00,35.123,35.134,35.119,35.123
2022-11-30 23:30:00,35.125,35.128,35.051,35.059
2022-12-01 00:00:00,35.102,35.114,35.071,35.105
2022-12-01 00:30:00,35.106,35.108,35.079,35.087
2022-12-01 01:00:00,35.086,35.11,35.083,35.101
2022-12-01 01:30:00,35.101,35.101,35.064,35.077
2022-12-01 02:00:00,35.078,35.078,35.034,35.049
2022-12-01 02:30:00,35.049,35.052,35.017,35.023
2022-12-01 03:00:00,35.022,35.112,34.979,35.074
2022-12-01 03:30:00,35.073,35.088,35.022,35.044
2022-12-01 04:00:00,35.044,35.092,34.981,34.991
2022-12-01 04:30:00,34.991,35.013,34.962,35.005
2022-12-01 05:00:00,35.006,35.03,35.002,35.004
2022-12-01 05:30:00,35.009,35.009,34.972,34.976
2022-12-01 06:00:00,34.977,34.986,34.963,34.971
2022-12-01 06:30:00,34.973,34.987,34.958,34.976
2022-12-01 07:00:00,34.977,34.98,34.938,34.962
2022-12-01 07:30:00,34.962,34.963,34.865,34.897
2022-12-01 08:00:00,34.897,35.004,34.854,35.001
2022-12-01 08:30:00,35.0,35.014,34.956,34.96
2022-12-01 09:00:00,34.96,34.973,34.891,34.905
2022-12-01 09:30:00,34.907,35.047,34.904,35.029
2022-12-01 10:00:00,35.027,35.082,34.996,35.049
2022-12-01 10:30:00,35.05,35.054,34.949,34.954
2022-12-01 11:00:00,34.954,35.003,34.949,34.985
2022-12-01 11:30:00,34.985,35.017,34.956,34.972
2022-12-01 12:00:00,34.971,34.981,34.942,34.953
2022-12-01 12:30:00,34.953,34.995,34.952,34.973
2022-12-01 13:00:00,34.97,34.985,34.956,34.959
2022-12-01 13:30:00,34.96,34.964,34.953,34.959
2022-12-01 14:00:00,34.959,34.963,34.93,34.944
2022-12-01 14:30:00,34.943,34.945,34.923,34.938
2022-12-01 15:00:00,34.937,34.955,34.92,34.925
2022-12-01 15:30:00,34.92,34.935,34.847,34.906
2022-12-01 16:00:00,34.907,34.909,34.798,34.803
2022-12-01 16:30:00,34.802,34.83,34.77,34.775
2022-12-01 17:00:00,34.777,34.887,34.76,34.871
2022-12-01 17:30:00,34.872,34.898,34.817,34.833
2022-12-01 18:00:00,34.834,34.848,34.818,34.841
2022-12-01 18:30:00,34.837,34.84,34.776,34.799
2022-12-01 19:00:00,34.797,34.811,34.79,34.79
2022-12-01 19:30:00,34.79,34.799,34.777,34.78
2022-12-01 20:00:00,34.78,34.782,34.776,34.778
2022-12-01 20:30:00,34.777,34.782,34.775,34.779
2022-12-01 21:00:00,34.779,34.788,34.773,34.787
2022-12-01 21:30:00,34.788,34.788,34.787,34.787
2022-12-01 22:00:00,34.787,34.787,34.786,34.787
2022-12-01 22:30:00,34.787,34.787,34.777,34.778
2022-12-01 23:00:00,34.779,34.81,34.777,34.81
2022-12-01 23:30:00,34.806,34.833,34.704,34.73
2022-12-02 00:00:00,34.743,34.773,34.734,34.767
2022-12-02 00:30:00,34.762,34.772,34.726,34.761
2022-12-02 01:00:00,34.776,34.785,34.768,34.783
2022-12-02 01:30:00,34.784,34.803,34.783,34.786
2022-12-02 02:00:00,34.786,34.812,34.786,34.81
2022-12-02 02:30:00,34.81,34.842,34.782,34.842
2022-12-02 03:00:00,34.842,34.87,34.751,34.764
2022-12-02 03:30:00,34.764,34.805,34.749,34.777
2022-12-02 04:00:00,34.778,34.805,34.769,34.789
2022-12-02 04:30:00,34.788,34.811,34.766,34.769
2022-12-02 05:00:00,34.769,34.812,34.767,34.793
2022-12-02 05:30:00,34.792,34.805,34.772,34.802
2022-12-02 06:00:00,34.8,34.805,34.772,34.774
2022-12-02 06:30:00,34.774,34.784,34.766,34.773
2022-12-02 07:00:00,34.771,34.782,34.77,34.774
2022-12-02 07:30:00,34.775,34.781,34.758,34.768
2022-12-02 08:00:00,34.769,34.77,34.754,34.767
2022-12-02 08:30:00,34.768,34.769,34.743,34.763
2022-12-02 09:00:00,34.762,34.768,34.723,34.746
2022-12-02 09:30:00,34.745,34.749,34.718,34.725
2022-12-02 10:00:00,34.724,34.743,34.716,34.731
2022-12-02 10:30:00,34.73,34.736,34.701,34.717
2022-12-02 11:00:00,34.718,34.757,34.71,34.757
2022-12-02 11:30:00,34.755,34.786,34.724,34.762
2022-12-02 12:00:00,34.762,34.773,34.738,34.746
2022-12-02 12:30:00,34.743,34.752,34.72,34.744
2022-12-02 13:00:00,34.743,34.751,34.726,34.739
2022-12-02 13:30:00,34.739,34.756,34.732,34.742
2022-12-02 14:00:00,34.742,34.751,34.737,34.737
2022-12-02 14:30:00,34.736,34.742,34.731,34.735
2022-12-02 15:00:00,34.735,34.753,34.722,34.747
2022-12-02 15:30:00,34.743,35.017,34.705,34.948
2022-12-02 16:00:00,34.951,34.972,34.844,34.865
2022-12-02 16:30:00,34.866,34.892,34.836,34.844
2022-12-02 17:00:00,34.843,34.886,34.82,34.857
2022-12-02 17:30:00,34.857,34.878,34.778,34.8
2022-12-02 18:00:00,34.8,34.801,34.722,34.729
2022-12-02 18:30:00,34.728,34.739,34.719,34.72
2022-12-02 19:00:00,34.72,34.725,34.696,34.696
2022-12-02 19:30:00,34.697,34.71,34.697,34.708
2022-12-02 20:00:00,34.708,34.714,34.706,34.708
2022-12-02 20:30:00,34.708,34.708,34.707,34.707
2022-12-02 21:00:00,34.706,34.709,34.704,34.709
2022-12-02 21:30:00,34.709,34.711,34.699,34.701
2022-12-02 22:00:00,34.7,34.704,34.696,34.699
2022-12-02 22:30:00,34.696,34.704,34.694,34.7
2022-12-02 23:00:00,34.699,34.704,34.697,34.701
2022-12-02 23:30:00,34.7,34.706,34.664,34.665
2022-12-05 00:00:00,34.692,34.715,34.692,34.715
2022-12-05 00:30:00,34.716,34.717,34.703,34.708
2022-12-05 01:00:00,34.707,34.715,34.697,34.7
2022-12-05 01:30:00,34.7,34.702,34.663,34.673
2022-12-05 02:00:00,34.675,34.68,34.617,34.632
2022-12-05 02:30:00,34.632,34.633,34.622,34.631
2022-12-05 03:00:00,34.632,34.635,34.602,34.615
2022-12-05 03:30:00,34.616,34.631,34.597,34.603
2022-12-05 04:00:00,34.602,34.644,34.598,34.629
2022-12-05 04:30:00,34.624,34.628,34.582,34.615
2022-12-05 05:00:00,34.615,34.625,34.595,34.61
2022-12-05 05:30:00,34.614,34.621,34.582,34.584
2022-12-05 06:00:00,34.583,34.591,34.572,34.587
2022-12-05 06:30:00,34.589,34.612,34.577,34.584
2022-12-05 07:00:00,34.583,34.613,34.581,34.586
2022-12-05 07:30:00,34.585,34.624,34.577,34.583
2022-12-05 08:00:00,34.582,34.603,34.579,34.599
2022-12-05 08:30:00,34.599,34.644,34.599,34.626
2022-12-05 09:00:00,34.627,34.774,34.623,34.693
2022-12-05 09:30:00,34.692,34.794,34.685,34.749
2022-12-05 10:00:00,34.749,34.755,34.722,34.731
2022-12-05 10:30:00,34.731,34.745,34.703,34.72
2022-12-05 11:00:00,34.721,34.74,34.681,34.733
2022-12-05 11:30:00,34.733,34.758,34.711,34.713
2022-12-05 12:00:00,34.714,34.746,34.704,34.739
2022-12-05 12:30:00,34.738,34.756,34.71,34.715
2022-12-05 13:00:00,34.716,34.721,34.69,34.711
2022-12-05 13:30:00,34.71,34.727,34.674,34.707
2022-12-05 14:00:00,34.706,34.719,34.694,34.709
2022-12-05 14:30:00,34.709,34.716,34.66,34.675
2022-12-05 15:00:00,34.674,34.704,34.669,34.689
2022-12-05 15:30:00,34.687,34.72,34.656,34.698
2022-12-05 16:00:00,34.696,34.788,34.686,34.782
2022-12-05 16:30:00,34.783,34.829,34.661,34.673
2022-12-05 17:00:00,34.672,34.951,34.657,34.931
2022-12-05 17:30:00,34.93,34.966,34.919,34.952
2022-12-05 18:00:00,34.953,35.006,34.951,34.997
2022-12-05 18:30:00,34.996,35.024,34.994,35.022
2022-12-05 19:00:00,35.019,35.035,35.018,35.027
2022-12-05 19:30:00,35.027,35.029,35.012,35.028
2022-12-05 20:00:00,35.029,35.029,35.025,35.029
2022-12-05 20:30:00,35.029,35.033,35.026,35.029
2022-12-05 21:00:00,35.03,35.035,35.027,35.035
2022-12-05 21:30:00,35.033,35.035,35.031,35.033
2022-12-05 22:00:00,35.035,35.035,35.031,35.034
2022-12-05 22:30:00,35.036,35.043,35.036,35.043
2022-12-05 23:00:00,35.042,35.045,35.021,35.029
2022-12-05 23:30:00,35.029,35.036,34.97,34.977
2022-12-06 00:00:00,34.914,34.938,34.888,34.938
2022-12-06 00:30:00,34.91,34.977,34.821,34.967
2022-12-06 01:00:00,34.958,35.027,34.955,35.014
2022-12-06 01:30:00,35.014,35.064,35.008,35.049
2022-12-06 02:00:00,35.048,35.049,34.978,34.983
2022-12-06 02:30:00,34.983,35.022,34.98,35.014
2022-12-06 03:00:00,35.014,35.04,34.896,34.939
2022-12-06 03:30:00,34.94,34.977,34.939,34.976
2022-12-06 04:00:00,34.978,35.021,34.956,35.016
2022-12-06 04:30:00,35.017,35.04,35.002,35.016
2022-12-06 05:00:00,35.017,35.022,34.977,34.986
2022-12-06 05:30:00,34.987,35.022,34.983,35.014
2022-12-06 06:00:00,35.016,35.023,35.003,35.013
2022-12-06 06:30:00,35.015,35.024,34.993,35.014
2022-12-06 07:00:00,35.014,35.036,35.003,35.033
2022-12-06 07:30:00,35.034,35.071,35.034,35.069
2022-12-06 08:00:00,35.07,35.119,35.035,35.118
2022-12-06 08:30:00,35.117,35.143,35.086,35.118
2022-12-06 09:00:00,35.119,35.137,35.103,35.11
2022-12-06 09:30:00,35.111,35.118,35.082,35.093
2022-12-06 10:00:00,35.094,35.103,35.056,35.098
2022-12-06 10:30:00,35.1,35.113,35.054,35.09
2022-12-06 11:00:00,35.089,35.114,35.081,35.108
2022-12-06 11:30:00,35.107,35.115,35.027,35.036
2022-12-06 12:00:00,35.038,35.097,35.032,35.087
2022-12-06 12:30:00,35.088,35.105,35.065,35.071
2022-12-06 13:00:00,35.071,35.087,35.037,35.047
2022-12-06 13:30:00,35.047,35.065,35.034,35.037
2022-12-06 14:00:00,35.038,35.045,35.008,35.014
2022-12-06 14:30:00,35.015,35.016,34.976,34.984
2022-12-06 15:00:00,34.984,35.019,34.967,34.977
2022-12-06 15:30:00,34.977,35.031,34.97,35.003
2022-12-06 16:00:00,35.0,35.03,34.989,35.026
2022-12-06 16:30:00,35.027,35.069,35.017,35.065
2022-12-06 17:00:00,35.065,35.126,35.064,35.118
2022-12-06 17:30:00,35.116,35.136,35.06,35.061
2022-12-06 18:00:00,35.061,35.061,35.018,35.031
2022-12-06 18:30:00,35.032,35.054,35.023,35.05
2022-12-06 19:00:00,35.05,35.054,35.03,35.042
2022-12-06 19:30:00,35.041,35.074,35.039,35.058
2022-12-06 20:00:00,35.058,35.074,35.058,35.066
2022-12-06 20:30:00,35.061,35.079,35.061,35.077
2022-12-06 21:00:00,35.082,35.082,35.079,35.079
2022-12-06 21:30:00,35.079,35.081,35.076,35.079
2022-12-06 22:00:00,35.079,35.081,35.074,35.078
2022-12-06 22:30:00,35.08,35.081,35.079,35.081
2022-12-06 23:00:00,35.079,35.127,35.075,35.107
2022-12-06 23:30:00,35.108,35.117,35.027,35.071
2022-12-07 00:00:00,35.117,35.117,34.982,35.0
2022-12-07 00:30:00,34.99,35.027,34.99,35.022
2022-12-07 01:00:00,35.008,35.041,35.0,35.041
2022-12-07 01:30:00,35.04,35.044,35.037,35.039
2022-12-07 02:00:00,35.041,35.107,35.035,35.091
2022-12-07 02:30:00,35.092,35.138,35.092,35.138
2022-12-07 03:00:00,35.137,35.16,35.136,35.157
2022-12-07 03:30:00,35.157,35.157,35.082,35.098
2022-12-07 04:00:00,35.099,35.136,35.006,35.059
2022-12-07 04:30:00,35.058,35.076,34.994,35.018
2022-12-07 05:00:00,35.02,35.045,35.014,35.025
2022-12-07 05:30:00,35.024,35.054,35.013,35.022
2022-12-07 06:00:00,35.023,35.034,35.013,35.028
2022-12-07 06:30:00,35.031,35.068,35.001,35.027
2022-12-07 07:00:00,35.026,35.026,34.991,35.004
2022-12-07 07:30:00,35.004,35.004,34.961,34.984
2022-12-07 08:00:00,34.982,35.095,34.982,35.089
2022-12-07 08:30:00,35.09,35.105,35.08,35.083
2022-12-07 09:00:00,35.084,35.146,35.063,35.125
2022-12-07 09:30:00,35.125,35.132,35.109,35.115
2022-12-07 10:00:00,35.114,35.138,35.111,35.124
2022-12-07 10:30:00,35.123,35.133,35.082,35.103
2022-12-07 11:00:00,35.104,35.109,35.089,35.091
2022-12-07 11:30:00,35.092,35.101,35.084,35.094
2022-12-07 12:00:00,35.093,35.093,35.048,35.076
2022-12-07 12:30:00,35.076,35.102,35.064,35.085
2022-12-07 13:00:00,35.085,35.09,35.057,35.083
2022-12-07 13:30:00,35.081,35.104,35.079,35.093
2022-12-07 14:00:00,35.086,35.093,35.084,35.088
2022-12-07 14:30:00,35.088,35.091,35.028,35.041
2022-12-07 15:00:00,35.042,35.063,35.028,35.056
2022-12-07 15:30:00,35.05,35.055,35.0,35.002
2022-12-07 16:00:00,35.003,35.019,34.974,34.974
2022-12-07 16:30:00,34.969,34.978,34.899,34.937
2022-12-07 17:00:00,34.938,34.953,34.895,34.922
2022-12-07 17:30:00,34.923,34.96,34.921,34.943
2022-12-07 18:00:00,34.942,34.982,34.935,34.973
2022-12-07 18:30:00,34.973,34.98,34.945,34.958
2022-12-07 19:00:00,34.956,34.97,34.956,34.966
2022-12-07 19:30:00,34.967,34.968,34.963,34.966
2022-12-07 20:00:00,34.966,34.967,34.946,34.947
2022-12-07 20:30:00,34.95,34.95,34.916,34.929
2022-12-07 21:00:00,34.928,34.93,34.922,34.923
2022-12-07 21:30:00,34.925,34.931,34.92,34.92
2022-12-07 22:00:00,34.921,34.929,34.919,34.922
2022-12-07 22:30:00,34.923,34.93,34.92,34.921
2022-12-07 23:00:00,34.922,34.924,34.918,34.923
2022-12-07 23:30:00,34.924,34.939,34.889,34.889
2022-12-08 00:00:00,34.914,34.914,34.898,34.912
2022-12-08 00:30:00,34.894,34.912,34.882,34.887
2022-12-08 01:00:00,34.886,34.903,34.881,34.889
2022-12-08 01:30:00,34.891,34.904,34.886,34.904
2022-12-08 02:00:00,34.905,34.905,34.884,34.9
2022-12-08 02:30:00,34.898,34.908,34.843,34.875
2022-12-08 03:00:00,34.875,34.891,34.836,34.856
2022-12-08 03:30:00,34.856,34.871,34.844,34.867
2022-12-08 04:00:00,34.866,34.867,34.842,34.854
2022-12-08 04:30:00,34.855,34.872,34.839,34.871
2022-12-08 05:00:00,34.871,34.872,34.806,34.812
2022-12-08 05:30:00,34.811,34.811,34.766,34.802
2022-12-08 06:00:00,34.802,34.813,34.782,34.786
2022-12-08 06:30:00,34.786,34.792,34.755,34.77
2022-12-08 07:00:00,34.771,34.821,34.771,34.802
2022-12-08 07:30:00,34.802,34.81,34.761,34.762
2022-12-08 08:00:00,34.761,34.774,34.744,34.752
2022-12-08 08:30:00,34.751,34.782,34.738,34.775
2022-12-08 09:00:00,34.776,34.78,34.754,34.773
2022-12-08 09:30:00,34.772,34.792,34.747,34.777
2022-12-08 10:00:00,34.775,34.797,34.775,34.786
2022-12-08 10:30:00,34.785,34.786,34.754,34.756
2022-12-08 11:00:00,34.756,34.783,34.752,34.782
2022-12-08 11:30:00,34.782,34.832,34.776,34.826
2022-12-08 12:00:00,34.827,34.831,34.78,34.786
2022-12-08 12:30:00,34.786,34.802,34.777,34.778
2022-12-08 13:00:00,34.779,34.8,34.77,34.783
2022-12-08 13:30:00,34.783,34.816,34.781,34.811
2022-12-08 14:00:00,34.803,34.82,34.797,34.813
2022-12-08 14:30:00,34.814,34.814,34.76,34.762
2022-12-08 15:00:00,34.752,34.76,34.742,34.751
2022-12-08 15:30:00,34.75,34.768,34.732,34.753
2022-12-08 16:00:00,34.752,34.777,34.742,34.752
2022-12-08 16:30:00,34.751,34.753,34.699,34.705
2022-12-08 17:00:00,34.704,34.717,34.69,34.693
2022-12-08 17:30:00,34.692,34.698,34.665,34.671
2022-12-08 18:00:00,34.672,34.689,34.663,34.684
2022-12-08 18:30:00,34.685,34.686,34.68,34.681
2022-12-08 19:00:00,34.678,34.681,34.665,34.672
2022-12-08 19:30:00,34.673,34.678,34.67,34.674
2022-12-08 20:00:00,34.673,34.677,34.666,34.666
2022-12-08 20:30:00,34.666,34.667,34.656,34.658
2022-12-08 21:00:00,34.657,34.666,34.656,34.661
2022-12-08 21:30:00,34.662,34.67,34.661,34.661
2022-12-08 22:00:00,34.661,34.664,34.657,34.659
2022-12-08 22:30:00,34.658,34.666,34.657,34.661
2022-12-08 23:00:00,34.661,34.665,34.657,34.66
2022-12-08 23:30:00,34.661,34.664,34.589,34.589
2022-12-09 00:00:00,34.602,34.66,34.602,34.647
2022-12-09 00:30:00,34.631,34.699,34.622,34.652
2022-12-09 01:00:00,34.677,34.709,34.65,34.691
2022-12-09 01:30:00,34.693,34.71,34.676,34.704
2022-12-09 02:00:00,34.705,34.74,34.702,34.716
2022-12-09 02:30:00,34.717,34.739,34.696,34.698
2022-12-09 03:00:00,34.697,34.707,34.673,34.68
2022-12-09 03:30:00,34.681,34.734,34.673,34.729
2022-12-09 04:00:00,34.728,34.81,34.719,34.781
2022-12-09 04:30:00,34.782,34.822,34.773,34.791
2022-12-09 05:00:00,34.789,34.791,34.754,34.777
2022-12-09 05:30:00,34.777,34.785,34.751,34.783
2022-12-09 06:00:00,34.783,34.783,34.759,34.759
2022-12-09 06:30:00,34.761,34.785,34.76,34.782
2022-12-09 07:00:00,34.782,34.786,34.766,34.772
2022-12-09 07:30:00,34.773,34.793,34.765,34.783
2022-12-09 08:00:00,34.782,34.811,34.769,34.81
2022-12-09 08:30:00,34.81,34.819,34.766,34.771
2022-12-09 09:00:00,34.771,34.805,34.771,34.791
2022-12-09 09:30:00,34.79,34.8,34.774,34.776
2022-12-09 10:00:00,34.775,34.794,34.767,34.774
2022-12-09 10:30:00,34.773,34.794,34.771,34.792
2022-12-09 11:00:00,34.792,34.799,34.781,34.784
2022-12-09 11:30:00,34.784,34.804,34.773,34.799
2022-12-09 12:00:00,34.8,34.802,34.783,34.793
2022-12-09 12:30:00,34.793,34.803,34.785,34.787
2022-12-09 13:00:00,34.787,34.789,34.758,34.758
2022-12-09 13:30:00,34.76,34.765,34.715,34.718
2022-12-09 14:00:00,34.717,34.723,34.703,34.706
2022-12-09 14:30:00,34.707,34.721,34.704,34.721
2022-12-09 15:00:00,34.72,34.721,34.699,34.709
2022-12-09 15:30:00,34.711,34.781,34.703,34.715
2022-12-09 16:00:00,34.714,34.747,34.703,34.704
2022-12-09 16:30:00,34.703,34.714,34.7,34.708
2022-12-09 17:00:00,34.709,34.746,34.695,34.725
2022-12-09 17:30:00,34.73,34.75,34.698,34.699
2022-12-09 18:00:00,34.698,34.7,34.676,34.679
2022-12-09 18:30:00,34.679,34.691,34.668,34.678
2022-12-09 19:00:00,34.678,34.679,34.672,34.678
2022-12-09 19:30:00,34.676,34.681,34.676,34.677
2022-12-09 20:00:00,34.677,34.706,34.675,34.698
2022-12-09 20:30:00,34.696,34.696,34.686,34.692
2022-12-09 21:00:00,34.691,34.699,34.69,34.699
2022-12-09 21:30:00,34.699,34.704,34.697,34.704
2022-12-09 22:00:00,34.703,34.706,34.692,34.7
2022-12-09 22:30:00,34.699,34.726,34.694,34.718
2022-12-09 23:00:00,34.719,34.758,34.701,34.703
2022-12-09 23:30:00,34.702,34.703,34.683,34.703
2022-12-12 00:00:00,34.722,34.898,34.608,34.677
2022-12-12 00:30:00,34.67,34.704,34.67,34.704
2022-12-12 01:00:00,34.702,34.713,34.696,34.712
2022-12-12 01:30:00,34.712,34.724,34.704,34.721
2022-12-12 02:00:00,34.72,34.742,34.719,34.729
2022-12-12 02:30:00,34.729,34.811,34.729,34.776
2022-12-12 03:00:00,34.776,34.832,34.775,34.802
2022-12-12 03:30:00,34.801,34.84,34.796,34.823
2022-12-12 04:00:00,34.824,34.84,34.815,34.815
2022-12-12 04:30:00,34.816,34.82,34.779,34.785
2022-12-12 05:00:00,34.784,34.792,34.782,34.789
2022-12-12 05:30:00,34.789,34.79,34.784,34.785
2022-12-12 06:00:00,34.788,34.802,34.772,34.788
2022-12-12 06:30:00,34.787,34.794,34.775,34.785
2022-12-12 07:00:00,34.786,34.821,34.782,34.81
2022-12-12 07:30:00,34.81,34.82,34.805,34.815
2022-12-12 08:00:00,34.814,34.84,34.807,34.833
2022-12-12 08:30:00,34.832,34.832,34.759,34.769
2022-12-12 09:00:00,34.767,34.782,34.713,34.719
2022-12-12 09:30:00,34.718,34.738,34.708,34.714
2022-12-12 10:00:00,34.714,34.742,34.714,34.737
2022-12-12 10:30:00,34.736,34.753,34.722,34.752
2022-12-12 11:00:00,34.753,34.755,34.742,34.744
2022-12-12 11:30:00,34.745,34.745,34.729,34.739
2022-12-12 12:00:00,34.74,34.748,34.738,34.742
2022-12-12 12:30:00,34.741,34.747,34.723,34.726
2022-12-12 13:00:00,34.725,34.727,34.701,34.703
2022-12-12 13:30:00,34.701,34.727,34.699,34.725
2022-12-12 14:00:00,34.726,34.735,34.725,34.735
2022-12-12 14:30:00,34.736,34.75,34.734,34.741
2022-12-12 15:00:00,34.74,34.774,34.738,34.765
2022-12-12 15:30:00,34.766,34.792,34.763,34.792
2022-12-12 16:00:00,34.792,34.806,34.769,34.776
2022-12-12 16:30:00,34.777,34.785,34.757,34.775
2022-12-12 17:00:00,34.774,34.781,34.754,34.777
2022-12-12 17:30:00,34.778,34.827,34.778,34.822
2022-12-12 18:00:00,34.825,34.834,34.812,34.828
2022-12-12 18:30:00,34.827,34.828,34.81,34.814
2022-12-12 19:00:00,34.811,34.811,34.8,34.806
2022-12-12 19:30:00,34.806,34.834,34.806,34.828
2022-12-12 20:00:00,34.828,34.838,34.824,34.836
2022-12-12 20:30:00,34.835,34.845,34.834,34.844
2022-12-12 21:00:00,34.846,34.851,34.844,34.845
2022-12-12 21:30:00,34.845,34.893,34.844,34.884
2022-12-12 22:00:00,34.885,34.885,34.87,34.875
2022-12-12 22:30:00,34.876,34.876,34.83,34.843
2022-12-12 23:00:00,34.842,34.874,34.842,34.868
2022-12-12 23:30:00,34.859,34.866,34.826,34.826
2022-12-13 00:00:00,34.819,34.847,34.753,34.768
2022-12-13 00:30:00,34.76,34.823,34.75,34.809
2022-12-13 01:00:00,34.804,34.824,34.799,34.824
2022-12-13 01:30:00,34.824,34.872,34.821,34.872
2022-12-13 02:00:00,34.87,34.877,34.837,34.866
2022-12-13 02:30:00,34.867,34.867,34.772,34.782
2022-12-13 03:00:00,34.782,34.825,34.739,34.764
2022-12-13 03:30:00,34.763,34.776,34.75,34.764
2022-12-13 04:00:00,34.764,34.764,34.722,34.739
2022-12-13 04:30:00,34.738,34.756,34.737,34.747
2022-12-13 05:00:00,34.747,34.781,34.742,34.779
2022-12-13 05:30:00,34.778,34.813,34.766,34.808
2022-12-13 06:00:00,34.807,34.837,34.791,34.795
2022-12-13 06:30:00,34.796,34.851,34.792,34.815
2022-12-13 07:00:00,34.816,34.816,34.785,34.791
2022-12-13 07:30:00,34.787,34.794,34.767,34.767
2022-12-13 08:00:00,34.767,34.791,34.762,34.79
2022-12-13 08:30:00,34.791,34.803,34.787,34.788
2022-12-13 09:00:00,34.787,34.8,34.781,34.783
2022-12-13 09:30:00,34.782,34.79,34.771,34.787
2022-12-13 10:00:00,34.787,34.788,34.775,34.787
2022-12-13 10:30:00,34.786,34.798,34.777,34.797
2022-12-13 11:00:00,34.798,34.807,34.79,34.801
2022-12-13 11:30:00,34.8,34.808,34.79,34.806
2022-12-13 12:00:00,34.807,34.834,34.786,34.794
2022-12-13 12:30:00,34.794,34.8,34.786,34.79
2022-12-13 13:00:00,34.789,34.805,34.786,34.796
2022-12-13 13:30:00,34.797,34.821,34.795,34.818
2022-12-13 14:00:00,34.818,34.825,34.803,34.823
2022-12-13 14:30:00,34.822,34.823,34.797,34.801
2022-12-13 15:00:00,34.802,34.81,34.793,34.804
2022-12-13 15:30:00,34.797,34.798,34.553,34.572
2022-12-13 16:00:00,34.571,34.602,34.553,34.555
2022-12-13 16:30:00,34.556,34.636,34.552,34.554
2022-12-13 17:00:00,34.555,34.605,34.549,34.604
2022-12-13 17:30:00,34.603,34.606,34.543,34.55
2022-12-13 18:00:00,34.551,34.567,34.542,34.553
2022-12-13 18:30:00,34.55,34.585,34.55,34.575
2022-12-13 19:00:00,34.574,34.598,34.553,34.584
2022-12-13 19:30:00,34.584,34.596,34.564,34.595
2022-12-13 20:00:00,34.595,34.597,34.579,34.583
2022-12-13 20:30:00,34.583,34.593,34.581,34.592
2022-12-13 21:00:00,34.592,34.599,34.591,34.591
2022-12-13 21:30:00,34.592,34.592,34.567,34.567
2022-12-13 22:00:00,34.568,34.573,34.567,34.568
2022-12-13 22:30:00,34.57,34.57,34.56,34.563
2022-12-13 23:00:00,34.564,34.581,34.557,34.572
2022-12-13 23:30:00,34.571,34.573,34.515,34.515
2022-12-14 00:00:00,34.488,34.573,34.486,34.552
2022-12-14 00:30:00,34.555,34.592,34.537,34.589
2022-12-14 01:00:00,34.588,34.594,34.552,34.591
2022-12-14 01:30:00,34.591,34.594,34.588,34.593
2022-12-14 02:00:00,34.594,34.611,34.589,34.609
2022-12-14 02:30:00,34.609,34.635,34.596,34.617
2022-12-14 03:00:00,34.618,34.658,34.612,34.613
2022-12-14 03:30:00,34.614,34.615,34.589,34.59
2022-12-14 04:00:00,34.591,34.63,34.59,34.609
2022-12-14 04:30:00,34.609,34.622,34.592,34.611
2022-12-14 05:00:00,34.61,34.64,34.592,34.638
2022-12-14 05:30:00,34.637,34.644,34.613,34.618
2022-12-14 06:00:00,34.618,34.623,34.603,34.612
2022-12-14 06:30:00,34.611,34.619,34.593,34.595
2022-12-14 07:00:00,34.595,34.605,34.585,34.591
2022-12-14 07:30:00,34.592,34.603,34.579,34.588
2022-12-14 08:00:00,34.588,34.588,34.548,34.576
2022-12-14 08:30:00,34.577,34.585,34.572,34.58
2022-12-14 09:00:00,34.579,34.598,34.578,34.594
2022-12-14 09:30:00,34.597,34.61,34.585,34.591
2022-12-14 10:00:00,34.59,34.603,34.577,34.593
2022-12-14 10:30:00,34.594,34.596,34.576,34.578
2022-12-14 11:00:00,34.579,34.611,34.573,34.586
2022-12-14 11:30:00,34.589,34.593,34.564,34.57
2022-12-14 12:00:00,34.568,34.571,34.531,34.552
2022-12-14 12:30:00,34.553,34.56,34.549,34.552
2022-12-14 13:00:00,34.552,34.562,34.547,34.56
2022-12-14 13:30:00,34.561,34.583,34.555,34.572
2022-12-14 14:00:00,34.57,34.581,34.57,34.57
2022-12-14 14:30:00,34.571,34.612,34.568,34.611
2022-12-14 15:00:00,34.609,34.611,34.601,34.609
2022-12-14 15:30:00,34.608,34.619,34.579,34.581
2022-12-14 16:00:00,34.58,34.586,34.567,34.575
2022-12-14 16:30:00,34.575,34.585,34.547,34.556
2022-12-14 17:00:00,34.557,34.604,34.54,34.542
2022-12-14 17:30:00,34.541,34.564,34.537,34.547
2022-12-14 18:00:00,34.548,34.548,34.532,34.533
2022-12-14 18:30:00,34.529,34.54,34.529,34.53
2022-12-14 19:00:00,34.531,34.533,34.505,34.512
2022-12-14 19:30:00,34.511,34.513,34.499,34.507
2022-12-14 20:00:00,34.508,34.513,34.496,34.506
2022-12-14 20:30:00,34.507,34.508,34.486,34.487
2022-12-14 21:00:00,34.495,34.558,34.486,34.536
2022-12-14 21:30:00,34.533,34.583,34.503,34.517
2022-12-14 22:00:00,34.518,34.522,34.491,34.51
2022-12-14 22:30:00,34.511,34.52,34.487,34.495
2022-12-14 23:00:00,34.497,34.503,34.493,34.498
2022-12-14 23:30:00,34.499,34.517,34.486,34.491
2022-12-15 00:00:00,34.503,34.505,34.47,34.5
2022-12-15 00:30:00,34.5,34.517,34.483,34.517
2022-12-15 01:00:00,34.516,34.523,34.512,34.521
2022-12-15 01:30:00,34.52,34.531,34.518,34.526
2022-12-15 02:00:00,34.525,34.616,34.523,34.61
2022-12-15 02:30:00,34.611,34.614,34.599,34.602
2022-12-15 03:00:00,34.602,34.646,34.602,34.618
2022-12-15 03:30:00,34.619,34.684,34.618,34.66
2022-12-15 04:00:00,34.661,34.766,34.655,34.763
2022-12-15 04:30:00,34.762,34.785,34.719,34.752
2022-12-15 05:00:00,34.753,34.761,34.719,34.728
2022-12-15 05:30:00,34.728,34.76,34.72,34.757
2022-12-15 06:00:00,34.757,34.768,34.738,34.75
2022-12-15 06:30:00,34.75,34.784,34.749,34.765
2022-12-15 07:00:00,34.765,34.773,34.762,34.767
2022-12-15 07:30:00,34.767,34.774,34.754,34.769
2022-12-15 08:00:00,34.77,34.781,34.761,34.766
2022-12-15 08:30:00,34.765,34.783,34.762,34.775
2022-12-15 09:00:00,34.777,34.875,34.777,34.864
2022-12-15 09:30:00,34.865,34.91,34.864,34.877
2022-12-15 10:00:00,34.877,34.935,34.864,34.93
2022-12-15 10:30:00,34.93,35.017,34.928,34.969
2022-12-15 11:00:00,34.97,35.005,34.935,34.94
2022-12-15 11:30:00,34.941,34.944,34.89,34.908
2022-12-15 12:00:00,34.908,34.955,34.905,34.954
2022-12-15 12:30:00,34.953,34.963,34.932,34.948
2022-12-15 13:00:00,34.947,34.962,34.909,34.921
2022-12-15 13:30:00,34.92,34.923,34.897,34.914
2022-12-15 14:00:00,34.914,34.93,34.907,34.918
2022-12-15 14:30:00,34.919,34.92,34.912,34.913
2022-12-15 15:00:00,34.912,34.972,34.912,34.96
2022-12-15 15:30:00,34.959,34.992,34.95,34.992
2022-12-15 16:00:00,34.992,35.016,34.898,35.013
2022-12-15 16:30:00,35.013,35.047,34.963,34.976
2022-12-15 17:00:00,34.978,35.075,34.975,35.066
2022-12-15 17:30:00,35.066,35.099,35.036,35.05
2022-12-15 18:00:00,35.051,35.077,35.046,35.072
2022-12-15 18:30:00,35.071,35.086,35.064,35.083
2022-12-15 19:00:00,35.082,35.1,35.08,35.098
2022-12-15 19:30:00,35.097,35.097,35.078,35.093
2022-12-15 20:00:00,35.094,35.099,35.091,35.094
2022-12-15 20:30:00,35.097,35.104,35.089,35.089
2022-12-15 21:00:00,35.09,35.091,35.042,35.071
2022-12-15 21:30:00,35.071,35.072,35.07,35.072
2022-12-15 22:00:00,35.071,35.073,35.062,35.063
2022-12-15 22:30:00,35.064,35.069,35.061,35.067
2022-12-15 23:00:00,35.066,35.069,35.063,35.065
2022-12-15 23:30:00,35.065,35.066,35.016,35.016
2022-12-16 00:00:00,35.028,35.045,34.99,34.993
2022-12-16 00:30:00,34.991,34.995,34.963,34.99
2022-12-16 01:00:00,34.983,35.052,34.969,35.037
2022-12-16 01:30:00,35.038,35.092,35.038,35.079
2022-12-16 02:00:00,35.081,35.09,35.077,35.09
2022-12-16 02:30:00,35.09,35.099,35.055,35.085
2022-12-16 03:00:00,35.086,35.151,35.08,35.135
2022-12-16 03:30:00,35.138,35.147,35.067,35.09
2022-12-16 04:00:00,35.089,35.095,34.963,34.969
2022-12-16 04:30:00,34.969,35.054,34.951,35.05
2022-12-16 05:00:00,35.051,35.076,35.034,35.048
2022-12-16 05:30:00,35.048,35.051,35.001,35.027
2022-12-16 06:00:00,35.028,35.034,34.973,34.973
2022-12-16 06:30:00,34.973,34.993,34.939,34.95
2022-12-16 07:00:00,34.949,34.966,34.91,34.963
2022-12-16 07:30:00,34.964,34.998,34.962,34.987
2022-12-16 08:00:00,34.987,34.987,34.927,34.929
2022-12-16 08:30:00,34.928,34.931,34.902,34.903
2022-12-16 09:00:00,34.902,34.947,34.899,34.946
2022-12-16 09:30:00,34.945,34.965,34.931,34.948
2022-12-16 10:00:00,34.947,34.96,34.917,34.939
2022-12-16 10:30:00,34.935,34.955,34.927,34.941
2022-12-16 11:00:00,34.94,34.956,34.926,34.948
2022-12-16 11:30:00,34.948,35.009,34.948,34.973
2022-12-16 12:00:00,34.975,34.986,34.962,34.962
2022-12-16 12:30:00,34.962,34.966,34.939,34.939
2022-12-16 13:00:00,34.94,34.948,34.917,34.943
2022-12-16 13:30:00,34.945,34.965,34.941,34.943
2022-12-16 14:00:00,34.943,34.963,34.928,34.963
2022-12-16 14:30:00,34.962,34.99,34.96,34.977
2022-12-16 15:00:00,34.977,34.989,34.968,34.986
2022-12-16 15:30:00,34.986,34.999,34.982,34.998
2022-12-16 16:00:00,34.998,35.018,34.982,35.008
2022-12-16 16:30:00,35.008,35.012,34.902,34.906
2022-12-16 17:00:00,34.906,34.958,34.893,34.919
2022-12-16 17:30:00,34.919,34.944,34.901,34.903
2022-12-16 18:00:00,34.905,34.913,34.888,34.905
2022-12-16 18:30:00,34.904,34.905,34.861,34.878
2022-12-16 19:00:00,34.878,34.902,34.872,34.89
2022-12-16 19:30:00,34.889,34.912,34.867,34.876
2022-12-16 20:00:00,34.877,34.877,34.865,34.865
2022-12-16 20:30:00,34.864,34.872,34.84,34.843
2022-12-16 21:00:00,34.844,34.883,34.83,34.833
2022-12-16 21:30:00,34.832,34.834,34.808,34.813
2022-12-16 22:00:00,34.814,34.818,34.81,34.816
2022-12-16 22:30:00,34.815,34.83,34.808,34.829
2022-12-16 23:00:00,34.831,34.835,34.827,34.83
2022-12-16 23:30:00,34.827,34.835,34.788,34.788
2022-12-19 00:00:00,34.901,34.944,34.732,34.813
2022-12-19 00:30:00,34.812,34.819,34.42,34.799
2022-12-19 01:00:00,34.774,34.843,34.774,34.822
2022-12-19 01:30:00,34.822,34.846,34.796,34.846
2022-12-19 02:00:00,34.843,34.867,34.808,34.817
2022-12-19 02:30:00,34.816,34.834,34.802,34.808
2022-12-19 03:00:00,34.808,34.831,34.728,34.775
2022-12-19 03:30:00,34.774,34.775,34.73,34.761
2022-12-19 04:00:00,34.76,34.791,34.751,34.781
2022-12-19 04:30:00,34.781,34.781,34.742,34.762
2022-12-19 05:00:00,34.765,34.819,34.761,34.813
2022-12-19 05:30:00,34.814,34.874,34.813,34.873
2022-12-19 06:00:00,34.872,34.884,34.847,34.871
2022-12-19 06:30:00,34.871,34.874,34.837,34.855
2022-12-19 07:00:00,34.859,34.879,34.856,34.856
2022-12-19 07:30:00,34.857,34.88,34.827,34.828
2022-12-19 08:00:00,34.829,34.835,34.801,34.807
2022-12-19 08:30:00,34.808,34.822,34.788,34.79
2022-12-19 09:00:00,34.791,34.815,34.768,34.805
2022-12-19 09:30:00,34.806,34.824,34.804,34.816
2022-12-19 10:00:00,34.817,34.822,34.796,34.804
2022-12-19 10:30:00,34.803,34.819,34.789,34.797
2022-12-19 11:00:00,34.798,34.815,34.787,34.812
2022-12-19 11:30:00,34.812,34.841,34.792,34.838
2022-12-19 12:00:00,34.836,34.837,34.796,34.807
2022-12-19 12:30:00,34.807,34.824,34.801,34.81
2022-12-19 13:00:00,34.81,34.832,34.807,34.825
2022-12-19 13:30:00,34.825,34.846,34.823,34.843
2022-12-19 14:00:00,34.844,34.845,34.822,34.826
2022-12-19 14:30:00,34.826,34.844,34.814,34.838
2022-12-19 15:00:00,34.839,34.849,34.83,34.839
2022-12-19 15:30:00,34.839,34.852,34.831,34.852
2022-12-19 16:00:00,34.852,34.863,34.85,34.859
2022-12-19 16:30:00,34.859,34.896,34.856,34.869
2022-12-19 17:00:00,34.87,34.876,34.833,34.842
2022-12-19 17:30:00,34.843,34.882,34.843,34.88
2022-12-19 18:00:00,34.88,34.903,34.879,34.879
2022-12-19 18:30:00,34.88,34.896,34.84,34.852
2022-12-19 19:00:00,34.851,34.853,34.803,34.824
2022-12-19 19:30:00,34.823,34.834,34.806,34.819
2022-12-19 20:00:00,34.819,34.827,34.816,34.821
2022-12-19 20:30:00,34.822,34.822,34.812,34.814
2022-12-19 21:00:00,34.814,34.821,34.813,34.82
2022-12-19 21:30:00,34.819,34.822,34.818,34.819
2022-12-19 22:00:00,34.82,34.824,34.816,34.824
2022-12-19 22:30:00,34.822,34.826,34.822,34.826
2022-12-19 23:00:00,34.825,34.828,34.82,34.822
2022-12-19 23:30:00,34.822,34.857,34.763,34.763
2022-12-20 00:00:00,34.815,34.815,34.81,34.815
2022-12-20 00:30:00,34.815,34.815,34.797,34.806
2022-12-20 01:00:00,34.807,34.817,34.801,34.814
2022-12-20 01:30:00,34.813,34.849,34.8,34.849
2022-12-20 02:00:00,34.85,34.861,34.828,34.848
2022-12-20 02:30:00,34.85,34.88,34.837,34.843
2022-12-20 03:00:00,34.843,34.937,34.843,34.936
2022-12-20 03:30:00,34.937,34.977,34.909,34.959
2022-12-20 04:00:00,34.961,34.978,34.952,34.978
2022-12-20 04:30:00,34.979,35.036,34.959,34.959
2022-12-20 05:00:00,34.957,34.987,34.796,34.86
2022-12-20 05:30:00,34.861,34.927,34.843,34.906
2022-12-20 06:00:00,34.905,34.957,34.884,34.953
2022-12-20 06:30:00,34.953,34.963,34.924,34.935
2022-12-20 07:00:00,34.936,34.94,34.905,34.926
2022-12-20 07:30:00,34.927,34.935,34.91,34.927
2022-12-20 08:00:00,34.927,34.927,34.822,34.829
2022-12-20 08:30:00,34.83,34.886,34.823,34.85
2022-12-20 09:00:00,34.848,34.86,34.837,34.851
2022-12-20 09:30:00,34.85,34.877,34.797,34.807
2022-12-20 10:00:00,34.808,34.819,34.798,34.817
2022-12-20 10:30:00,34.817,34.833,34.781,34.782
2022-12-20 11:00:00,34.782,34.798,34.747,34.754
2022-12-20 11:30:00,34.754,34.77,34.748,34.755
2022-12-20 12:00:00,34.754,34.775,34.733,34.735
2022-12-20 12:30:00,34.735,34.748,34.723,34.732
2022-12-20 13:00:00,34.732,34.736,34.72,34.726
2022-12-20 13:30:00,34.724,34.727,34.71,34.725
2022-12-20 14:00:00,34.725,34.739,34.716,34.731
2022-12-20 14:30:00,34.73,34.762,34.726,34.762
2022-12-20 15:00:00,34.76,34.773,34.747,34.757
2022-12-20 15:30:00,34.759,34.764,34.707,34.714
2022-12-20 16:00:00,34.715,34.727,34.709,34.709
2022-12-20 16:30:00,34.711,34.725,34.677,34.693
2022-12-20 17:00:00,34.69,34.703,34.659,34.672
2022-12-20 17:30:00,34.671,34.673,34.648,34.661
2022-12-20 18:00:00,34.66,34.717,34.66,34.71
2022-12-20 18:30:00,34.709,34.718,34.684,34.688
2022-12-20 19:00:00,34.687,34.687,34.658,34.673
2022-12-20 19:30:00,34.673,34.673,34.652,34.662
2022-12-20 20:00:00,34.662,34.695,34.661,34.678
2022-12-20 20:30:00,34.677,34.682,34.676,34.679
2022-12-20 21:00:00,34.68,34.682,34.672,34.674
2022-12-20 21:30:00,34.676,34.677,34.67,34.67
2022-12-20 22:00:00,34.671,34.676,34.67,34.673
2022-12-20 22:30:00,34.674,34.675,34.67,34.67
2022-12-20 23:00:00,34.674,34.675,34.638,34.64
2022-12-20 23:30:00,34.641,34.66,34.606,34.606
2022-12-21 00:00:00,34.578,34.643,34.578,34.643
2022-12-21 00:30:00,34.579,34.643,34.577,34.628
2022-12-21 01:00:00,34.627,34.663,34.616,34.661
2022-12-21 01:30:00,34.658,34.658,34.653,34.658
2022-12-21 02:00:00,34.658,34.658,34.617,34.625
2022-12-21 02:30:00,34.63,34.658,34.625,34.65
2022-12-21 03:00:00,34.65,34.691,34.644,34.686
2022-12-21 03:30:00,34.686,34.756,34.686,34.728
2022-12-21 04:00:00,34.73,34.73,34.709,34.711
2022-12-21 04:30:00,34.712,34.744,34.712,34.736
2022-12-21 05:00:00,34.735,34.769,34.729,34.76
2022-12-21 05:30:00,34.761,34.782,34.758,34.767
2022-12-21 06:00:00,34.764,34.792,34.752,34.783
2022-12-21 06:30:00,34.784,34.85,34.782,34.85
2022-12-21 07:00:00,34.85,34.872,34.814,34.814
2022-12-21 07:30:00,34.815,34.826,34.757,34.772
2022-12-21 08:00:00,34.772,34.777,34.759,34.77
2022-12-21 08:30:00,34.769,34.803,34.759,34.79
2022-12-21 09:00:00,34.79,34.821,34.787,34.793
2022-12-21 09:30:00,34.793,34.799,34.762,34.767
2022-12-21 10:00:00,34.767,34.768,34.728,34.737
2022-12-21 10:30:00,34.738,34.744,34.692,34.71
2022-12-21 11:00:00,34.71,34.726,34.705,34.719
2022-12-21 11:30:00,34.719,34.747,34.717,34.726
2022-12-21 12:00:00,34.726,34.731,34.684,34.699
2022-12-21 12:30:00,34.699,34.732,34.696,34.731
2022-12-21 13:00:00,34.731,34.744,34.724,34.739
2022-12-21 13:30:00,34.739,34.744,34.719,34.723
2022-12-21 14:00:00,34.723,34.739,34.713,34.729
2022-12-21 14:30:00,34.729,34.73,34.699,34.702
2022-12-21 15:00:00,34.704,34.709,34.683,34.702
2022-12-21 15:30:00,34.703,34.703,34.674,34.681
2022-12-21 16:00:00,34.68,34.681,34.65,34.661
2022-12-21 16:30:00,34.662,34.663,34.648,34.657
2022-12-21 17:00:00,34.657,34.664,34.647,34.657
2022-12-21 17:30:00,34.655,34.657,34.622,34.631
2022-12-21 18:00:00,34.632,34.664,34.629,34.663
2022-12-21 18:30:00,34.661,34.665,34.632,34.654
2022-12-21 19:00:00,34.654,34.663,34.653,34.657
2022-12-21 19:30:00,34.657,34.66,34.657,34.657
2022-12-21 20:00:00,34.66,34.669,34.656,34.663
2022-12-21 20:30:00,34.663,34.663,34.656,34.656
2022-12-21 21:00:00,34.657,34.658,34.644,34.652
2022-12-21 21:30:00,34.651,34.655,34.64,34.648
2022-12-21 22:00:00,34.649,34.657,34.648,34.657
2022-12-21 22:30:00,34.656,34.664,34.656,34.66
2022-12-21 23:00:00,34.659,34.668,34.658,34.663
2022-12-21 23:30:00,34.66,34.677,34.62,34.62
2022-12-22 00:00:00,34.633,34.648,34.626,34.638
2022-12-22 00:30:00,34.637,34.643,34.635,34.636
2022-12-22 01:00:00,34.635,34.642,34.621,34.636
2022-12-22 01:30:00,34.641,34.66,34.638,34.66
2022-12-22 02:00:00,34.654,34.676,34.654,34.676
2022-12-22 02:30:00,34.676,34.685,34.636,34.654
2022-12-22 03:00:00,34.653,34.661,34.634,34.651
2022-12-22 03:30:00,34.651,34.677,34.65,34.677
2022-12-22 04:00:00,34.677,34.696,34.668,34.671
2022-12-22 04:30:00,34.671,34.751,34.663,34.719
2022-12-22 05:00:00,34.717,34.718,34.656,34.689
2022-12-22 05:30:00,34.688,34.689,34.665,34.68
2022-12-22 06:00:00,34.681,34.71,34.681,34.706
2022-12-22 06:30:00,34.707,34.713,34.681,34.682
2022-12-22 07:00:00,34.683,34.694,34.675,34.679
2022-12-22 07:30:00,34.68,34.707,34.676,34.702
2022-12-22 08:00:00,34.704,34.711,34.673,34.682
2022-12-22 08:30:00,34.683,34.702,34.668,34.673
2022-12-22 09:00:00,34.673,34.687,34.661,34.678
2022-12-22 09:30:00,34.678,34.692,34.673,34.683
2022-12-22 10:00:00,34.684,34.696,34.668,34.675
2022-12-22 10:30:00,34.674,34.682,34.667,34.669
2022-12-22 11:00:00,34.669,34.687,34.652,34.682
2022-12-22 11:30:00,34.683,34.709,34.597,34.659
2022-12-22 12:00:00,34.657,34.695,34.657,34.677
2022-12-22 12:30:00,34.677,34.685,34.647,34.673
2022-12-22 13:00:00,34.673,34.688,34.662,34.683
2022-12-22 13:30:00,34.683,34.694,34.682,34.687
2022-12-22 14:00:00,34.688,34.688,34.683,34.684
2022-12-22 14:30:00,34.684,34.685,34.669,34.67
2022-12-22 15:00:00,34.671,34.676,34.644,34.647
2022-12-22 15:30:00,34.643,34.776,34.643,34.767
2022-12-22 16:00:00,34.768,34.806,34.754,34.803
2022-12-22 16:30:00,34.802,34.836,34.778,34.78
2022-12-22 17:00:00,34.78,34.842,34.774,34.838
2022-12-22 17:30:00,34.837,34.843,34.822,34.823
2022-12-22 18:00:00,34.824,34.839,34.817,34.827
2022-12-22 18:30:00,34.826,34.839,34.823,34.833
2022-12-22 19:00:00,34.834,34.848,34.832,34.845
2022-12-22 19:30:00,34.846,34.849,34.838,34.839
2022-12-22 20:00:00,34.838,34.873,34.836,34.872
2022-12-22 20:30:00,34.871,34.903,34.869,34.9
2022-12-22 21:00:00,34.899,34.899,34.886,34.892
2022-12-22 21:30:00,34.893,34.897,34.876,34.876
2022-12-22 22:00:00,34.876,34.879,34.865,34.867
2022-12-22 22:30:00,34.866,34.875,34.852,34.855
2022-12-22 23:00:00,34.856,34.885,34.852,34.873
2022-12-22 23:30:00,34.871,34.891,34.829,34.842
2022-12-23 00:00:00,34.874,34.881,34.806,34.874
2022-12-23 00:30:00,34.806,34.85,34.731,34.736
2022-12-23 01:00:00,34.719,34.83,34.716,34.817
2022-12-23 01:30:00,34.816,34.878,34.81,34.81
2022-12-23 02:00:00,34.81,34.836,34.81,34.835
2022-12-23 02:30:00,34.836,34.923,34.813,34.921
2022-12-23 03:00:00,34.92,34.921,34.852,34.874
2022-12-23 03:30:00,34.874,34.885,34.797,34.848
2022-12-23 04:00:00,34.848,34.884,34.829,34.839
2022-12-23 04:30:00,34.84,34.859,34.829,34.846
2022-12-23 05:00:00,34.846,34.853,34.834,34.845
2022-12-23 05:30:00,34.844,34.857,34.828,34.837
2022-12-23 06:00:00,34.836,34.842,34.817,34.817
2022-12-23 06:30:00,34.818,34.819,34.799,34.802
2022-12-23 07:00:00,34.801,34.823,34.799,34.804
2022-12-23 07:30:00,34.804,34.804,34.788,34.788
2022-12-23 08:00:00,34.789,34.794,34.76,34.78
2022-12-23 08:30:00,34.783,34.788,34.769,34.773
2022-12-23 09:00:00,34.772,34.781,34.731,34.736
2022-12-23 09:30:00,34.737,34.758,34.704,34.728
2022-12-23 10:00:00,34.728,34.742,34.722,34.74
2022-12-23 10:30:00,34.74,34.772,34.739,34.768
2022-12-23 11:00:00,34.766,34.782,34.747,34.76
2022-12-23 11:30:00,34.76,34.763,34.721,34.722
2022-12-23 12:00:00,34.722,34.742,34.72,34.725
2022-12-23 12:30:00,34.724,34.738,34.713,34.722
2022-12-23 13:00:00,34.723,34.739,34.707,34.728
2022-12-23 13:30:00,34.727,34.753,34.726,34.748
2022-12-23 14:00:00,34.748,34.758,34.73,34.751
2022-12-23 14:30:00,34.75,34.759,34.715,34.718
2022-12-23 15:00:00,34.719,34.723,34.665,34.678
2022-12-23 15:30:00,34.675,34.749,34.67,34.748
2022-12-23 16:00:00,34.751,34.796,34.749,34.796
2022-12-23 16:30:00,34.796,34.813,34.736,34.746
2022-12-23 17:00:00,34.75,34.788,34.731,34.734
2022-12-23 17:30:00,34.735,34.749,34.722,34.731
2022-12-23 18:00:00,34.731,34.731,34.714,34.719
2022-12-23 18:30:00,34.718,34.72,34.717,34.718
2022-12-23 19:00:00,34.718,34.752,34.715,34.746
2022-12-23 19:30:00,34.746,34.761,34.744,34.761
2022-12-23 20:00:00,34.761,34.764,34.754,34.763
2022-12-23 20:30:00,34.761,34.774,34.761,34.774
2022-12-23 21:00:00,34.76,34.783,34.76,34.783
2022-12-23 21:30:00,34.777,34.784,34.777,34.784
2022-12-23 22:00:00,34.776,34.809,34.772,34.802
2022-12-23 22:30:00,34.801,34.811,34.798,34.81
2022-12-23 23:00:00,34.809,34.848,34.779,34.803
2022-12-23 23:30:00,34.802,34.837,34.73,34.748
2022-12-27 00:00:00,34.604,34.707,34.574,34.645
2022-12-27 02:30:00,34.601,34.605,34.581,34.602
2022-12-27 03:00:00,34.601,34.62,34.587,34.595
2022-12-27 03:30:00,34.598,34.615,34.579,34.58
2022-12-27 04:00:00,34.581,34.621,34.57,34.615
2022-12-27 04:30:00,34.614,34.642,34.609,34.64
2022-12-27 05:00:00,34.641,34.689,34.641,34.686
2022-12-27 05:30:00,34.686,34.691,34.648,34.655
2022-12-27 06:00:00,34.654,34.656,34.608,34.621
2022-12-27 06:30:00,34.621,34.635,34.618,34.63
2022-12-27 07:00:00,34.632,34.638,34.619,34.63
2022-12-27 07:30:00,34.631,34.632,34.605,34.605
2022-12-27 08:00:00,34.604,34.623,34.603,34.617
2022-12-27 08:30:00,34.618,34.636,34.612,34.616
2022-12-27 09:00:00,34.616,34.672,34.605,34.656
2022-12-27 09:30:00,34.657,34.666,34.642,34.652
2022-12-27 10:00:00,34.65,34.657,34.619,34.625
2022-12-27 10:30:00,34.625,34.642,34.623,34.637
2022-12-27 11:00:00,34.637,34.646,34.628,34.639
2022-12-27 11:30:00,34.64,34.64,34.595,34.604
2022-12-27 12:00:00,34.607,34.632,34.596,34.614
2022-12-27 12:30:00,34.615,34.623,34.602,34.608
2022-12-27 13:00:00,34.605,34.616,34.598,34.612
2022-12-27 13:30:00,34.613,34.621,34.609,34.616
2022-12-27 14:00:00,34.615,34.616,34.597,34.608
2022-12-27 14:30:00,34.607,34.612,34.601,34.603
2022-12-27 15:00:00,34.605,34.611,34.601,34.603
2022-12-27 15:30:00,34.604,34.613,34.597,34.6
2022-12-27 16:00:00,34.598,34.611,34.592,34.6
2022-12-27 16:30:00,34.601,34.605,34.592,34.603
2022-12-27 17:00:00,34.604,34.605,34.577,34.6
2022-12-27 17:30:00,34.599,34.611,34.578,34.584
2022-12-27 18:00:00,34.585,34.606,34.581,34.603
2022-12-27 18:30:00,34.603,34.603,34.595,34.598
2022-12-27 19:00:00,34.599,34.613,34.598,34.609
2022-12-27 19:30:00,34.61,34.639,34.608,34.638
2022-12-27 20:00:00,34.637,34.692,34.631,34.692
2022-12-27 20:30:00,34.692,34.703,34.673,34.673
2022-12-27 21:00:00,34.674,34.682,34.667,34.669
2022-12-27 21:30:00,34.67,34.677,34.67,34.671
2022-12-27 22:00:00,34.671,34.674,34.669,34.67
2022-12-27 22:30:00,34.667,34.669,34.663,34.666
2022-12-27 23:00:00,34.665,34.665,34.643,34.643
2022-12-27 23:30:00,34.644,34.644,34.597,34.597
2022-12-28 00:00:00,34.591,34.603,34.587,34.6
2022-12-28 00:30:00,34.603,34.61,34.602,34.605
2022-12-28 01:00:00,34.604,34.617,34.597,34.617
2022-12-28 01:30:00,34.62,34.631,34.62,34.627
2022-12-28 02:00:00,34.627,34.627,34.606,34.611
2022-12-28 02:30:00,34.61,34.658,34.601,34.62
2022-12-28 03:00:00,34.621,34.627,34.601,34.611
2022-12-28 03:30:00,34.611,34.633,34.602,34.619
2022-12-28 04:00:00,34.619,34.634,34.612,34.634
2022-12-28 04:30:00,34.635,34.677,34.633,34.662
2022-12-28 05:00:00,34.662,34.666,34.646,34.665
2022-12-28 05:30:00,34.666,34.689,34.659,34.677
2022-12-28 06:00:00,34.678,34.686,34.669,34.675
2022-12-28 06:30:00,34.674,34.684,34.667,34.67
2022-12-28 07:00:00,34.671,34.686,34.671,34.68
2022-12-28 07:30:00,34.679,34.721,34.679,34.71
2022-12-28 08:00:00,34.711,34.715,34.687,34.691
2022-12-28 08:30:00,34.693,34.702,34.674,34.679
2022-12-28 09:00:00,34.68,34.695,34.676,34.695
2022-12-28 09:30:00,34.692,34.702,34.673,34.683
2022-12-28 10:00:00,34.682,34.706,34.67,34.7
2022-12-28 10:30:00,34.7,34.724,34.698,34.718
2022-12-28 11:00:00,34.718,34.765,34.718,34.756
2022-12-28 11:30:00,34.755,34.771,34.735,34.747
2022-12-28 12:00:00,34.746,34.756,34.712,34.716
2022-12-28 12:30:00,34.716,34.733,34.709,34.731
2022-12-28 13:00:00,34.73,34.732,34.689,34.689
2022-12-28 13:30:00,34.689,34.706,34.683,34.696
2022-12-28 14:00:00,34.696,34.709,34.688,34.706
2022-12-28 14:30:00,34.703,34.704,34.685,34.696
2022-12-28 15:00:00,34.696,34.733,34.684,34.726
2022-12-28 15:30:00,34.726,34.754,34.721,34.75
2022-12-28 16:00:00,34.749,34.75,34.712,34.716
2022-12-28 16:30:00,34.715,34.736,34.694,34.726
2022-12-28 17:00:00,34.724,34.741,34.713,34.739
2022-12-28 17:30:00,34.74,34.771,34.74,34.76
2022-12-28 18:00:00,34.758,34.774,34.735,34.769
2022-12-28 18:30:00,34.766,34.792,34.765,34.785
2022-12-28 19:00:00,34.783,34.787,34.777,34.777
2022-12-28 19:30:00,34.778,34.778,34.77,34.77
2022-12-28 20:00:00,34.771,34.781,34.768,34.775
2022-12-28 20:30:00,34.776,34.791,34.775,34.788
2022-12-28 21:00:00,34.789,34.8,34.789,34.794
2022-12-28 21:30:00,34.794,34.797,34.792,34.793
2022-12-28 22:00:00,34.794,34.802,34.792,34.799
2022-12-28 22:30:00,34.798,34.805,34.797,34.803
2022-12-28 23:00:00,34.802,34.809,34.8,34.805
2022-12-28 23:30:00,34.803,34.813,34.748,34.748
2022-12-29 00:00:00,34.731,34.731,34.683,34.701
2022-12-29 00:30:00,34.702,34.728,34.675,34.691
2022-12-29 01:00:00,34.688,34.704,34.683,34.696
2022-12-29 01:30:00,34.697,34.715,34.692,34.701
2022-12-29 02:00:00,34.697,34.729,34.693,34.71
2022-12-29 02:30:00,34.711,34.728,34.702,34.724
2022-12-29 03:00:00,34.725,34.751,34.675,34.681
2022-12-29 03:30:00,34.681,34.712,34.642,34.712
2022-12-29 04:00:00,34.711,34.712,34.65,34.652
2022-12-29 04:30:00,34.653,34.658,34.611,34.63
2022-12-29 05:00:00,34.629,34.643,34.615,34.631
2022-12-29 05:30:00,34.631,34.64,34.609,34.617
2022-12-29 06:00:00,34.617,34.64,34.612,34.627
2022-12-29 06:30:00,34.626,34.633,34.612,34.616
2022-12-29 07:00:00,34.617,34.63,34.61,34.63
2022-12-29 07:30:00,34.629,34.63,34.602,34.606
2022-12-29 08:00:00,34.606,34.62,34.602,34.608
2022-12-29 08:30:00,34.607,34.627,34.607,34.615
2022-12-29 09:00:00,34.614,34.633,34.614,34.63
2022-12-29 09:30:00,34.629,34.638,34.58,34.605
2022-12-29 10:00:00,34.604,34.625,34.595,34.61
2022-12-29 10:30:00,34.608,34.61,34.589,34.597
2022-12-29 11:00:00,34.597,34.6,34.578,34.595
2022-12-29 11:30:00,34.594,34.649,34.58,34.647
2022-12-29 12:00:00,34.646,34.651,34.634,34.649
2022-12-29 12:30:00,34.648,34.663,34.647,34.659
2022-12-29 13:00:00,34.662,34.665,34.656,34.661
2022-12-29 13:30:00,34.66,34.661,34.644,34.65
2022-12-29 14:00:00,34.648,34.653,34.643,34.65
2022-12-29 14:30:00,34.649,34.65,34.62,34.621
2022-12-29 15:00:00,34.623,34.626,34.603,34.618
2022-12-29 15:30:00,34.614,34.641,34.599,34.633
2022-12-29 16:00:00,34.632,34.642,34.589,34.601
2022-12-29 16:30:00,34.6,34.61,34.593,34.603
2022-12-29 17:00:00,34.602,34.631,34.597,34.608
2022-12-29 17:30:00,34.607,34.61,34.599,34.603
2022-12-29 18:00:00,34.6,34.607,34.6,34.605
2022-12-29 18:30:00,34.606,34.612,34.601,34.603
2022-12-29 19:00:00,34.604,34.607,34.599,34.604
2022-12-29 19:30:00,34.605,34.608,34.589,34.597
2022-12-29 20:00:00,34.598,34.611,34.597,34.604
2022-12-29 20:30:00,34.605,34.614,34.603,34.607
2022-12-29 21:00:00,34.608,34.612,34.605,34.607
2022-12-29 21:30:00,34.608,34.613,34.607,34.608
2022-12-29 22:00:00,34.608,34.613,34.593,34.604
2022-12-29 22:30:00,34.603,34.607,34.6,34.604
2022-12-29 23:00:00,34.603,34.608,34.598,34.604
2022-12-29 23:30:00,34.606,34.611,34.573,34.573
2022-12-30 00:00:00,34.577,34.58,34.552,34.564
2022-12-30 00:30:00,34.565,34.568,34.559,34.565
2022-12-30 01:00:00,34.57,34.586,34.565,34.583
2022-12-30 01:30:00,34.581,34.583,34.577,34.582
2022-12-30 02:00:00,34.58,34.586,34.574,34.584
2022-12-30 02:30:00,34.583,34.59,34.574,34.585
2022-12-30 03:00:00,34.584,34.591,34.573,34.575
2022-12-30 03:30:00,34.574,34.577,34.557,34.557
2022-12-30 04:00:00,34.557,34.57,34.522,34.548
2022-12-30 04:30:00,34.547,34.569,34.546,34.555
2022-12-30 05:00:00,34.559,34.559,34.518,34.532
2022-12-30 05:30:00,34.533,34.536,34.521,34.528
2022-12-30 06:00:00,34.527,34.544,34.522,34.537
2022-12-30 06:30:00,34.54,34.545,34.523,34.523
2022-12-30 07:00:00,34.521,34.533,34.519,34.53
2022-12-30 07:30:00,34.529,34.531,34.518,34.52
2022-12-30 08:00:00,34.52,34.53,34.513,34.521
2022-12-30 08:30:00,34.52,34.535,34.52,34.528
2022-12-30 09:00:00,34.527,34.533,34.518,34.533
2022-12-30 09:30:00,34.532,34.545,34.517,34.53
2022-12-30 10:00:00,34.529,34.534,34.515,34.522
2022-12-30 10:30:00,34.524,34.526,34.502,34.509
2022-12-30 11:00:00,34.51,34.53,34.508,34.527
2022-12-30 11:30:00,34.526,34.63,34.514,34.621
2022-12-30 12:00:00,34.614,34.652,34.564,34.565
2022-12-30 12:30:00,34.567,34.573,34.557,34.569
2022-12-30 13:00:00,34.568,34.568,34.54,34.541
2022-12-30 13:30:00,34.544,34.546,34.533,34.543
2022-12-30 14:00:00,34.544,34.552,34.54,34.55
2022-12-30 14:30:00,34.549,34.55,34.517,34.521
2022-12-30 15:00:00,34.522,34.545,34.521,34.538
2022-12-30 15:30:00,34.539,34.543,34.522,34.525
2022-12-30 16:00:00,34.525,34.53,34.502,34.504
2022-12-30 16:30:00,34.505,34.533,34.496,34.523
2022-12-30 17:00:00,34.523,34.535,34.512,34.528
2022-12-30 17:30:00,34.528,34.575,34.528,34.556
2022-12-30 18:00:00,34.556,34.565,34.547,34.563
2022-12-30 18:30:00,34.562,34.608,34.562,34.591
2022-12-30 19:00:00,34.592,34.664,34.592,34.649
2022-12-30 19:30:00,34.648,34.658,34.623,34.647
2022-12-30 20:00:00,34.647,34.656,34.635,34.64
2022-12-30 20:30:00,34.639,34.648,34.574,34.62
2022-12-30 21:00:00,34.617,34.618,34.61,34.611
2022-12-30 21:30:00,34.612,34.612,34.611,34.611
2022-12-30 22:00:00,34.612,34.619,34.611,34.617
2022-12-30 22:30:00,34.618,34.63,34.61,34.616
2022-12-30 23:00:00,34.617,34.617,34.596,34.596
2022-12-30 23:30:00,34.612,34.615,34.563,34.584
2023-01-02 00:00:00,34.617,34.619,34.504,34.55
2023-01-02 06:30:00,34.587,34.588,34.586,34.586
2023-01-02 07:00:00,34.587,34.589,34.581,34.587
2023-01-02 07:30:00,34.59,34.591,34.581,34.589
2023-01-02 08:00:00,34.587,34.59,34.585,34.587
2023-01-02 08:30:00,34.585,34.593,34.56,34.56
2023-01-02 09:00:00,34.559,34.569,34.506,34.548
2023-01-02 09:30:00,34.549,34.551,34.53,34.532
2023-01-02 10:00:00,34.535,34.555,34.503,34.542
2023-01-02 10:30:00,34.542,34.552,34.531,34.544
2023-01-02 11:00:00,34.545,34.55,34.533,34.542
2023-01-02 11:30:00,34.542,34.552,34.541,34.547
2023-01-02 12:00:00,34.545,34.546,34.528,34.529
2023-01-02 12:30:00,34.53,34.554,34.53,34.548
2023-01-02 13:00:00,34.549,34.551,34.532,34.548
2023-01-02 13:30:00,34.547,34.553,34.538,34.551
2023-01-02 14:00:00,34.55,34.576,34.524,34.556
2023-01-02 14:30:00,34.554,34.558,34.524,34.542
2023-01-02 15:00:00,34.545,34.551,34.522,34.543
2023-01-02 15:30:00,34.546,34.548,34.539,34.541
2023-01-02 16:00:00,34.542,34.568,34.528,34.533
2023-01-02 16:30:00,34.532,34.537,34.514,34.522
2023-01-02 17:00:00,34.522,34.524,34.508,34.508
2023-01-02 17:30:00,34.509,34.519,34.502,34.51
2023-01-02 18:00:00,34.509,34.526,34.492,34.512
2023-01-02 18:30:00,34.513,34.543,34.463,34.531
2023-01-02 19:00:00,34.529,34.529,34.511,34.515
2023-01-02 19:30:00,34.515,34.521,34.498,34.499
2023-01-02 20:00:00,34.502,34.502,34.493,34.495
2023-01-02 20:30:00,34.496,34.506,34.491,34.493
2023-01-02 21:00:00,34.494,34.508,34.451,34.504
2023-01-02 21:30:00,34.499,34.507,34.476,34.479
2023-01-02 22:00:00,34.478,34.488,34.458,34.488
2023-01-02 22:30:00,34.489,34.491,34.453,34.475
2023-01-02 23:00:00,34.475,34.479,34.437,34.459
2023-01-02 23:30:00,34.46,34.481,34.371,34.439
2023-01-03 00:00:00,34.416,34.503,34.416,34.5
2023-01-03 00:30:00,34.497,34.5,34.467,34.475
2023-01-03 01:00:00,34.474,34.5,34.472,34.485
2023-01-03 01:30:00,34.484,34.506,34.481,34.483
2023-01-03 02:00:00,34.482,34.485,34.468,34.481
2023-01-03 02:30:00,34.48,34.496,34.422,34.431
2023-01-03 03:00:00,34.431,34.453,34.382,34.399
2023-01-03 03:30:00,34.399,34.474,34.385,34.445
2023-01-03 04:00:00,34.447,34.471,34.416,34.418
2023-01-03 04:30:00,34.42,34.425,34.376,34.39
2023-01-03 05:00:00,34.39,34.392,34.318,34.326
2023-01-03 05:30:00,34.322,34.341,34.284,34.325
2023-01-03 06:00:00,34.324,34.345,34.321,34.337
2023-01-03 06:30:00,34.336,34.371,34.332,34.362
2023-01-03 07:00:00,34.362,34.369,34.335,34.366
2023-01-03 07:30:00,34.365,34.398,34.358,34.389
2023-01-03 08:00:00,34.39,34.39,34.36,34.367
2023-01-03 08:30:00,34.366,34.417,34.366,34.413
2023-01-03 09:00:00,34.412,34.414,34.355,34.356
2023-01-03 09:30:00,34.355,34.411,34.345,34.373
2023-01-03 10:00:00,34.372,34.461,34.365,34.438
2023-01-03 10:30:00,34.439,34.456,34.407,34.433
2023-01-03 11:00:00,34.434,34.493,34.419,34.435
2023-01-03 11:30:00,34.436,34.436,34.373,34.397
2023-01-03 12:00:00,34.397,34.439,34.386,34.437
2023-01-03 12:30:00,34.436,34.446,34.415,34.437
2023-01-03 13:00:00,34.438,34.486,34.438,34.479
2023-01-03 13:30:00,34.481,34.483,34.445,34.461
2023-01-03 14:00:00,34.462,34.491,34.414,34.414
2023-01-03 14:30:00,34.415,34.423,34.392,34.401
2023-01-03 15:00:00,34.399,34.409,34.339,34.34
2023-01-03 15:30:00,34.339,34.35,34.305,34.327
2023-01-03 16:00:00,34.328,34.34,34.314,34.316
2023-01-03 16:30:00,34.317,34.327,34.295,34.318
2023-01-03 17:00:00,34.319,34.371,34.317,34.363
2023-01-03 17:30:00,34.364,34.403,34.363,34.401
2023-01-03 18:00:00,34.4,34.412,34.37,34.371
2023-01-03 18:30:00,34.37,34.39,34.37,34.372
2023-01-03 19:00:00,34.373,34.373,34.329,34.355
2023-01-03 19:30:00,34.355,34.358,34.346,34.356
2023-01-03 20:00:00,34.356,34.372,34.347,34.371
2023-01-03 20:30:00,34.371,34.371,34.351,34.354
2023-01-03 21:00:00,34.353,34.366,34.353,34.36
2023-01-03 21:30:00,34.359,34.382,34.358,34.381
2023-01-03 22:00:00,34.38,34.4,34.379,34.393
2023-01-03 22:30:00,34.392,34.393,34.356,34.39
2023-01-03 23:00:00,34.391,34.392,34.387,34.388
2023-01-03 23:30:00,34.389,34.391,34.323,34.323
2023-01-04 00:00:00,34.301,34.366,34.301,34.34
2023-01-04 00:30:00,34.324,34.367,34.315,34.349
2023-01-04 01:00:00,34.343,34.394,34.338,34.393
2023-01-04 01:30:00,34.394,34.408,34.353,34.408
2023-01-04 02:00:00,34.408,34.421,34.393,34.399
2023-01-04 02:30:00,34.398,34.401,34.374,34.38
2023-01-04 03:00:00,34.377,34.387,34.335,34.35
2023-01-04 03:30:00,34.349,34.352,34.308,34.325
2023-01-04 04:00:00,34.325,34.327,34.301,34.303
2023-01-04 04:30:00,34.301,34.303,34.241,34.26
2023-01-04 05:00:00,34.259,34.26,34.209,34.225
2023-01-04 05:30:00,34.224,34.241,34.221,34.231
2023-01-04 06:00:00,34.23,34.265,34.23,34.258
2023-01-04 06:30:00,34.258,34.278,34.254,34.263
2023-01-04 07:00:00,34.263,34.275,34.238,34.274
2023-01-04 07:30:00,34.273,34.284,34.251,34.251
2023-01-04 08:00:00,34.251,34.261,34.166,34.182
2023-01-04 08:30:00,34.182,34.217,34.123,34.147
2023-01-04 09:00:00,34.148,34.15,34.059,34.112
2023-01-04 09:30:00,34.112,34.115,34.032,34.063
2023-01-04 10:00:00,34.064,34.075,33.968,34.029
2023-01-04 10:30:00,34.028,34.082,34.005,34.063
2023-01-04 11:00:00,34.061,34.076,34.021,34.028
2023-01-04 11:30:00,34.028,34.05,34.0,34.042
2023-01-04 12:00:00,34.043,34.065,34.023,34.041
2023-01-04 12:30:00,34.04,34.042,34.009,34.009
2023-01-04 13:00:00,34.01,34.04,33.962,34.024
2023-01-04 13:30:00,34.023,34.041,33.99,33.995
2023-01-04 14:00:00,33.995,34.035,33.991,34.031
2023-01-04 14:30:00,34.031,34.056,33.996,34.006
2023-01-04 15:00:00,34.005,34.026,33.99,33.99
2023-01-04 15:30:00,33.99,33.995,33.959,33.968
2023-01-04 16:00:00,33.969,33.981,33.917,33.953
2023-01-04 16:30:00,33.951,33.969,33.93,33.938
2023-01-04 17:00:00,33.935,34.048,33.934,34.0
2023-01-04 17:30:00,34.001,34.026,33.918,33.922
2023-01-04 18:00:00,33.922,33.927,33.88,33.883
2023-01-04 18:30:00,33.884,33.885,33.849,33.875
2023-01-04 19:00:00,33.874,33.887,33.867,33.88
2023-01-04 19:30:00,33.881,33.934,33.869,33.924
2023-01-04 20:00:00,33.923,33.926,33.922,33.922
2023-01-04 20:30:00,33.923,33.959,33.923,33.929
2023-01-04 21:00:00,33.929,33.939,33.891,33.902
2023-01-04 21:30:00,33.902,33.929,33.874,33.881
2023-01-04 22:00:00,33.88,33.905,33.878,33.883
2023-01-04 22:30:00,33.886,33.91,33.883,33.909
2023-01-04 23:00:00,33.91,33.91,33.899,33.909
2023-01-04 23:30:00,33.908,33.911,33.843,33.843
2023-01-05 00:00:00,33.857,33.867,33.854,33.86
2023-01-05 00:30:00,33.862,33.874,33.86,33.872
2023-01-05 01:00:00,33.868,33.896,33.86,33.896
2023-01-05 01:30:00,33.893,33.905,33.884,33.902
2023-01-05 02:00:00,33.901,33.955,33.867,33.867
2023-01-05 02:30:00,33.862,33.873,33.784,33.796
2023-01-05 03:00:00,33.797,33.871,33.776,33.833
2023-01-05 03:30:00,33.833,33.936,33.833,33.917
2023-01-05 04:00:00,33.916,34.002,33.913,33.971
2023-01-05 04:30:00,33.97,33.977,33.882,33.892
2023-01-05 05:00:00,33.892,33.908,33.802,33.824
2023-01-05 05:30:00,33.823,33.886,33.806,33.875
2023-01-05 06:00:00,33.874,33.903,33.846,33.863
2023-01-05 06:30:00,33.862,33.865,33.842,33.858
2023-01-05 07:00:00,33.859,33.896,33.843,33.892
2023-01-05 07:30:00,33.894,33.909,33.843,33.843
2023-01-05 08:00:00,33.841,33.845,33.779,33.835
2023-01-05 08:30:00,33.837,33.932,33.837,33.889
2023-01-05 09:00:00,33.887,33.913,33.871,33.883
2023-01-05 09:30:00,33.883,33.952,33.864,33.933
2023-01-05 10:00:00,33.933,33.979,33.897,33.951
2023-01-05 10:30:00,33.949,33.958,33.922,33.934
2023-01-05 11:00:00,33.933,33.954,33.919,33.937
2023-01-05 11:30:00,33.937,33.965,33.916,33.946
2023-01-05 12:00:00,33.946,33.948,33.895,33.908
2023-01-05 12:30:00,33.909,33.909,33.867,33.867
2023-01-05 13:00:00,33.866,33.882,33.858,33.882
2023-01-05 13:30:00,33.883,33.907,33.866,33.879
2023-01-05 14:00:00,33.88,33.89,33.855,33.869
2023-01-05 14:30:00,33.869,33.898,33.868,33.893
2023-01-05 15:00:00,33.893,33.968,33.883,33.955
2023-01-05 15:30:00,33.951,34.087,33.948,34.066
2023-01-05 16:00:00,34.066,34.087,34.012,34.054
2023-01-05 16:30:00,34.054,34.115,34.024,34.09
2023-01-05 17:00:00,34.091,34.154,34.061,34.149
2023-01-05 17:30:00,34.149,34.167,34.122,34.133
2023-01-05 18:00:00,34.133,34.145,34.108,34.108
2023-01-05 18:30:00,34.108,34.111,34.055,34.058
2023-01-05 19:00:00,34.056,34.068,34.049,34.053
2023-01-05 19:30:00,34.054,34.067,34.051,34.055
2023-01-05 20:00:00,34.055,34.056,34.01,34.01
2023-01-05 20:30:00,34.011,34.015,34.003,34.011
2023-01-05 21:00:00,34.012,34.019,34.007,34.016
2023-01-05 21:30:00,34.017,34.02,34.009,34.018
2023-01-05 22:00:00,34.019,34.038,34.014,34.033
2023-01-05 22:30:00,34.033,34.058,34.03,34.057
2023-01-05 23:00:00,34.057,34.065,34.054,34.058
2023-01-05 23:30:00,34.059,34.061,33.963,33.963
2023-01-06 00:00:00,33.963,34.02,33.963,33.997
2023-01-06 00:30:00,34.001,34.034,33.968,34.033
2023-01-06 01:00:00,34.031,34.043,34.031,34.043
2023-01-06 01:30:00,34.043,34.048,34.033,34.046
2023-01-06 02:00:00,34.048,34.06,34.025,34.047
2023-01-06 02:30:00,34.047,34.047,33.956,34.009
2023-01-06 03:00:00,34.01,34.081,33.997,34.076
2023-01-06 03:30:00,34.076,34.083,34.039,34.044
2023-01-06 04:00:00,34.044,34.051,34.022,34.027
2023-01-06 04:30:00,34.028,34.033,33.989,34.008
2023-01-06 05:00:00,34.008,34.017,33.908,33.953
2023-01-06 05:30:00,33.952,33.961,33.898,33.923
2023-01-06 06:00:00,33.924,33.939,33.911,33.926
2023-01-06 06:30:00,33.925,33.972,33.925,33.972
2023-01-06 07:00:00,33.973,33.998,33.97,33.998
2023-01-06 07:30:00,33.999,34.088,33.995,34.071
2023-01-06 08:00:00,34.069,34.069,33.994,34.039
2023-01-06 08:30:00,34.039,34.054,34.024,34.048
2023-01-06 09:00:00,34.047,34.07,33.997,34.036
2023-01-06 09:30:00,34.039,34.073,34.029,34.048
2023-01-06 10:00:00,34.046,34.056,33.997,34.03
2023-01-06 10:30:00,34.03,34.041,34.011,34.015
2023-01-06 11:00:00,34.016,34.058,34.002,34.049
2023-01-06 11:30:00,34.048,34.05,34.031,34.045
2023-01-06 12:00:00,34.044,34.048,34.017,34.044
2023-01-06 12:30:00,34.045,34.048,33.99,34.034
2023-01-06 13:00:00,34.034,34.034,33.997,34.007
2023-01-06 13:30:00,34.007,34.044,34.007,34.033
2023-01-06 14:00:00,34.032,34.044,34.017,34.031
2023-01-06 14:30:00,34.029,34.046,34.023,34.039
2023-01-06 15:00:00,34.04,34.057,33.995,33.995
2023-01-06 15:30:00,33.984,33.999,33.848,33.851
2023-01-06 16:00:00,33.852,33.912,33.835,33.876
2023-01-06 16:30:00,33.877,33.948,33.853,33.889
2023-01-06 17:00:00,33.887,33.887,33.777,33.791
2023-01-06 17:30:00,33.791,33.795,33.701,33.718
2023-01-06 18:00:00,33.717,33.746,33.707,33.715
2023-01-06 18:30:00,33.714,33.716,33.663,33.663
2023-01-06 19:00:00,33.663,33.681,33.649,33.674
2023-01-06 19:30:00,33.673,33.676,33.667,33.67
2023-01-06 20:00:00,33.666,33.676,33.664,33.667
2023-01-06 20:30:00,33.667,33.709,33.613,33.66
2023-01-06 21:00:00,33.66,33.678,33.648,33.648
2023-01-06 21:30:00,33.649,33.653,33.647,33.653
2023-01-06 22:00:00,33.656,33.758,33.656,33.729
2023-01-06 22:30:00,33.728,33.763,33.684,33.752
2023-01-06 23:00:00,33.749,33.78,33.648,33.766
2023-01-06 23:30:00,33.767,33.777,33.477,33.637
2023-01-09 00:00:00,33.736,33.807,33.371,33.634
2023-01-09 00:30:00,33.635,33.691,33.625,33.637
2023-01-09 01:00:00,33.635,33.663,33.622,33.627
2023-01-09 01:30:00,33.628,33.646,33.627,33.634
2023-01-09 02:00:00,33.632,33.669,33.62,33.654
2023-01-09 02:30:00,33.655,33.692,33.633,33.641
2023-01-09 03:00:00,33.645,33.663,33.611,33.615
2023-01-09 03:30:00,33.615,33.623,33.532,33.553
2023-01-09 04:00:00,33.554,33.561,33.526,33.556
2023-01-09 04:30:00,33.556,33.584,33.491,33.493
2023-01-09 05:00:00,33.493,33.567,33.492,33.538
2023-01-09 05:30:00,33.537,33.54,33.505,33.505
2023-01-09 06:00:00,33.505,33.513,33.463,33.497
2023-01-09 06:30:00,33.496,33.511,33.493,33.506
2023-01-09 07:00:00,33.507,33.514,33.487,33.494
2023-01-09 07:30:00,33.493,33.535,33.486,33.487
2023-01-09 08:00:00,33.486,33.49,33.414,33.427
2023-01-09 08:30:00,33.428,33.479,33.422,33.425
2023-01-09 09:00:00,33.424,33.453,33.374,33.445
2023-01-09 09:30:00,33.446,33.535,33.44,33.524
2023-01-09 10:00:00,33.523,33.536,33.473,33.516
2023-01-09 10:30:00,33.517,33.545,33.498,33.538
2023-01-09 11:00:00,33.537,33.599,33.527,33.557
2023-01-09 11:30:00,33.557,33.565,33.471,33.486
2023-01-09 12:00:00,33.486,33.542,33.477,33.513
2023-01-09 12:30:00,33.514,33.544,33.508,33.537
2023-01-09 13:00:00,33.536,33.538,33.491,33.492
2023-01-09 13:30:00,33.491,33.504,33.477,33.482
2023-01-09 14:00:00,33.482,33.494,33.463,33.471
2023-01-09 14:30:00,33.472,33.479,33.456,33.46
2023-01-09 15:00:00,33.459,33.467,33.421,33.422
2023-01-09 15:30:00,33.421,33.448,33.398,33.405
2023-01-09 16:00:00,33.406,33.431,33.395,33.418
2023-01-09 16:30:00,33.418,33.425,33.394,33.401
2023-01-09 17:00:00,33.402,33.404,33.38,33.396
2023-01-09 17:30:00,33.397,33.445,33.396,33.4
2023-01-09 18:00:00,33.399,33.4,33.369,33.383
2023-01-09 18:30:00,33.382,33.395,33.374,33.393
2023-01-09 19:00:00,33.392,33.448,33.386,33.441
2023-01-09 19:30:00,33.441,33.453,33.429,33.448
2023-01-09 20:00:00,33.448,33.452,33.423,33.423
2023-01-09 20:30:00,33.427,33.456,33.415,33.443
2023-01-09 21:00:00,33.442,33.449,33.432,33.433
2023-01-09 21:30:00,33.434,33.436,33.421,33.43
2023-01-09 22:00:00,33.429,33.441,33.427,33.436
2023-01-09 22:30:00,33.437,33.447,33.437,33.441
2023-01-09 23:00:00,33.44,33.462,33.439,33.455
2023-01-09 23:30:00,33.456,33.456,33.365,33.372
2023-01-10 00:00:00,33.389,33.402,33.388,33.402
2023-01-10 00:30:00,33.4,33.408,33.394,33.404
2023-01-10 01:00:00,33.403,33.431,33.4,33.423
2023-01-10 01:30:00,33.424,33.438,33.407,33.423
2023-01-10 02:00:00,33.422,33.476,33.421,33.474
2023-01-10 02:30:00,33.475,33.488,33.414,33.418
2023-01-10 03:00:00,33.414,33.463,33.332,33.351
2023-01-10 03:30:00,33.351,33.39,33.313,33.383
2023-01-10 04:00:00,33.384,33.47,33.384,33.47
2023-01-10 04:30:00,33.469,33.51,33.44,33.467
2023-01-10 05:00:00,33.467,33.49,33.424,33.432
2023-01-10 05:30:00,33.433,33.466,33.425,33.443
2023-01-10 06:00:00,33.443,33.459,33.439,33.452
2023-01-10 06:30:00,33.452,33.457,33.439,33.446
2023-01-10 07:00:00,33.447,33.45,33.408,33.422
2023-01-10 07:30:00,33.422,33.43,33.4,33.427
2023-01-10 08:00:00,33.427,33.493,33.421,33.488
2023-01-10 08:30:00,33.488,33.525,33.481,33.491
2023-01-10 09:00:00,33.49,33.523,33.483,33.514
2023-01-10 09:30:00,33.515,33.551,33.503,33.531
2023-01-10 10:00:00,33.528,33.547,33.519,33.534
2023-01-10 10:30:00,33.535,33.541,33.504,33.505
2023-01-10 11:00:00,33.506,33.562,33.504,33.54
2023-01-10 11:30:00,33.541,33.548,33.509,33.51
2023-01-10 12:00:00,33.512,33.531,33.502,33.52
2023-01-10 12:30:00,33.52,33.528,33.512,33.521
2023-01-10 13:00:00,33.521,33.543,33.519,33.528
2023-01-10 13:30:00,33.528,33.542,33.524,33.532
2023-01-10 14:00:00,33.533,33.545,33.531,33.539
2023-01-10 14:30:00,33.539,33.568,33.537,33.566
2023-01-10 15:00:00,33.565,33.602,33.565,33.586
2023-01-10 15:30:00,33.587,33.587,33.522,33.524
2023-01-10 16:00:00,33.522,33.54,33.466,33.479
2023-01-10 16:30:00,33.48,33.491,33.444,33.463
2023-01-10 17:00:00,33.463,33.47,33.421,33.443
2023-01-10 17:30:00,33.442,33.496,33.442,33.452
2023-01-10 18:00:00,33.451,33.475,33.449,33.474
2023-01-10 18:30:00,33.474,33.478,33.47,33.472
2023-01-10 19:00:00,33.471,33.473,33.461,33.466
2023-01-10 19:30:00,33.465,33.472,33.464,33.467
2023-01-10 20:00:00,33.467,33.475,33.467,33.472
2023-01-10 20:30:00,33.473,33.473,33.434,33.437
2023-01-10 21:00:00,33.437,33.437,33.436,33.436
2023-01-10 21:30:00,33.436,33.439,33.435,33.438
2023-01-10 22:00:00,33.437,33.445,33.437,33.438
2023-01-10 22:30:00,33.438,33.442,33.431,33.437
2023-01-10 23:00:00,33.436,33.444,33.436,33.438
2023-01-10 23:30:00,33.436,33.451,33.378,33.378
2023-01-11 00:00:00,33.425,33.434,33.42,33.42
2023-01-11 00:30:00,33.42,33.458,33.42,33.446
2023-01-11 01:00:00,33.442,33.456,33.441,33.455
2023-01-11 01:30:00,33.455,33.459,33.455,33.456
2023-01-11 02:00:00,33.456,33.475,33.447,33.46
2023-01-11 02:30:00,33.459,33.508,33.448,33.506
2023-01-11 03:00:00,33.506,33.605,33.506,33.57
2023-01-11 03:30:00,33.569,33.614,33.561,33.593
2023-01-11 04:00:00,33.593,33.601,33.558,33.566
2023-01-11 04:30:00,33.561,33.581,33.549,33.558
2023-01-11 05:00:00,33.558,33.558,33.521,33.54
2023-01-11 05:30:00,33.541,33.541,33.502,33.536
2023-01-11 06:00:00,33.535,33.543,33.475,33.496
2023-01-11 06:30:00,33.494,33.498,33.418,33.449
2023-01-11 07:00:00,33.45,33.459,33.434,33.455
2023-01-11 07:30:00,33.456,33.469,33.409,33.456
2023-01-11 08:00:00,33.455,33.457,33.407,33.423
2023-01-11 08:30:00,33.422,33.444,33.417,33.43
2023-01-11 09:00:00,33.431,33.459,33.423,33.443
2023-01-11 09:30:00,33.443,33.46,33.432,33.432
2023-01-11 10:00:00,33.432,33.446,33.38,33.43
2023-01-11 10:30:00,33.429,33.443,33.407,33.411
2023-01-11 11:00:00,33.41,33.425,33.323,33.324
2023-01-11 11:30:00,33.323,33.36,33.26,33.348
2023-01-11 12:00:00,33.348,33.366,33.338,33.341
2023-01-11 12:30:00,33.342,33.357,33.337,33.34
2023-01-11 13:00:00,33.341,33.342,33.328,33.336
2023-01-11 13:30:00,33.335,33.35,33.326,33.336
2023-01-11 14:00:00,33.334,33.44,33.334,33.425
2023-01-11 14:30:00,33.426,33.447,33.415,33.419
2023-01-11 15:00:00,33.419,33.428,33.389,33.424
2023-01-11 15:30:00,33.423,33.437,33.418,33.436
2023-01-11 16:00:00,33.434,33.444,33.418,33.42
2023-01-11 16:30:00,33.42,33.437,33.402,33.433
2023-01-11 17:00:00,33.433,33.471,33.428,33.47
2023-01-11 17:30:00,33.47,33.474,33.458,33.47
2023-01-11 18:00:00,33.47,33.483,33.462,33.469
2023-01-11 18:30:00,33.468,33.47,33.456,33.47
2023-01-11 19:00:00,33.469,33.469,33.45,33.456
2023-01-11 19:30:00,33.455,33.463,33.452,33.454
2023-01-11 20:00:00,33.453,33.455,33.434,33.44
2023-01-11 20:30:00,33.439,33.442,33.424,33.425
2023-01-11 21:00:00,33.424,33.445,33.424,33.434
2023-01-11 21:30:00,33.435,33.444,33.433,33.441
2023-01-11 22:00:00,33.442,33.442,33.42,33.432
2023-01-11 22:30:00,33.432,33.436,33.422,33.434
2023-01-11 23:00:00,33.434,33.435,33.423,33.433
2023-01-11 23:30:00,33.435,33.435,33.374,33.381
2023-01-12 00:00:00,33.405,33.424,33.404,33.42
2023-01-12 00:30:00,33.421,33.426,33.416,33.424
2023-01-12 01:00:00,33.423,33.431,33.4,33.4
2023-01-12 01:30:00,33.401,33.415,33.358,33.367
2023-01-12 02:00:00,33.371,33.371,33.312,33.337
2023-01-12 02:30:00,33.337,33.362,33.295,33.327
2023-01-12 03:00:00,33.328,33.341,33.316,33.324
2023-01-12 03:30:00,33.325,33.387,33.325,33.346
2023-01-12 04:00:00,33.346,33.369,33.337,33.345
2023-01-12 04:30:00,33.346,33.362,33.243,33.286
2023-01-12 05:00:00,33.286,33.334,33.266,33.334
2023-01-12 05:30:00,33.335,33.369,33.335,33.367
2023-01-12 06:00:00,33.368,33.388,33.345,33.351
2023-01-12 06:30:00,33.35,33.356,33.33,33.349
2023-01-12 07:00:00,33.35,33.368,33.342,33.366
2023-01-12 07:30:00,33.365,33.428,33.348,33.423
2023-01-12 08:00:00,33.424,33.455,33.403,33.423
2023-01-12 08:30:00,33.422,33.455,33.413,33.436
2023-01-12 09:00:00,33.437,33.469,33.427,33.462
2023-01-12 09:30:00,33.462,33.463,33.413,33.423
2023-01-12 10:00:00,33.421,33.44,33.416,33.428
2023-01-12 10:30:00,33.428,33.445,33.399,33.404
2023-01-12 11:00:00,33.405,33.409,33.34,33.355
2023-01-12 11:30:00,33.356,33.36,33.312,33.355
2023-01-12 12:00:00,33.355,33.42,33.353,33.413
2023-01-12 12:30:00,33.412,33.422,33.382,33.399
2023-01-12 13:00:00,33.4,33.403,33.376,33.384
2023-01-12 13:30:00,33.384,33.392,33.37,33.372
2023-01-12 14:00:00,33.373,33.376,33.342,33.357
2023-01-12 14:30:00,33.356,33.368,33.326,33.348
2023-01-12 15:00:00,33.348,33.349,33.257,33.257
2023-01-12 15:30:00,33.232,33.339,33.124,33.153
2023-01-12 16:00:00,33.151,33.277,33.13,33.214
2023-01-12 16:30:00,33.213,33.341,33.168,33.261
2023-01-12 17:00:00,33.26,33.301,33.164,33.165
2023-01-12 17:30:00,33.166,33.224,33.132,33.145
2023-01-12 18:00:00,33.145,33.196,33.141,33.183
2023-01-12 18:30:00,33.18,33.192,33.153,33.153
2023-01-12 19:00:00,33.152,33.157,33.142,33.144
2023-01-12 19:30:00,33.142,33.147,33.119,33.124
2023-01-12 20:00:00,33.123,33.127,33.081,33.118
2023-01-12 20:30:00,33.118,33.127,33.108,33.112
2023-01-12 21:00:00,33.108,33.157,33.108,33.154
2023-01-12 21:30:00,33.156,33.158,33.139,33.154
2023-01-12 22:00:00,33.155,33.155,33.124,33.128
2023-01-12 22:30:00,33.126,33.13,33.114,33.114
2023-01-12 23:00:00,33.111,33.123,33.111,33.122
2023-01-12 23:30:00,33.124,33.138,33.083,33.083
2023-01-13 00:00:00,33.022,33.136,33.022,33.115
2023-01-13 00:30:00,33.11,33.118,33.1,33.103
2023-01-13 01:00:00,33.083,33.121,33.083,33.111
2023-01-13 01:30:00,33.111,33.127,33.108,33.112
2023-01-13 02:00:00,33.114,33.115,33.048,33.081
2023-01-13 02:30:00,33.082,33.149,33.069,33.102
2023-01-13 03:00:00,33.102,33.17,33.102,33.123
2023-01-13 03:30:00,33.124,33.162,33.105,33.133
2023-01-13 04:00:00,33.135,33.186,33.129,33.164
2023-01-13 04:30:00,33.165,33.172,33.14,33.141
2023-01-13 05:00:00,33.141,33.179,33.123,33.151
2023-01-13 05:30:00,33.152,33.171,33.144,33.167
2023-01-13 06:00:00,33.166,33.196,33.161,33.191
2023-01-13 06:30:00,33.192,33.192,33.175,33.182
2023-01-13 07:00:00,33.183,33.193,33.179,33.191
2023-01-13 07:30:00,33.19,33.194,33.165,33.179
2023-01-13 08:00:00,33.18,33.192,33.121,33.151
2023-01-13 08:30:00,33.151,33.169,33.125,33.137
2023-01-13 09:00:00,33.136,33.141,33.113,33.126
2023-01-13 09:30:00,33.127,33.127,33.032,33.045
2023-01-13 10:00:00,33.044,33.063,32.974,32.975
2023-01-13 10:30:00,32.976,32.992,32.922,32.991
2023-01-13 11:00:00,32.992,32.993,32.938,32.972
2023-01-13 11:30:00,32.972,32.994,32.958,32.967
2023-01-13 12:00:00,32.968,32.97,32.951,32.957
2023-01-13 12:30:00,32.958,32.994,32.954,32.972
2023-01-13 13:00:00,32.976,33.02,32.966,33.017
2023-01-13 13:30:00,33.017,33.036,33.002,33.035
2023-01-13 14:00:00,33.034,33.065,33.034,33.064
2023-01-13 14:30:00,33.063,33.084,33.063,33.072
2023-01-13 15:00:00,33.07,33.084,33.053,33.055
2023-01-13 15:30:00,33.055,33.074,33.053,33.063
2023-01-13 16:00:00,33.063,33.072,33.04,33.065
2023-01-13 16:30:00,33.064,33.068,32.95,32.95
2023-01-13 17:00:00,32.944,32.982,32.935,32.969
2023-01-13 17:30:00,32.968,32.974,32.914,32.917
2023-01-13 18:00:00,32.916,32.957,32.913,32.934
2023-01-13 18:30:00,32.934,32.968,32.922,32.966
2023-01-13 19:00:00,32.966,32.983,32.916,32.932
2023-01-13 19:30:00,32.928,32.934,32.903,32.906
2023-01-13 20:00:00,32.905,32.906,32.878,32.891
2023-01-13 20:30:00,32.891,32.897,32.882,32.885
2023-01-13 21:00:00,32.884,32.886,32.872,32.874
2023-01-13 21:30:00,32.874,32.877,32.872,32.873
2023-01-13 22:00:00,32.875,32.876,32.845,32.85
2023-01-13 22:30:00,32.851,32.865,32.835,32.858
2023-01-13 23:00:00,32.857,32.862,32.833,32.858
2023-01-13 23:30:00,32.857,32.897,32.842,32.845
2023-01-16 00:00:00,32.869,33.115,32.704,32.873
2023-01-16 00:30:00,32.874,32.874,32.86,32.874
2023-01-16 01:00:00,32.873,32.897,32.844,32.895
2023-01-16 01:30:00,32.896,32.903,32.847,32.879
2023-01-16 02:00:00,32.881,32.884,32.836,32.87
2023-01-16 02:30:00,32.87,32.926,32.85,32.922
2023-01-16 03:00:00,32.922,32.925,32.808,32.836
2023-01-16 03:30:00,32.836,32.867,32.814,32.819
2023-01-16 04:00:00,32.82,32.831,32.772,32.785
2023-01-16 04:30:00,32.784,32.811,32.702,32.727
2023-01-16 05:00:00,32.726,32.772,32.713,32.756
2023-01-16 05:30:00,32.757,32.769,32.735,32.765
2023-01-16 06:00:00,32.768,32.796,32.758,32.78
2023-01-16 06:30:00,32.779,32.85,32.778,32.836
2023-01-16 07:00:00,32.836,32.845,32.8,32.806
2023-01-16 07:30:00,32.806,32.853,32.8,32.819
2023-01-16 08:00:00,32.816,32.864,32.816,32.864
2023-01-16 08:30:00,32.862,32.925,32.862,32.881
2023-01-16 09:00:00,32.88,32.942,32.877,32.941
2023-01-16 09:30:00,32.941,32.953,32.897,32.943
2023-01-16 10:00:00,32.944,33.064,32.942,33.047
2023-01-16 10:30:00,33.047,33.056,32.969,33.034
2023-01-16 11:00:00,33.033,33.037,32.996,33.009
2023-01-16 11:30:00,33.008,33.025,32.969,32.97
2023-01-16 12:00:00,32.969,33.011,32.969,32.994
2023-01-16 12:30:00,32.992,33.019,32.98,33.016
2023-01-16 13:00:00,33.018,33.022,33.0,33.003
2023-01-16 13:30:00,33.003,33.017,32.987,33.01
2023-01-16 14:00:00,33.011,33.015,32.997,32.999
2023-01-16 14:30:00,32.998,33.013,32.998,33.013
2023-01-16 15:00:00,33.013,33.03,33.006,33.03
2023-01-16 15:30:00,33.029,33.031,33.022,33.024
2023-01-16 16:00:00,33.023,33.031,33.0,33.011
2023-01-16 16:30:00,33.01,33.041,33.009,33.035
2023-01-16 17:00:00,33.034,33.047,33.027,33.047
2023-01-16 17:30:00,33.051,33.068,33.051,33.059
2023-01-16 18:00:00,33.059,33.083,33.057,33.083
2023-01-16 18:30:00,33.083,33.092,33.079,33.091
2023-01-16 19:00:00,33.091,33.11,33.089,33.109
2023-01-16 19:30:00,33.11,33.114,33.102,33.102
2023-01-16 20:00:00,33.103,33.112,33.068,33.069
2023-01-16 20:30:00,33.072,33.073,33.065,33.066
2023-01-16 21:00:00,33.068,33.07,33.062,33.064
2023-01-16 21:30:00,33.063,33.078,33.062,33.072
2023-01-16 22:00:00,33.072,33.072,33.068,33.068
2023-01-16 22:30:00,33.063,33.07,33.061,33.067
2023-01-16 23:00:00,33.069,33.071,33.06,33.061
2023-01-16 23:30:00,33.06,33.068,33.045,33.048
2023-01-17 00:00:00,32.973,32.974,32.963,32.971
2023-01-17 00:30:00,32.963,33.006,32.963,33.003
2023-01-17 01:00:00,32.991,33.001,32.991,32.997
2023-01-17 01:30:00,32.999,33.065,32.996,33.034
2023-01-17 02:00:00,33.03,33.036,32.989,33.023
2023-01-17 02:30:00,33.022,33.026,32.952,32.976
2023-01-17 03:00:00,32.977,33.104,32.966,33.093
2023-01-17 03:30:00,33.094,33.164,33.085,33.164
2023-01-17 04:00:00,33.164,33.177,33.092,33.161
2023-01-17 04:30:00,33.163,33.196,33.086,33.089
2023-01-17 05:00:00,33.09,33.093,33.017,33.02
2023-01-17 05:30:00,33.021,33.054,33.016,33.049
2023-01-17 06:00:00,33.049,33.071,33.028,33.061
2023-01-17 06:30:00,33.062,33.07,33.05,33.054
2023-01-17 07:00:00,33.054,33.055,33.043,33.05
2023-01-17 07:30:00,33.051,33.092,33.05,33.068
2023-01-17 08:00:00,33.069,33.08,33.06,33.069
2023-01-17 08:30:00,33.068,33.113,33.059,33.107
2023-01-17 09:00:00,33.108,33.124,33.087,33.112
2023-01-17 09:30:00,33.113,33.118,33.046,33.049
2023-01-17 10:00:00,33.049,33.061,33.014,33.056
2023-01-17 10:30:00,33.057,33.075,33.052,33.065
2023-01-17 11:00:00,33.064,33.092,33.054,33.087
2023-01-17 11:30:00,33.087,33.105,33.086,33.104
2023-01-17 12:00:00,33.104,33.142,33.093,33.139
2023-01-17 12:30:00,33.14,33.149,33.118,33.131
2023-01-17 13:00:00,33.129,33.131,33.121,33.124
2023-01-17 13:30:00,33.123,33.124,33.078,33.08
2023-01-17 14:00:00,33.08,33.101,33.067,33.067
2023-01-17 14:30:00,33.068,33.081,33.041,33.057
2023-01-17 15:00:00,33.056,33.078,33.045,33.065
2023-01-17 15:30:00,33.062,33.078,33.036,33.07
2023-01-17 16:00:00,33.07,33.07,33.027,33.039
2023-01-17 16:30:00,33.039,33.052,33.023,33.027
2023-01-17 17:00:00,33.026,33.057,32.992,33.016
2023-01-17 17:30:00,33.015,33.065,32.981,32.984
2023-01-17 18:00:00,32.983,33.025,32.98,33.001
2023-01-17 18:30:00,33.0,33.022,32.995,33.011
2023-01-17 19:00:00,33.011,33.029,33.006,33.029
2023-01-17 19:30:00,33.029,33.037,33.022,33.033
2023-01-17 20:00:00,33.032,33.04,33.03,33.032
2023-01-17 20:30:00,33.033,33.035,33.028,33.03
2023-01-17 21:00:00,33.03,33.052,33.029,33.033
2023-01-17 21:30:00,33.033,33.034,33.027,33.031
2023-01-17 22:00:00,33.031,33.032,32.983,32.985
2023-01-17 22:30:00,32.986,32.992,32.978,32.986
2023-01-17 23:00:00,32.985,32.988,32.978,32.982
2023-01-17 23:30:00,32.981,32.989,32.964,32.969
2023-01-18 00:00:00,32.975,33.0,32.968,32.979
2023-01-18 00:30:00,32.97,32.995,32.97,32.973
2023-01-18 01:00:00,32.974,32.993,32.971,32.991
2023-01-18 01:30:00,32.993,32.995,32.989,32.991
2023-01-18 02:00:00,32.99,33.025,32.975,33.009
2023-01-18 02:30:00,33.017,33.036,32.982,33.012
2023-01-18 03:00:00,33.013,33.06,32.979,33.059
2023-01-18 03:30:00,33.059,33.129,33.047,33.048
2023-01-18 04:00:00,33.048,33.068,33.031,33.056
2023-01-18 04:30:00,33.057,33.184,33.044,33.07
2023-01-18 05:00:00,33.068,33.109,33.012,33.083
2023-01-18 05:30:00,33.084,33.148,33.062,33.118
2023-01-18 06:00:00,33.118,33.136,33.113,33.128
2023-01-18 06:30:00,33.128,33.135,33.106,33.119
2023-01-18 07:00:00,33.119,33.143,33.108,33.127
2023-01-18 07:30:00,33.128,33.139,33.092,33.094
2023-01-18 08:00:00,33.095,33.099,33.056,33.075
2023-01-18 08:30:00,33.078,33.107,33.059,33.064
2023-01-18 09:00:00,33.063,33.063,32.921,32.961
2023-01-18 09:30:00,32.96,32.997,32.957,32.975
2023-01-18 10:00:00,32.974,32.98,32.887,32.912
2023-01-18 10:30:00,32.913,32.946,32.906,32.925
2023-01-18 11:00:00,32.92,32.962,32.911,32.912
2023-01-18 11:30:00,32.911,32.911,32.834,32.835
2023-01-18 12:00:00,32.835,32.871,32.832,32.871
2023-01-18 12:30:00,32.871,32.888,32.869,32.873
2023-01-18 13:00:00,32.873,32.922,32.86,32.922
2023-01-18 13:30:00,32.92,32.935,32.895,32.895
2023-01-18 14:00:00,32.892,32.913,32.88,32.889
2023-01-18 14:30:00,32.888,32.918,32.857,32.858
2023-01-18 15:00:00,32.857,32.875,32.852,32.857
2023-01-18 15:30:00,32.855,32.861,32.794,32.807
2023-01-18 16:00:00,32.806,32.816,32.766,32.784
2023-01-18 16:30:00,32.783,32.835,32.772,32.804
2023-01-18 17:00:00,32.803,32.849,32.801,32.821
2023-01-18 17:30:00,32.821,32.877,32.806,32.872
2023-01-18 18:00:00,32.872,32.896,32.841,32.889
2023-01-18 18:30:00,32.888,32.915,32.888,32.91
2023-01-18 19:00:00,32.912,33.005,32.908,32.982
2023-01-18 19:30:00,32.982,33.002,32.981,33.0
2023-01-18 20:00:00,32.996,33.005,32.96,32.991
2023-01-18 20:30:00,32.99,32.998,32.982,32.982
2023-01-18 21:00:00,32.982,32.995,32.98,32.989
2023-01-18 21:30:00,32.99,32.993,32.985,32.988
2023-01-18 22:00:00,32.988,32.991,32.985,32.988
2023-01-18 22:30:00,32.988,33.012,32.986,33.006
2023-01-18 23:00:00,33.005,33.021,33.001,33.007
2023-01-18 23:30:00,33.004,33.012,32.945,32.945
2023-01-19 00:00:00,32.992,32.997,32.78,32.786
2023-01-19 00:30:00,32.771,32.956,32.771,32.956
2023-01-19 01:00:00,32.943,32.978,32.935,32.978
2023-01-19 01:30:00,32.978,32.999,32.966,32.997
2023-01-19 02:00:00,32.992,33.051,32.991,33.045
2023-01-19 02:30:00,33.046,33.09,32.981,33.062
2023-01-19 03:00:00,33.061,33.084,33.032,33.049
2023-01-19 03:30:00,33.05,33.167,33.048,33.148
2023-01-19 04:00:00,33.148,33.151,33.107,33.107
2023-01-19 04:30:00,33.109,33.122,33.069,33.077
2023-01-19 05:00:00,33.077,33.09,33.048,33.063
2023-01-19 05:30:00,33.062,33.076,33.0,33.028
2023-01-19 06:00:00,33.028,33.038,33.001,33.015
2023-01-19 06:30:00,33.014,33.061,33.005,33.045
2023-01-19 07:00:00,33.045,33.076,33.039,33.058
2023-01-19 07:30:00,33.057,33.106,33.056,33.083
2023-01-19 08:00:00,33.084,33.089,33.072,33.079
2023-01-19 08:30:00,33.079,33.086,33.065,33.076
2023-01-19 09:00:00,33.076,33.089,33.057,33.087
2023-01-19 09:30:00,33.088,33.09,33.03,33.063
2023-01-19 10:00:00,33.063,33.074,33.013,33.023
2023-01-19 10:30:00,33.022,33.055,33.003,33.01
2023-01-19 11:00:00,33.011,33.032,32.993,33.013
2023-01-19 11:30:00,33.012,33.043,33.005,33.033
2023-01-19 12:00:00,33.034,33.08,33.03,33.06
2023-01-19 12:30:00,33.059,33.073,33.034,33.038
2023-01-19 13:00:00,33.039,33.056,33.024,33.053
2023-01-19 13:30:00,33.052,33.079,33.052,33.078
2023-01-19 14:00:00,33.077,33.093,33.063,33.069
2023-01-19 14:30:00,33.068,33.102,33.057,33.091
2023-01-19 15:00:00,33.092,33.115,33.025,33.025
2023-01-19 15:30:00,33.027,33.063,33.025,33.034
2023-01-19 16:00:00,33.033,33.035,32.971,32.972
2023-01-19 16:30:00,32.972,33.035,32.952,33.009
2023-01-19 17:00:00,33.008,33.018,32.954,32.968
2023-01-19 17:30:00,32.967,33.011,32.962,33.001
2023-01-19 18:00:00,33.0,33.025,32.993,33.013
2023-01-19 18:30:00,33.015,33.015,32.991,33.004
2023-01-19 19:00:00,33.002,33.007,32.984,33.005
2023-01-19 19:30:00,33.005,33.011,32.994,32.994
2023-01-19 20:00:00,32.993,33.005,32.961,32.97
2023-01-19 20:30:00,32.97,32.976,32.947,32.954
2023-01-19 21:00:00,32.955,32.959,32.939,32.939
2023-01-19 21:30:00,32.94,32.94,32.877,32.884
2023-01-19 22:00:00,32.885,32.888,32.878,32.88
2023-01-19 22:30:00,32.88,32.902,32.88,32.887
2023-01-19 23:00:00,32.895,32.912,32.893,32.91
2023-01-19 23:30:00,32.91,32.918,32.792,32.792
2023-01-20 00:00:00,32.843,32.882,32.838,32.874
2023-01-20 00:30:00,32.871,32.871,32.841,32.859
2023-01-20 01:00:00,32.854,32.889,32.85,32.855
2023-01-20 01:30:00,32.856,32.886,32.854,32.882
2023-01-20 02:00:00,32.883,32.889,32.85,32.854
2023-01-20 02:30:00,32.853,32.881,32.838,32.847
2023-01-20 03:00:00,32.847,32.861,32.822,32.824
2023-01-20 03:30:00,32.823,32.878,32.808,32.844
2023-01-20 04:00:00,32.844,32.865,32.822,32.835
2023-01-20 04:30:00,32.838,32.863,32.834,32.837
2023-01-20 05:00:00,32.837,32.843,32.826,32.835
2023-01-20 05:30:00,32.836,32.845,32.802,32.844
2023-01-20 06:00:00,32.845,32.899,32.845,32.891
2023-01-20 06:30:00,32.892,32.931,32.892,32.912
2023-01-20 07:00:00,32.912,32.919,32.883,32.919
2023-01-20 07:30:00,32.921,32.921,32.855,32.859
2023-01-20 08:00:00,32.86,32.864,32.826,32.852
2023-01-20 08:30:00,32.852,32.869,32.83,32.859
2023-01-20 09:00:00,32.86,32.871,32.769,32.771
2023-01-20 09:30:00,32.772,32.802,32.717,32.736
2023-01-20 10:00:00,32.739,32.76,32.689,32.733
2023-01-20 10:30:00,32.734,32.779,32.718,32.758
2023-01-20 11:00:00,32.757,32.781,32.719,32.738
2023-01-20 11:30:00,32.737,32.821,32.737,32.815
2023-01-20 12:00:00,32.816,32.834,32.794,32.809
2023-01-20 12:30:00,32.808,32.808,32.765,32.789
2023-01-20 13:00:00,32.79,32.794,32.785,32.79
2023-01-20 13:30:00,32.79,32.816,32.775,32.778
2023-01-20 14:00:00,32.779,32.793,32.754,32.767
2023-01-20 14:30:00,32.768,32.779,32.731,32.731
2023-01-20 15:00:00,32.731,32.758,32.728,32.749
2023-01-20 15:30:00,32.749,32.808,32.748,32.806
2023-01-20 16:00:00,32.806,32.814,32.799,32.805
2023-01-20 16:30:00,32.805,32.859,32.773,32.785
2023-01-20 17:00:00,32.78,32.782,32.719,32.721
2023-01-20 17:30:00,32.72,32.761,32.717,32.734
2023-01-20 18:00:00,32.734,32.757,32.726,32.745
2023-01-20 18:30:00,32.746,32.757,32.722,32.746
2023-01-20 19:00:00,32.746,32.756,32.724,32.726
2023-01-20 19:30:00,32.727,32.729,32.721,32.722
2023-01-20 20:00:00,32.722,32.73,32.718,32.724
2023-01-20 20:30:00,32.724,32.728,32.705,32.705
2023-01-20 21:00:00,32.704,32.708,32.693,32.693
2023-01-20 21:30:00,32.699,32.707,32.699,32.703
2023-01-20 22:00:00,32.702,32.705,32.695,32.701
2023-01-20 22:30:00,32.7,32.701,32.686,32.693
2023-01-20 23:00:00,32.693,32.71,32.685,32.687
2023-01-20 23:30:00,32.685,32.696,32.675,32.689
2023-01-23 00:00:00,32.752,32.857,32.567,32.717
2023-01-23 00:30:00,32.716,32.725,32.712,32.72
2023-01-23 01:00:00,32.723,32.725,32.716,32.721
2023-01-23 01:30:00,32.719,32.728,32.707,32.719
2023-01-23 02:00:00,32.721,32.722,32.694,32.707
2023-01-23 02:30:00,32.707,32.712,32.648,32.649
2023-01-23 03:00:00,32.648,32.664,32.626,32.641
2023-01-23 03:30:00,32.641,32.651,32.579,32.585
2023-01-23 04:00:00,32.585,32.645,32.582,32.621
2023-01-23 04:30:00,32.623,32.661,32.621,32.645
2023-01-23 05:00:00,32.644,32.644,32.565,32.575
2023-01-23 05:30:00,32.576,32.636,32.576,32.636
2023-01-23 06:00:00,32.637,32.687,32.634,32.685
2023-01-23 06:30:00,32.684,32.697,32.667,32.669
2023-01-23 07:00:00,32.669,32.738,32.669,32.713
2023-01-23 07:30:00,32.714,32.763,32.694,32.752
2023-01-23 08:00:00,32.754,32.844,32.751,32.831
2023-01-23 08:30:00,32.83,32.844,32.775,32.776
2023-01-23 09:00:00,32.777,32.831,32.768,32.825
2023-01-23 09:30:00,32.825,32.826,32.785,32.792
2023-01-23 10:00:00,32.792,32.803,32.773,32.795
2023-01-23 10:30:00,32.795,32.805,32.77,32.785
2023-01-23 11:00:00,32.784,32.801,32.768,32.781
2023-01-23 11:30:00,32.784,32.791,32.725,32.735
2023-01-23 12:00:00,32.736,32.764,32.718,32.757
2023-01-23 12:30:00,32.756,32.767,32.751,32.764
2023-01-23 13:00:00,32.763,32.787,32.757,32.773
2023-01-23 13:30:00,32.774,32.79,32.774,32.789
2023-01-23 14:00:00,32.789,32.796,32.781,32.781
2023-01-23 14:30:00,32.781,32.789,32.751,32.765
2023-01-23 15:00:00,32.765,32.772,32.752,32.765
2023-01-23 15:30:00,32.765,32.807,32.758,32.803
2023-01-23 16:00:00,32.802,32.838,32.802,32.821
2023-01-23 16:30:00,32.822,32.839,32.781,32.806
2023-01-23 17:00:00,32.808,32.854,32.803,32.821
2023-01-23 17:30:00,32.821,32.836,32.776,32.781
2023-01-23 18:00:00,32.785,32.805,32.757,32.792
2023-01-23 18:30:00,32.791,32.799,32.785,32.788
2023-01-23 19:00:00,32.786,32.829,32.785,32.812
2023-01-23 19:30:00,32.814,32.815,32.806,32.813
2023-01-23 20:00:00,32.814,32.814,32.735,32.752
2023-01-23 20:30:00,32.754,32.755,32.705,32.743
2023-01-23 21:00:00,32.744,32.753,32.743,32.75
2023-01-23 21:30:00,32.748,32.756,32.727,32.728
2023-01-23 22:00:00,32.727,32.744,32.719,32.72
2023-01-23 22:30:00,32.719,32.736,32.716,32.734
2023-01-23 23:00:00,32.735,32.745,32.713,32.731
2023-01-23 23:30:00,32.731,32.731,32.682,32.682
2023-01-24 00:00:00,32.705,32.713,32.689,32.713
2023-01-24 00:30:00,32.712,32.724,32.712,32.715
2023-01-24 01:00:00,32.717,32.731,32.707,32.712
2023-01-24 01:30:00,32.709,32.722,32.704,32.722
2023-01-24 02:00:00,32.716,32.751,32.716,32.742
2023-01-24 02:30:00,32.743,32.762,32.741,32.756
2023-01-24 03:00:00,32.755,32.775,32.736,32.753
2023-01-24 03:30:00,32.754,32.755,32.702,32.712
2023-01-24 04:00:00,32.711,32.737,32.693,32.737
2023-01-24 04:30:00,32.736,32.74,32.718,32.732
2023-01-24 05:00:00,32.735,32.747,32.728,32.739
2023-01-24 05:30:00,32.739,32.78,32.725,32.778
2023-01-24 06:00:00,32.779,32.805,32.773,32.794
2023-01-24 06:30:00,32.794,32.827,32.784,32.793
2023-01-24 07:00:00,32.793,32.803,32.771,32.792
2023-01-24 07:30:00,32.792,32.797,32.779,32.792
2023-01-24 08:00:00,32.792,32.792,32.767,32.776
2023-01-24 08:30:00,32.775,32.783,32.738,32.744
2023-01-24 09:00:00,32.743,32.761,32.714,32.732
2023-01-24 09:30:00,32.734,32.771,32.713,32.755
2023-01-24 10:00:00,32.755,32.761,32.73,32.751
2023-01-24 10:30:00,32.751,32.797,32.746,32.782
2023-01-24 11:00:00,32.781,32.814,32.779,32.806
2023-01-24 11:30:00,32.807,32.833,32.805,32.822
2023-01-24 12:00:00,32.822,32.845,32.815,32.827
2023-01-24 12:30:00,32.825,32.825,32.799,32.799
2023-01-24 13:00:00,32.799,32.819,32.799,32.815
2023-01-24 13:30:00,32.816,32.818,32.783,32.788
2023-01-24 14:00:00,32.79,32.801,32.782,32.794
2023-01-24 14:30:00,32.793,32.809,32.793,32.801
2023-01-24 15:00:00,32.8,32.804,32.75,32.751
2023-01-24 15:30:00,32.75,32.798,32.75,32.787
2023-01-24 16:00:00,32.787,32.829,32.78,32.814
2023-01-24 16:30:00,32.815,32.897,32.804,32.894
2023-01-24 17:00:00,32.893,32.901,32.817,32.841
2023-01-24 17:30:00,32.84,32.862,32.77,32.787
2023-01-24 18:00:00,32.786,32.803,32.773,32.782
2023-01-24 18:30:00,32.781,32.822,32.777,32.806
2023-01-24 19:00:00,32.805,32.806,32.764,32.773
2023-01-24 19:30:00,32.771,32.774,32.75,32.768
2023-01-24 20:00:00,32.768,32.777,32.747,32.754
2023-01-24 20:30:00,32.752,32.754,32.737,32.75
2023-01-24 21:00:00,32.751,32.758,32.74,32.753
2023-01-24 21:30:00,32.755,32.755,32.737,32.738
2023-01-24 22:00:00,32.737,32.738,32.736,32.738
2023-01-24 22:30:00,32.738,32.745,32.73,32.739
2023-01-24 23:00:00,32.742,32.752,32.735,32.74
2023-01-24 23:30:00,32.74,32.76,32.709,32.714
2023-01-25 00:00:00,32.711,32.752,32.708,32.75
2023-01-25 00:30:00,32.744,32.756,32.728,32.743
2023-01-25 01:00:00,32.739,32.769,32.739,32.766
2023-01-25 01:30:00,32.766,32.781,32.763,32.778
2023-01-25 02:00:00,32.779,32.809,32.774,32.809
2023-01-25 02:30:00,32.807,32.807,32.73,32.734
2023-01-25 03:00:00,32.733,32.764,32.708,32.761
2023-01-25 03:30:00,32.762,32.782,32.757,32.763
2023-01-25 04:00:00,32.762,32.778,32.757,32.758
2023-01-25 04:30:00,32.759,32.837,32.758,32.837
2023-01-25 05:00:00,32.835,32.858,32.828,32.834
2023-01-25 05:30:00,32.834,32.86,32.83,32.833
2023-01-25 06:00:00,32.832,32.871,32.822,32.839
2023-01-25 06:30:00,32.838,32.861,32.831,32.843
2023-01-25 07:00:00,32.844,32.85,32.811,32.816
2023-01-25 07:30:00,32.817,32.85,32.816,32.821
2023-01-25 08:00:00,32.822,32.844,32.786,32.797
2023-01-25 08:30:00,32.797,32.841,32.787,32.789
2023-01-25 09:00:00,32.788,32.818,32.742,32.806
2023-01-25 09:30:00,32.806,32.832,32.8,32.806
2023-01-25 10:00:00,32.803,32.825,32.789,32.804
2023-01-25 10:30:00,32.804,32.868,32.803,32.844
2023-01-25 11:00:00,32.845,32.854,32.819,32.819
2023-01-25 11:30:00,32.82,32.831,32.8,32.811
2023-01-25 12:00:00,32.812,32.868,32.805,32.849
2023-01-25 12:30:00,32.848,32.857,32.833,32.852
2023-01-25 13:00:00,32.853,32.859,32.821,32.825
2023-01-25 13:30:00,32.826,32.838,32.825,32.83
2023-01-25 14:00:00,32.83,32.863,32.827,32.859
2023-01-25 14:30:00,32.858,32.859,32.83,32.832
2023-01-25 15:00:00,32.833,32.86,32.831,32.846
2023-01-25 15:30:00,32.846,32.886,32.846,32.883
2023-01-25 16:00:00,32.879,32.883,32.843,32.845
2023-01-25 16:30:00,32.846,32.851,32.831,32.834
2023-01-25 17:00:00,32.832,32.843,32.764,32.806
2023-01-25 17:30:00,32.805,32.831,32.8,32.805
2023-01-25 18:00:00,32.803,32.822,32.763,32.778
2023-01-25 18:30:00,32.776,32.818,32.754,32.768
2023-01-25 19:00:00,32.767,32.776,32.763,32.768
2023-01-25 19:30:00,32.77,32.77,32.751,32.755
2023-01-25 20:00:00,32.751,32.758,32.723,32.725
2023-01-25 20:30:00,32.723,32.737,32.721,32.733
2023-01-25 21:00:00,32.733,32.738,32.726,32.728
2023-01-25 21:30:00,32.73,32.736,32.724,32.73
2023-01-25 22:00:00,32.731,32.732,32.719,32.723
2023-01-25 22:30:00,32.722,32.728,32.719,32.721
2023-01-25 23:00:00,32.721,32.727,32.717,32.72
2023-01-25 23:30:00,32.719,32.725,32.684,32.689
2023-01-26 00:00:00,32.703,32.738,32.671,32.738
2023-01-26 00:30:00,32.739,32.744,32.729,32.73
2023-01-26 01:00:00,32.732,32.744,32.732,32.735
2023-01-26 01:30:00,32.744,32.745,32.727,32.741
2023-01-26 02:00:00,32.742,32.752,32.726,32.732
2023-01-26 02:30:00,32.734,32.739,32.711,32.734
2023-01-26 03:00:00,32.735,32.764,32.714,32.733
2023-01-26 03:30:00,32.734,32.741,32.724,32.739
2023-01-26 04:00:00,32.739,32.749,32.731,32.748
2023-01-26 04:30:00,32.749,32.753,32.688,32.688
2023-01-26 05:00:00,32.688,32.697,32.602,32.675
2023-01-26 05:30:00,32.676,32.684,32.651,32.666
2023-01-26 06:00:00,32.665,32.674,32.652,32.662
2023-01-26 06:30:00,32.661,32.679,32.651,32.673
2023-01-26 07:00:00,32.675,32.695,32.672,32.676
2023-01-26 07:30:00,32.677,32.684,32.638,32.639
2023-01-26 08:00:00,32.64,32.661,32.63,32.661
2023-01-26 08:30:00,32.66,32.661,32.622,32.644
2023-01-26 09:00:00,32.645,32.69,32.645,32.689
2023-01-26 09:30:00,32.69,32.69,32.645,32.651
2023-01-26 10:00:00,32.652,32.691,32.651,32.676
2023-01-26 10:30:00,32.679,32.721,32.669,32.704
2023-01-26 11:00:00,32.705,32.737,32.687,32.737
2023-01-26 11:30:00,32.737,32.775,32.735,32.758
2023-01-26 12:00:00,32.758,32.769,32.749,32.767
2023-01-26 12:30:00,32.771,32.772,32.714,32.73
2023-01-26 13:00:00,32.73,32.755,32.72,32.74
2023-01-26 13:30:00,32.739,32.757,32.732,32.739
2023-01-26 14:00:00,32.739,32.762,32.739,32.749
2023-01-26 14:30:00,32.748,32.761,32.727,32.743
2023-01-26 15:00:00,32.744,32.761,32.73,32.73
2023-01-26 15:30:00,32.73,32.803,32.728,32.735
2023-01-26 16:00:00,32.732,32.768,32.701,32.765
2023-01-26 16:30:00,32.763,32.804,32.74,32.782
2023-01-26 17:00:00,32.774,32.797,32.749,32.761
2023-01-26 17:30:00,32.761,32.828,32.761,32.815
2023-01-26 18:00:00,32.815,32.864,32.795,32.833
2023-01-26 18:30:00,32.832,32.856,32.82,32.824
2023-01-26 19:00:00,32.822,32.826,32.805,32.822
2023-01-26 19:30:00,32.821,32.828,32.82,32.825
2023-01-26 20:00:00,32.824,32.844,32.823,32.823
2023-01-26 20:30:00,32.823,32.824,32.808,32.815
2023-01-26 21:00:00,32.816,32.82,32.807,32.808
2023-01-26 21:30:00,32.808,32.811,32.798,32.804
2023-01-26 22:00:00,32.804,32.81,32.804,32.807
2023-01-26 22:30:00,32.808,32.815,32.805,32.813
2023-01-26 23:00:00,32.814,32.818,32.787,32.792
2023-01-26 23:30:00,32.798,32.803,32.771,32.771
2023-01-27 00:00:00,32.781,32.789,32.775,32.783
2023-01-27 00:30:00,32.785,32.802,32.78,32.8
2023-01-27 01:00:00,32.791,32.813,32.791,32.809
2023-01-27 01:30:00,32.81,32.81,32.764,32.783
2023-01-27 02:00:00,32.782,32.797,32.761,32.79
2023-01-27 02:30:00,32.789,32.791,32.763,32.767
2023-01-27 03:00:00,32.766,32.842,32.76,32.829
2023-01-27 03:30:00,32.83,32.87,32.82,32.855
2023-01-27 04:00:00,32.855,32.946,32.843,32.885
2023-01-27 04:30:00,32.886,32.919,32.883,32.905
2023-01-27 05:00:00,32.9,32.912,32.861,32.872
2023-01-27 05:30:00,32.87,32.898,32.867,32.88
2023-01-27 06:00:00,32.879,32.895,32.868,32.889
2023-01-27 06:30:00,32.889,32.89,32.859,32.869
2023-01-27 07:00:00,32.871,32.908,32.863,32.867
2023-01-27 07:30:00,32.868,32.895,32.86,32.894
2023-01-27 08:00:00,32.895,32.909,32.864,32.864
2023-01-27 08:30:00,32.863,32.932,32.849,32.905
2023-01-27 09:00:00,32.903,32.918,32.885,32.894
2023-01-27 09:30:00,32.894,32.905,32.882,32.891
2023-01-27 10:00:00,32.891,32.896,32.861,32.869
2023-01-27 10:30:00,32.869,32.87,32.838,32.839
2023-01-27 11:00:00,32.837,32.86,32.834,32.857
2023-01-27 11:30:00,32.857,32.894,32.857,32.867
2023-01-27 12:00:00,32.867,32.872,32.835,32.856
2023-01-27 12:30:00,32.855,32.864,32.841,32.842
2023-01-27 13:00:00,32.842,32.843,32.827,32.836
2023-01-27 13:30:00,32.837,32.869,32.833,32.853
2023-01-27 14:00:00,32.853,32.863,32.844,32.861
2023-01-27 14:30:00,32.862,32.867,32.847,32.859
2023-01-27 15:00:00,32.859,32.864,32.826,32.826
2023-01-27 15:30:00,32.826,32.829,32.791,32.826
2023-01-27 16:00:00,32.824,32.849,32.806,32.846
2023-01-27 16:30:00,32.847,32.865,32.809,32.824
2023-01-27 17:00:00,32.823,32.834,32.789,32.826
2023-01-27 17:30:00,32.827,32.872,32.824,32.844
2023-01-27 18:00:00,32.845,32.851,32.792,32.804
2023-01-27 18:30:00,32.805,32.814,32.795,32.808
2023-01-27 19:00:00,32.805,32.836,32.804,32.832
2023-01-27 19:30:00,32.833,32.833,32.817,32.82
2023-01-27 20:00:00,32.821,32.822,32.81,32.811
2023-01-27 20:30:00,32.812,32.814,32.805,32.808
2023-01-27 21:00:00,32.809,32.809,32.797,32.797
2023-01-27 21:30:00,32.797,32.801,32.793,32.793
2023-01-27 22:00:00,32.793,32.794,32.791,32.793
2023-01-27 22:30:00,32.792,32.796,32.786,32.793
2023-01-27 23:00:00,32.792,32.798,32.781,32.789
2023-01-27 23:30:00,32.789,32.79,32.774,32.778
2023-01-30 00:00:00,32.829,32.832,32.67,32.77
2023-01-30 00:30:00,32.795,32.797,32.758,32.795
2023-01-30 01:00:00,32.797,32.81,32.77,32.77
2023-01-30 01:30:00,32.77,32.777,32.769,32.774
2023-01-30 02:00:00,32.771,32.781,32.755,32.768
2023-01-30 02:30:00,32.769,32.807,32.748,32.764
2023-01-30 03:00:00,32.763,32.775,32.747,32.756
2023-01-30 03:30:00,32.755,32.785,32.719,32.746
2023-01-30 04:00:00,32.747,32.785,32.744,32.751
2023-01-30 04:30:00,32.752,32.775,32.749,32.774
2023-01-30 05:00:00,32.774,32.786,32.76,32.762
2023-01-30 05:30:00,32.761,32.769,32.758,32.761
2023-01-30 06:00:00,32.76,32.76,32.73,32.733
2023-01-30 06:30:00,32.734,32.744,32.707,32.711
2023-01-30 07:00:00,32.714,32.726,32.701,32.719
2023-01-30 07:30:00,32.718,32.757,32.717,32.734
2023-01-30 08:00:00,32.734,32.751,32.713,32.716
2023-01-30 08:30:00,32.715,32.745,32.706,32.721
2023-01-30 09:00:00,32.721,32.722,32.667,32.712
2023-01-30 09:30:00,32.711,32.728,32.689,32.709
2023-01-30 10:00:00,32.708,32.734,32.704,32.729
2023-01-30 10:30:00,32.728,32.755,32.714,32.73
2023-01-30 11:00:00,32.73,32.741,32.71,32.715
2023-01-30 11:30:00,32.716,32.729,32.71,32.71
2023-01-30 12:00:00,32.709,32.71,32.673,32.686
2023-01-30 12:30:00,32.685,32.691,32.67,32.673
2023-01-30 13:00:00,32.673,32.726,32.67,32.725
2023-01-30 13:30:00,32.725,32.741,32.717,32.733
2023-01-30 14:00:00,32.732,32.737,32.718,32.73
2023-01-30 14:30:00,32.729,32.738,32.717,32.728
2023-01-30 15:00:00,32.729,32.74,32.716,32.731
2023-01-30 15:30:00,32.73,32.739,32.714,32.728
2023-01-30 16:00:00,32.729,32.732,32.716,32.72
2023-01-30 16:30:00,32.719,32.726,32.687,32.691
2023-01-30 17:00:00,32.692,32.697,32.674,32.674
2023-01-30 17:30:00,32.677,32.706,32.677,32.696
2023-01-30 18:00:00,32.695,32.755,32.694,32.754
2023-01-30 18:30:00,32.753,32.764,32.745,32.746
2023-01-30 19:00:00,32.745,32.767,32.741,32.763
2023-01-30 19:30:00,32.762,32.766,32.754,32.759
2023-01-30 20:00:00,32.759,32.765,32.754,32.758
2023-01-30 20:30:00,32.758,32.765,32.757,32.762
2023-01-30 21:00:00,32.761,32.788,32.761,32.782
2023-01-30 21:30:00,32.783,32.785,32.778,32.783
2023-01-30 22:00:00,32.782,32.784,32.778,32.781
2023-01-30 22:30:00,32.781,32.786,32.779,32.782
2023-01-30 23:00:00,32.783,32.784,32.773,32.782
2023-01-30 23:30:00,32.783,32.793,32.708,32.708
2023-01-31 00:00:00,32.738,32.752,32.733,32.733
2023-01-31 00:30:00,32.749,32.765,32.749,32.761
2023-01-31 01:00:00,32.763,32.778,32.762,32.776
2023-01-31 01:30:00,32.777,32.788,32.765,32.768
2023-01-31 02:00:00,32.769,32.785,32.767,32.778
2023-01-31 02:30:00,32.779,32.785,32.772,32.776
2023-01-31 03:00:00,32.776,32.825,32.765,32.81
2023-01-31 03:30:00,32.809,32.823,32.762,32.782
2023-01-31 04:00:00,32.782,32.794,32.756,32.768
2023-01-31 04:30:00,32.767,32.788,32.755,32.765
2023-01-31 05:00:00,32.764,32.777,32.764,32.767
2023-01-31 05:30:00,32.766,32.767,32.728,32.753
2023-01-31 06:00:00,32.755,32.766,32.749,32.761
2023-01-31 06:30:00,32.76,32.77,32.743,32.751
2023-01-31 07:00:00,32.75,32.758,32.742,32.752
2023-01-31 07:30:00,32.752,32.792,32.752,32.779
2023-01-31 08:00:00,32.778,32.806,32.778,32.803
2023-01-31 08:30:00,32.802,32.825,32.794,32.798
2023-01-31 09:00:00,32.799,32.823,32.781,32.815
2023-01-31 09:30:00,32.814,32.821,32.771,32.791
2023-01-31 10:00:00,32.792,32.876,32.792,32.863
2023-01-31 10:30:00,32.864,32.966,32.86,32.959
2023-01-31 11:00:00,32.96,33.019,32.947,32.998
2023-01-31 11:30:00,32.999,33.019,32.986,33.002
2023-01-31 12:00:00,33.001,33.037,32.996,33.028
2023-01-31 12:30:00,33.028,33.076,33.024,33.073
2023-01-31 13:00:00,33.073,33.08,33.031,33.057
2023-01-31 13:30:00,33.058,33.068,33.039,33.043
2023-01-31 14:00:00,33.044,33.051,32.99,32.99
2023-01-31 14:30:00,32.99,33.023,32.975,33.021
2023-01-31 15:00:00,33.022,33.034,33.006,33.017
2023-01-31 15:30:00,33.017,33.019,32.917,32.924
2023-01-31 16:00:00,32.924,32.942,32.899,32.92
2023-01-31 16:30:00,32.912,32.928,32.898,32.913
2023-01-31 17:00:00,32.909,32.95,32.905,32.922
2023-01-31 17:30:00,32.921,32.922,32.864,32.881
2023-01-31 18:00:00,32.88,32.912,32.857,32.858
2023-01-31 18:30:00,32.859,32.897,32.855,32.864
2023-01-31 19:00:00,32.866,32.875,32.858,32.865
2023-01-31 19:30:00,32.865,32.868,32.823,32.825
2023-01-31 20:00:00,32.826,32.826,32.805,32.821
2023-01-31 20:30:00,32.821,32.823,32.811,32.817
2023-01-31 21:00:00,32.818,32.848,32.817,32.833
2023-01-31 21:30:00,32.832,32.835,32.824,32.834
2023-01-31 22:00:00,32.833,32.845,32.832,32.838
2023-01-31 22:30:00,32.837,32.844,32.816,32.821
2023-01-31 23:00:00,32.822,32.825,32.806,32.819
2023-01-31 23:30:00,32.818,32.843,32.773,32.778
2023-02-01 00:00:00,32.764,32.834,32.751,32.813
2023-02-01 00:30:00,32.826,32.853,32.8,32.837
2023-02-01 01:00:00,32.836,32.861,32.836,32.861
2023-02-01 01:30:00,32.86,32.874,32.847,32.865
2023-02-01 02:00:00,32.866,32.889,32.851,32.858
2023-02-01 02:30:00,32.859,32.866,32.848,32.861
2023-02-01 03:00:00,32.856,32.884,32.844,32.852
2023-02-01 03:30:00,32.853,32.946,32.845,32.932
2023-02-01 04:00:00,32.931,32.954,32.916,32.944
2023-02-01 04:30:00,32.944,32.955,32.914,32.937
2023-02-01 05:00:00,32.937,32.94,32.912,32.915
2023-02-01 05:30:00,32.916,32.928,32.881,32.928
2023-02-01 06:00:00,32.926,32.926,32.898,32.909
2023-02-01 06:30:00,32.908,32.926,32.904,32.926
2023-02-01 07:00:00,32.927,32.929,32.894,32.905
2023-02-01 07:30:00,32.906,32.917,32.888,32.907
2023-02-01 08:00:00,32.907,32.914,32.897,32.908
2023-02-01 08:30:00,32.909,32.911,32.856,32.864
2023-02-01 09:00:00,32.863,32.867,32.851,32.853
2023-02-01 09:30:00,32.852,32.881,32.851,32.856
2023-02-01 10:00:00,32.856,32.869,32.847,32.848
2023-02-01 10:30:00,32.847,32.848,32.794,32.822
2023-02-01 11:00:00,32.823,32.846,32.823,32.825
2023-02-01 11:30:00,32.826,32.854,32.826,32.841
2023-02-01 12:00:00,32.837,32.847,32.824,32.833
2023-02-01 12:30:00,32.833,32.882,32.833,32.88
2023-02-01 13:00:00,32.88,32.892,32.851,32.869
2023-02-01 13:30:00,32.868,32.87,32.846,32.858
2023-02-01 14:00:00,32.857,32.864,32.84,32.847
2023-02-01 14:30:00,32.85,32.885,32.842,32.882
2023-02-01 15:00:00,32.88,32.892,32.854,32.87
2023-02-01 15:30:00,32.871,32.894,32.867,32.894
2023-02-01 16:00:00,32.893,32.911,32.883,32.901
2023-02-01 16:30:00,32.902,32.929,32.885,32.885
2023-02-01 17:00:00,32.879,32.924,32.875,32.906
2023-02-01 17:30:00,32.907,32.925,32.895,32.918
2023-02-01 18:00:00,32.918,32.951,32.917,32.946
2023-02-01 18:30:00,32.947,32.947,32.924,32.931
2023-02-01 19:00:00,32.931,32.962,32.928,32.944
2023-02-01 19:30:00,32.941,32.973,32.94,32.972
2023-02-01 20:00:00,32.972,32.976,32.946,32.954
2023-02-01 20:30:00,32.954,32.965,32.929,32.931
2023-02-01 21:00:00,32.93,32.952,32.922,32.946
2023-02-01 21:30:00,32.942,32.955,32.76,32.773
2023-02-01 22:00:00,32.774,32.821,32.752,32.789
2023-02-01 22:30:00,32.79,32.792,32.751,32.78
2023-02-01 23:00:00,32.781,32.836,32.765,32.834
2023-02-01 23:30:00,32.834,32.859,32.738,32.757
2023-02-02 00:00:00,32.731,32.813,32.729,32.779
2023-02-02 00:30:00,32.779,32.792,32.741,32.783
2023-02-02 01:00:00,32.782,32.784,32.759,32.761
2023-02-02 01:30:00,32.762,32.775,32.725,32.739
2023-02-02 02:00:00,32.738,32.741,32.705,32.708
2023-02-02 02:30:00,32.709,32.737,32.679,32.708
2023-02-02 03:00:00,32.706,32.716,32.649,32.685
2023-02-02 03:30:00,32.686,32.732,32.676,32.716
2023-02-02 04:00:00,32.717,32.736,32.678,32.717
2023-02-02 04:30:00,32.717,32.723,32.705,32.708
2023-02-02 05:00:00,32.707,32.726,32.697,32.726
2023-02-02 05:30:00,32.725,32.769,32.72,32.761
2023-02-02 06:00:00,32.762,32.765,32.743,32.752
2023-02-02 06:30:00,32.753,32.753,32.712,32.725
2023-02-02 07:00:00,32.725,32.741,32.705,32.708
2023-02-02 07:30:00,32.71,32.733,32.69,32.703
2023-02-02 08:00:00,32.702,32.731,32.691,32.722
2023-02-02 08:30:00,32.723,32.741,32.722,32.731
2023-02-02 09:00:00,32.73,32.73,32.689,32.723
2023-02-02 09:30:00,32.723,32.753,32.714,32.752
2023-02-02 10:00:00,32.752,32.752,32.721,32.734
2023-02-02 10:30:00,32.734,32.791,32.719,32.75
2023-02-02 11:00:00,32.752,32.829,32.75,32.801
2023-02-02 11:30:00,32.803,32.82,32.774,32.785
2023-02-02 12:00:00,32.784,32.843,32.777,32.832
2023-02-02 12:30:00,32.831,32.846,32.816,32.837
2023-02-02 13:00:00,32.836,32.836,32.778,32.784
2023-02-02 13:30:00,32.784,32.8,32.782,32.799
2023-02-02 14:00:00,32.798,32.815,32.783,32.784
2023-02-02 14:30:00,32.784,32.804,32.776,32.804
2023-02-02 15:00:00,32.802,32.807,32.77,32.77
2023-02-02 15:30:00,32.77,32.818,32.754,32.815
2023-02-02 16:00:00,32.816,32.824,32.792,32.8
2023-02-02 16:30:00,32.8,32.964,32.794,32.958
2023-02-02 17:00:00,32.96,33.003,32.937,32.962
2023-02-02 17:30:00,32.962,32.963,32.879,32.903
2023-02-02 18:00:00,32.902,32.912,32.881,32.911
2023-02-02 18:30:00,32.91,32.966,32.905,32.963
2023-02-02 19:00:00,32.963,32.989,32.963,32.987
2023-02-02 19:30:00,32.987,32.997,32.981,32.992
2023-02-02 20:00:00,32.992,32.994,32.989,32.992
2023-02-02 20:30:00,32.992,33.002,32.984,32.998
2023-02-02 21:00:00,32.999,33.011,32.987,33.002
2023-02-02 21:30:00,33.002,33.006,33.001,33.005
2023-02-02 22:00:00,33.006,33.016,33.004,33.013
2023-02-02 22:30:00,33.012,33.019,33.012,33.014
2023-02-02 23:00:00,33.015,33.028,33.014,33.025
2023-02-02 23:30:00,33.026,33.034,32.951,32.974
2023-02-03 00:00:00,32.996,33.012,32.993,33.009
2023-02-03 00:30:00,33.005,33.009,32.997,33.001
2023-02-03 01:00:00,32.998,33.034,32.994,33.034
2023-02-03 01:30:00,33.034,33.056,33.031,33.044
2023-02-03 02:00:00,33.043,33.054,33.004,33.005
2023-02-03 02:30:00,33.006,33.039,33.006,33.034
2023-02-03 03:00:00,33.034,33.042,33.01,33.033
2023-02-03 03:30:00,33.034,33.092,33.027,33.073
2023-02-03 04:00:00,33.072,33.091,33.057,33.07
2023-02-03 04:30:00,33.069,33.069,33.01,33.02
2023-02-03 05:00:00,33.019,33.033,32.996,33.016
2023-02-03 05:30:00,33.016,33.031,32.999,33.028
2023-02-03 06:00:00,33.029,33.041,33.014,33.018
2023-02-03 06:30:00,33.019,33.02,32.948,32.978
2023-02-03 07:00:00,32.977,32.979,32.963,32.97
2023-02-03 07:30:00,32.97,32.97,32.926,32.955
2023-02-03 08:00:00,32.955,32.974,32.943,32.965
2023-02-03 08:30:00,32.965,32.97,32.921,32.922
2023-02-03 09:00:00,32.923,32.958,32.92,32.954
2023-02-03 09:30:00,32.953,33.007,32.952,32.985
2023-02-03 10:00:00,32.986,33.037,32.985,33.018
2023-02-03 10:30:00,33.019,33.034,33.004,33.008
2023-02-03 11:00:00,33.007,33.023,32.987,33.0
2023-02-03 11:30:00,33.0,33.003,32.943,32.953
2023-02-03 12:00:00,32.952,32.971,32.95,32.964
2023-02-03 12:30:00,32.965,32.974,32.963,32.971
2023-02-03 13:00:00,32.97,32.991,32.965,32.985
2023-02-03 13:30:00,32.985,32.993,32.981,32.983
2023-02-03 14:00:00,32.982,32.983,32.968,32.972
2023-02-03 14:30:00,32.973,33.021,32.968,33.021
2023-02-03 15:00:00,33.02,33.041,33.013,33.024
2023-02-03 15:30:00,33.02,33.298,33.015,33.218
2023-02-03 16:00:00,33.217,33.315,33.217,33.284
2023-02-03 16:30:00,33.283,33.289,33.201,33.233
2023-02-03 17:00:00,33.239,33.386,33.217,33.314
2023-02-03 17:30:00,33.314,33.388,33.299,33.368
2023-02-03 18:00:00,33.369,33.404,33.35,33.385
2023-02-03 18:30:00,33.384,33.401,33.354,33.401
2023-02-03 19:00:00,33.401,33.44,33.381,33.426
2023-02-03 19:30:00,33.426,33.441,33.377,33.425
2023-02-03 20:00:00,33.425,33.445,33.424,33.442
2023-02-03 20:30:00,33.441,33.499,33.44,33.469
2023-02-03 21:00:00,33.469,33.513,33.464,33.499
2023-02-03 21:30:00,33.498,33.503,33.49,33.491
2023-02-03 22:00:00,33.492,33.498,33.439,33.446
2023-02-03 22:30:00,33.444,33.45,33.422,33.45
2023-02-03 23:00:00,33.449,33.45,33.365,33.432
2023-02-03 23:30:00,33.432,33.437,33.331,33.394
2023-02-06 00:00:00,33.467,33.813,33.43,33.43
2023-02-06 00:30:00,33.438,33.441,33.396,33.43
2023-02-06 01:00:00,33.436,33.52,33.436,33.516
2023-02-06 01:30:00,33.522,33.559,33.506,33.551
2023-02-06 02:00:00,33.552,33.676,33.551,33.593
2023-02-06 02:30:00,33.593,33.635,33.545,33.546
2023-02-06 03:00:00,33.546,33.588,33.539,33.58
2023-02-06 03:30:00,33.579,33.623,33.539,33.557
2023-02-06 04:00:00,33.558,33.562,33.507,33.553
2023-02-06 04:30:00,33.552,33.557,33.484,33.529
2023-02-06 05:00:00,33.529,33.533,33.451,33.452
2023-02-06 05:30:00,33.451,33.508,33.429,33.502
2023-02-06 06:00:00,33.499,33.501,33.446,33.458
2023-02-06 06:30:00,33.457,33.478,33.445,33.468
2023-02-06 07:00:00,33.469,33.543,33.465,33.541
2023-02-06 07:30:00,33.542,33.565,33.491,33.508
2023-02-06 08:00:00,33.508,33.544,33.506,33.537
2023-02-06 08:30:00,33.536,33.54,33.505,33.514
2023-02-06 09:00:00,33.513,33.532,33.469,33.492
2023-02-06 09:30:00,33.491,33.516,33.485,33.512
2023-02-06 10:00:00,33.512,33.551,33.495,33.547
2023-02-06 10:30:00,33.546,33.547,33.496,33.535
2023-02-06 11:00:00,33.534,33.635,33.534,33.616
2023-02-06 11:30:00,33.618,33.674,33.588,33.67
2023-02-06 12:00:00,33.668,33.701,33.66,33.7
2023-02-06 12:30:00,33.701,33.708,33.655,33.69
2023-02-06 13:00:00,33.691,33.692,33.605,33.632
2023-02-06 13:30:00,33.633,33.658,33.609,33.613
2023-02-06 14:00:00,33.616,33.66,33.594,33.627
2023-02-06 14:30:00,33.629,33.634,33.58,33.585
2023-02-06 15:00:00,33.584,33.607,33.581,33.6
2023-02-06 15:30:00,33.6,33.636,33.594,33.631
2023-02-06 16:00:00,33.63,33.722,33.63,33.692
2023-02-06 16:30:00,33.691,33.721,33.65,33.72
2023-02-06 17:00:00,33.721,33.811,33.721,33.804
2023-02-06 17:30:00,33.804,33.809,33.763,33.787
2023-02-06 18:00:00,33.787,33.789,33.695,33.728
2023-02-06 18:30:00,33.727,33.753,33.726,33.743
2023-02-06 19:00:00,33.74,33.755,33.739,33.75
2023-02-06 19:30:00,33.75,33.759,33.736,33.745
2023-02-06 20:00:00,33.744,33.795,33.744,33.767
2023-02-06 20:30:00,33.767,33.767,33.742,33.745
2023-02-06 21:00:00,33.746,33.746,33.727,33.732
2023-02-06 21:30:00,33.732,33.743,33.731,33.737
2023-02-06 22:00:00,33.738,33.762,33.728,33.758
2023-02-06 22:30:00,33.757,33.784,33.75,33.774
2023-02-06 23:00:00,33.775,33.791,33.774,33.791
2023-02-06 23:30:00,33.789,33.791,33.693,33.693
2023-02-07 00:00:00,33.673,33.694,33.673,33.683
2023-02-07 00:30:00,33.677,33.702,33.674,33.699
2023-02-07 01:00:00,33.698,33.774,33.682,33.772
2023-02-07 01:30:00,33.773,33.787,33.751,33.754
2023-02-07 02:00:00,33.753,33.757,33.697,33.707
2023-02-07 02:30:00,33.708,33.717,33.68,33.682
2023-02-07 03:00:00,33.686,33.693,33.659,33.673
2023-02-07 03:30:00,33.673,33.673,33.638,33.646
2023-02-07 04:00:00,33.646,33.652,33.621,33.632
2023-02-07 04:30:00,33.63,33.63,33.59,33.621
2023-02-07 05:00:00,33.622,33.631,33.575,33.583
2023-02-07 05:30:00,33.583,33.605,33.546,33.598
2023-02-07 06:00:00,33.598,33.625,33.594,33.612
2023-02-07 06:30:00,33.613,33.663,33.605,33.643
2023-02-07 07:00:00,33.642,33.651,33.642,33.646
2023-02-07 07:30:00,33.646,33.646,33.628,33.637
2023-02-07 08:00:00,33.636,33.637,33.583,33.612
2023-02-07 08:30:00,33.613,33.621,33.599,33.616
2023-02-07 09:00:00,33.615,33.638,33.606,33.628
2023-02-07 09:30:00,33.627,33.67,33.621,33.667
2023-02-07 10:00:00,33.664,33.73,33.658,33.677
2023-02-07 10:30:00,33.677,33.688,33.627,33.654
2023-02-07 11:00:00,33.653,33.658,33.553,33.565
2023-02-07 11:30:00,33.564,33.613,33.562,33.607
2023-02-07 12:00:00,33.604,33.608,33.565,33.566
2023-02-07 12:30:00,33.564,33.62,33.56,33.61
2023-02-07 13:00:00,33.611,33.648,33.604,33.623
2023-02-07 13:30:00,33.622,33.644,33.612,33.632
2023-02-07 14:00:00,33.632,33.632,33.59,33.597
2023-02-07 14:30:00,33.596,33.627,33.596,33.606
2023-02-07 15:00:00,33.606,33.664,33.602,33.654
2023-02-07 15:30:00,33.653,33.682,33.644,33.651
2023-02-07 16:00:00,33.65,33.674,33.626,33.645
2023-02-07 16:30:00,33.644,33.677,33.612,33.674
2023-02-07 17:00:00,33.672,33.704,33.668,33.693
2023-02-07 17:30:00,33.693,33.696,33.64,33.651
2023-02-07 18:00:00,33.652,33.676,33.604,33.63
2023-02-07 18:30:00,33.629,33.641,33.614,33.639
2023-02-07 19:00:00,33.638,33.641,33.598,33.609
2023-02-07 19:30:00,33.608,33.652,33.447,33.449
2023-02-07 20:00:00,33.446,33.575,33.444,33.573
2023-02-07 20:30:00,33.573,33.668,33.569,33.627
2023-02-07 21:00:00,33.624,33.628,33.589,33.607
2023-02-07 21:30:00,33.606,33.608,33.561,33.563
2023-02-07 22:00:00,33.564,33.597,33.562,33.587
2023-02-07 22:30:00,33.586,33.601,33.564,33.573
2023-02-07 23:00:00,33.574,33.577,33.571,33.574
2023-02-07 23:30:00,33.57,33.574,33.517,33.517
2023-02-08 00:00:00,33.486,33.514,33.467,33.467
2023-02-08 00:30:00,33.504,33.511,33.48,33.511
2023-02-08 01:00:00,33.502,33.581,33.453,33.547
2023-02-08 01:30:00,33.546,33.548,33.473,33.5
2023-02-08 02:00:00,33.502,33.502,33.444,33.49
2023-02-08 02:30:00,33.489,33.491,33.412,33.434
2023-02-08 03:00:00,33.433,33.51,33.426,33.51
2023-02-08 03:30:00,33.511,33.533,33.476,33.514
2023-02-08 04:00:00,33.516,33.544,33.502,33.514
2023-02-08 04:30:00,33.515,33.527,33.442,33.459
2023-02-08 05:00:00,33.46,33.503,33.459,33.49
2023-02-08 05:30:00,33.491,33.504,33.47,33.484
2023-02-08 06:00:00,33.483,33.496,33.477,33.496
2023-02-08 06:30:00,33.496,33.531,33.496,33.517
2023-02-08 07:00:00,33.518,33.544,33.5,33.544
2023-02-08 07:30:00,33.543,33.563,33.521,33.531
2023-02-08 08:00:00,33.53,33.541,33.504,33.532
2023-02-08 08:30:00,33.532,33.593,33.527,33.587
2023-02-08 09:00:00,33.587,33.626,33.557,33.563
2023-02-08 09:30:00,33.563,33.59,33.497,33.505
2023-02-08 10:00:00,33.504,33.541,33.465,33.491
2023-02-08 10:30:00,33.492,33.532,33.483,33.485
2023-02-08 11:00:00,33.484,33.5,33.434,33.447
2023-02-08 11:30:00,33.446,33.482,33.446,33.472
2023-02-08 12:00:00,33.473,33.521,33.472,33.498
2023-02-08 12:30:00,33.5,33.516,33.493,33.512
2023-02-08 13:00:00,33.511,33.524,33.505,33.507
2023-02-08 13:30:00,33.506,33.507,33.47,33.472
2023-02-08 14:00:00,33.475,33.475,33.451,33.465
2023-02-08 14:30:00,33.466,33.494,33.454,33.494
2023-02-08 15:00:00,33.494,33.548,33.492,33.548
2023-02-08 15:30:00,33.547,33.548,33.52,33.538
2023-02-08 16:00:00,33.539,33.55,33.511,33.526
2023-02-08 16:30:00,33.525,33.552,33.491,33.549
2023-02-08 17:00:00,33.549,33.564,33.524,33.537
2023-02-08 17:30:00,33.535,33.553,33.528,33.532
2023-02-08 18:00:00,33.533,33.542,33.476,33.514
2023-02-08 18:30:00,33.515,33.519,33.487,33.489
2023-02-08 19:00:00,33.49,33.496,33.485,33.49
2023-02-08 19:30:00,33.491,33.508,33.489,33.505
2023-02-08 20:00:00,33.506,33.506,33.475,33.484
2023-02-08 20:30:00,33.484,33.499,33.484,33.492
2023-02-08 21:00:00,33.492,33.495,33.49,33.491
2023-02-08 21:30:00,33.492,33.495,33.483,33.485
2023-02-08 22:00:00,33.484,33.511,33.484,33.509
2023-02-08 22:30:00,33.507,33.518,33.502,33.502
2023-02-08 23:00:00,33.498,33.499,33.482,33.487
2023-02-08 23:30:00,33.484,33.513,33.451,33.451
2023-02-09 00:00:00,33.441,33.46,33.441,33.46
2023-02-09 00:30:00,33.459,33.493,33.459,33.482
2023-02-09 01:00:00,33.486,33.519,33.485,33.507
2023-02-09 01:30:00,33.506,33.524,33.478,33.491
2023-02-09 02:00:00,33.49,33.509,33.478,33.508
2023-02-09 02:30:00,33.509,33.54,33.502,33.529
2023-02-09 03:00:00,33.528,33.589,33.525,33.541
2023-02-09 03:30:00,33.539,33.558,33.523,33.534
2023-02-09 04:00:00,33.535,33.545,33.521,33.543
2023-02-09 04:30:00,33.544,33.546,33.527,33.541
2023-02-09 05:00:00,33.54,33.552,33.53,33.543
2023-02-09 05:30:00,33.544,33.547,33.526,33.547
2023-02-09 06:00:00,33.548,33.567,33.541,33.55
2023-02-09 06:30:00,33.551,33.578,33.55,33.57
2023-02-09 07:00:00,33.57,33.573,33.554,33.555
2023-02-09 07:30:00,33.556,33.566,33.548,33.553
2023-02-09 08:00:00,33.553,33.554,33.524,33.529
2023-02-09 08:30:00,33.529,33.538,33.505,33.526
2023-02-09 09:00:00,33.526,33.534,33.481,33.486
2023-02-09 09:30:00,33.487,33.508,33.483,33.488
2023-02-09 10:00:00,33.489,33.493,33.406,33.429
2023-02-09 10:30:00,33.429,33.453,33.414,33.446
2023-02-09 11:00:00,33.447,33.459,33.43,33.458
2023-02-09 11:30:00,33.458,33.477,33.449,33.456
2023-02-09 12:00:00,33.455,33.47,33.439,33.447
2023-02-09 12:30:00,33.447,33.464,33.443,33.447
2023-02-09 13:00:00,33.446,33.458,33.443,33.456
2023-02-09 13:30:00,33.456,33.458,33.44,33.455
2023-02-09 14:00:00,33.456,33.458,33.428,33.434
2023-02-09 14:30:00,33.433,33.448,33.42,33.429
2023-02-09 15:00:00,33.43,33.445,33.422,33.437
2023-02-09 15:30:00,33.436,33.439,33.374,33.376
2023-02-09 16:00:00,33.377,33.39,33.363,33.367
2023-02-09 16:30:00,33.367,33.441,33.366,33.432
2023-02-09 17:00:00,33.433,33.464,33.414,33.463
2023-02-09 17:30:00,33.462,33.49,33.461,33.483
2023-02-09 18:00:00,33.484,33.542,33.482,33.527
2023-02-09 18:30:00,33.526,33.53,33.498,33.504
2023-02-09 19:00:00,33.503,33.509,33.471,33.473
2023-02-09 19:30:00,33.472,33.554,33.472,33.544
2023-02-09 20:00:00,33.546,33.549,33.525,33.543
2023-02-09 20:30:00,33.543,33.554,33.538,33.545
2023-02-09 21:00:00,33.546,33.549,33.538,33.548
2023-02-09 21:30:00,33.547,33.576,33.545,33.572
2023-02-09 22:00:00,33.571,33.594,33.561,33.586
2023-02-09 22:30:00,33.585,33.61,33.584,33.592
2023-02-09 23:00:00,33.592,33.61,33.589,33.601
2023-02-09 23:30:00,33.603,33.604,33.533,33.533
2023-02-10 00:00:00,33.534,33.572,33.461,33.487
2023-02-10 00:30:00,33.493,33.553,33.488,33.538
2023-02-10 01:00:00,33.537,33.572,33.535,33.572
2023-02-10 01:30:00,33.571,33.584,33.55,33.561
2023-02-10 02:00:00,33.562,33.616,33.549,33.597
2023-02-10 02:30:00,33.597,33.601,33.567,33.582
2023-02-10 03:00:00,33.581,33.615,33.565,33.615
2023-02-10 03:30:00,33.615,33.667,33.611,33.632
2023-02-10 04:00:00,33.632,33.651,33.621,33.65
2023-02-10 04:30:00,33.65,33.708,33.639,33.708
2023-02-10 05:00:00,33.707,33.713,33.676,33.682
2023-02-10 05:30:00,33.683,33.716,33.683,33.709
2023-02-10 06:00:00,33.711,33.714,33.67,33.701
2023-02-10 06:30:00,33.701,33.723,33.69,33.72
2023-02-10 07:00:00,33.719,33.736,33.686,33.733
2023-02-10 07:30:00,33.734,33.734,33.675,33.683
2023-02-10 08:00:00,33.684,33.716,33.665,33.714
2023-02-10 08:30:00,33.716,33.723,33.685,33.687
2023-02-10 09:00:00,33.687,33.703,33.63,33.667
2023-02-10 09:30:00,33.668,33.693,33.622,33.622
2023-02-10 10:00:00,33.623,33.66,33.591,33.631
2023-02-10 10:30:00,33.63,33.674,33.626,33.658
2023-02-10 11:00:00,33.659,33.776,33.645,33.765
2023-02-10 11:30:00,33.765,33.794,33.714,33.786
2023-02-10 12:00:00,33.786,33.802,33.77,33.793
2023-02-10 12:30:00,33.792,33.808,33.782,33.79
2023-02-10 13:00:00,33.791,33.805,33.785,33.794
2023-02-10 13:30:00,33.795,33.796,33.775,33.777
2023-02-10 14:00:00,33.776,33.785,33.754,33.755
2023-02-10 14:30:00,33.754,33.771,33.75,33.764
2023-02-10 15:00:00,33.765,33.767,33.702,33.713
2023-02-10 15:30:00,33.714,33.731,33.683,33.696
2023-02-10 16:00:00,33.695,33.703,33.667,33.674
2023-02-10 16:30:00,33.675,33.723,33.673,33.691
2023-02-10 17:00:00,33.693,33.736,33.674,33.71
2023-02-10 17:30:00,33.709,33.762,33.703,33.73
2023-02-10 18:00:00,33.731,33.732,33.7,33.718
2023-02-10 18:30:00,33.718,33.719,33.709,33.718
2023-02-10 19:00:00,33.715,33.727,33.713,33.715
2023-02-10 19:30:00,33.715,33.741,33.715,33.733
2023-02-10 20:00:00,33.736,33.736,33.726,33.727
2023-02-10 20:30:00,33.726,33.751,33.726,33.748
2023-02-10 21:00:00,33.747,33.75,33.738,33.747
2023-02-10 21:30:00,33.746,33.746,33.74,33.746
2023-02-10 22:00:00,33.746,33.747,33.739,33.739
2023-02-10 22:30:00,33.74,33.741,33.737,33.739
2023-02-10 23:00:00,33.738,33.741,33.725,33.739
2023-02-10 23:30:00,33.737,33.739,33.707,33.712
2023-02-13 00:00:00,33.72,33.922,33.677,33.677
2023-02-13 00:30:00,33.642,33.683,33.642,33.683
2023-02-13 01:00:00,33.633,33.741,33.633,33.74
2023-02-13 01:30:00,33.741,33.744,33.722,33.728
2023-02-13 02:00:00,33.717,33.788,33.717,33.75
2023-02-13 02:30:00,33.751,33.785,33.728,33.749
2023-02-13 03:00:00,33.746,33.854,33.736,33.85
2023-02-13 03:30:00,33.851,33.855,33.767,33.774
2023-02-13 04:00:00,33.773,33.775,33.715,33.766
2023-02-13 04:30:00,33.764,33.803,33.748,33.773
2023-02-13 05:00:00,33.772,33.793,33.763,33.79
2023-02-13 05:30:00,33.791,33.826,33.78,33.824
2023-02-13 06:00:00,33.825,33.831,33.804,33.826
2023-02-13 06:30:00,33.827,33.843,33.824,33.832
2023-02-13 07:00:00,33.832,33.84,33.815,33.816
2023-02-13 07:30:00,33.817,33.824,33.801,33.812
2023-02-13 08:00:00,33.813,33.833,33.802,33.806
2023-02-13 08:30:00,33.807,33.812,33.786,33.81
2023-02-13 09:00:00,33.811,33.816,33.768,33.773
2023-02-13 09:30:00,33.772,33.809,33.772,33.809
2023-02-13 10:00:00,33.808,33.875,33.804,33.864
2023-02-13 10:30:00,33.863,33.865,33.831,33.84
2023-02-13 11:00:00,33.841,33.876,33.837,33.874
2023-02-13 11:30:00,33.874,33.905,33.867,33.883
2023-02-13 12:00:00,33.884,33.898,33.852,33.869
2023-02-13 12:30:00,33.87,33.878,33.857,33.87
2023-02-13 13:00:00,33.87,33.893,33.867,33.879
2023-02-13 13:30:00,33.878,33.88,33.861,33.873
2023-02-13 14:00:00,33.872,33.883,33.839,33.845
2023-02-13 14:30:00,33.848,33.865,33.829,33.851
2023-02-13 15:00:00,33.85,33.881,33.843,33.881
2023-02-13 15:30:00,33.88,33.92,33.877,33.912
2023-02-13 16:00:00,33.911,33.92,33.888,33.893
2023-02-13 16:30:00,33.892,33.909,33.841,33.844
2023-02-13 17:00:00,33.843,33.888,33.839,33.862
2023-02-13 17:30:00,33.86,33.874,33.848,33.861
2023-02-13 18:00:00,33.862,33.865,33.832,33.834
2023-02-13 18:30:00,33.832,33.844,33.828,33.842
2023-02-13 19:00:00,33.841,33.845,33.833,33.838
2023-02-13 19:30:00,33.838,33.849,33.838,33.845
2023-02-13 20:00:00,33.842,33.863,33.842,33.849
2023-02-13 20:30:00,33.848,33.849,33.813,33.814
2023-02-13 21:00:00,33.813,33.825,33.81,33.818
2023-02-13 21:30:00,33.817,33.819,33.809,33.811
2023-02-13 22:00:00,33.812,33.816,33.807,33.811
2023-02-13 22:30:00,33.809,33.816,33.806,33.808
2023-02-13 23:00:00,33.806,33.813,33.799,33.805
2023-02-13 23:30:00,33.805,33.807,33.751,33.751
2023-02-14 00:00:00,33.792,33.801,33.789,33.797
2023-02-14 00:30:00,33.797,33.802,33.793,33.799
2023-02-14 01:00:00,33.8,33.811,33.8,33.809
2023-02-14 01:30:00,33.81,33.81,33.792,33.796
2023-02-14 02:00:00,33.8,33.802,33.778,33.786
2023-02-14 02:30:00,33.786,33.814,33.782,33.783
2023-02-14 03:00:00,33.783,33.829,33.766,33.81
2023-02-14 03:30:00,33.809,33.842,33.804,33.821
2023-02-14 04:00:00,33.824,33.844,33.81,33.823
2023-02-14 04:30:00,33.824,33.829,33.794,33.824
2023-02-14 05:00:00,33.823,33.827,33.778,33.784
2023-02-14 05:30:00,33.784,33.82,33.781,33.817
2023-02-14 06:00:00,33.817,33.824,33.802,33.82
2023-02-14 06:30:00,33.821,33.825,33.801,33.803
2023-02-14 07:00:00,33.804,33.817,33.802,33.815
2023-02-14 07:30:00,33.816,33.828,33.812,33.824
2023-02-14 08:00:00,33.823,33.871,33.816,33.857
2023-02-14 08:30:00,33.856,33.86,33.826,33.833
2023-02-14 09:00:00,33.832,33.855,33.818,33.844
2023-02-14 09:30:00,33.845,33.865,33.835,33.858
2023-02-14 10:00:00,33.858,33.871,33.835,33.845
2023-02-14 10:30:00,33.844,33.872,33.844,33.859
2023-02-14 11:00:00,33.856,33.862,33.837,33.839
2023-02-14 11:30:00,33.836,33.839,33.796,33.802
2023-02-14 12:00:00,33.799,33.84,33.794,33.829
2023-02-14 12:30:00,33.828,33.845,33.822,33.836
2023-02-14 13:00:00,33.836,33.857,33.834,33.845
2023-02-14 13:30:00,33.845,33.857,33.837,33.851
2023-02-14 14:00:00,33.85,33.853,33.844,33.845
2023-02-14 14:30:00,33.844,33.852,33.805,33.84
2023-02-14 15:00:00,33.84,33.84,33.789,33.789
2023-02-14 15:30:00,33.785,33.918,33.688,33.709
2023-02-14 16:00:00,33.709,33.876,33.689,33.876
2023-02-14 16:30:00,33.877,33.946,33.781,33.79
2023-02-14 17:00:00,33.791,33.806,33.713,33.787
2023-02-14 17:30:00,33.787,33.837,33.778,33.797
2023-02-14 18:00:00,33.798,33.865,33.786,33.859
2023-02-14 18:30:00,33.859,33.943,33.859,33.913
2023-02-14 19:00:00,33.912,33.922,33.899,33.914
2023-02-14 19:30:00,33.913,33.918,33.909,33.914
2023-02-14 20:00:00,33.914,33.914,33.84,33.851
2023-02-14 20:30:00,33.852,33.905,33.851,33.904
2023-02-14 21:00:00,33.905,33.917,33.894,33.904
2023-02-14 21:30:00,33.903,33.906,33.87,33.882
2023-02-14 22:00:00,33.884,33.894,33.878,33.881
2023-02-14 22:30:00,33.882,33.891,33.878,33.885
2023-02-14 23:00:00,33.886,33.892,33.877,33.88
2023-02-14 23:30:00,33.881,33.904,33.831,33.831
2023-02-15 00:00:00,33.792,33.851,33.789,33.832
2023-02-15 00:30:00,33.835,33.846,33.831,33.84
2023-02-15 01:00:00,33.841,33.866,33.828,33.863
2023-02-15 01:30:00,33.861,33.885,33.858,33.872
2023-02-15 02:00:00,33.877,33.939,33.865,33.937
2023-02-15 02:30:00,33.937,33.958,33.893,33.909
2023-02-15 03:00:00,33.909,33.921,33.887,33.887
2023-02-15 03:30:00,33.887,33.902,33.863,33.894
2023-02-15 04:00:00,33.894,33.973,33.892,33.97
2023-02-15 04:30:00,33.969,34.062,33.968,34.059
2023-02-15 05:00:00,34.06,34.082,34.045,34.062
2023-02-15 05:30:00,34.062,34.169,34.062,34.123
2023-02-15 06:00:00,34.122,34.141,34.082,34.086
2023-02-15 06:30:00,34.085,34.134,34.085,34.13
2023-02-15 07:00:00,34.13,34.142,34.101,34.126
2023-02-15 07:30:00,34.125,34.16,34.12,34.159
2023-02-15 08:00:00,34.16,34.177,34.136,34.172
2023-02-15 08:30:00,34.173,34.223,34.173,34.22
2023-02-15 09:00:00,34.222,34.248,34.191,34.208
2023-02-15 09:30:00,34.209,34.254,34.204,34.247
2023-02-15 10:00:00,34.246,34.28,34.244,34.254
2023-02-15 10:30:00,34.254,34.271,34.244,34.26
2023-02-15 11:00:00,34.261,34.332,34.259,34.311
2023-02-15 11:30:00,34.311,34.315,34.26,34.308
2023-02-15 12:00:00,34.309,34.335,34.296,34.328
2023-02-15 12:30:00,34.327,34.351,34.317,34.337
2023-02-15 13:00:00,34.338,34.338,34.303,34.31
2023-02-15 13:30:00,34.31,34.385,34.308,34.371
2023-02-15 14:00:00,34.371,34.375,34.356,34.362
2023-02-15 14:30:00,34.362,34.386,34.36,34.382
2023-02-15 15:00:00,34.381,34.394,34.364,34.387
2023-02-15 15:30:00,34.387,34.444,34.352,34.38
2023-02-15 16:00:00,34.38,34.403,34.351,34.403
2023-02-15 16:30:00,34.402,34.42,34.388,34.403
2023-02-15 17:00:00,34.403,34.458,34.401,34.456
2023-02-15 17:30:00,34.456,34.463,34.431,34.432
2023-02-15 18:00:00,34.432,34.434,34.391,34.407
2023-02-15 18:30:00,34.407,34.416,34.366,34.4
2023-02-15 19:00:00,34.398,34.409,34.397,34.406
2023-02-15 19:30:00,34.408,34.427,34.408,34.417
2023-02-15 20:00:00,34.418,34.42,34.408,34.409
2023-02-15 20:30:00,34.41,34.416,34.398,34.398
2023-02-15 21:00:00,34.399,34.404,34.349,34.349
2023-02-15 21:30:00,34.35,34.352,34.336,34.349
2023-02-15 22:00:00,34.348,34.354,34.335,34.338
2023-02-15 22:30:00,34.34,34.349,34.318,34.319
2023-02-15 23:00:00,34.318,34.319,34.259,34.261
2023-02-15 23:30:00,34.262,34.273,34.242,34.242
2023-02-16 00:00:00,34.238,34.262,34.229,34.257
2023-02-16 00:30:00,34.262,34.268,34.239,34.248
2023-02-16 01:00:00,34.247,34.284,34.247,34.272
2023-02-16 01:30:00,34.272,34.29,34.27,34.277
2023-02-16 02:00:00,34.277,34.306,34.243,34.306
2023-02-16 02:30:00,34.307,34.369,34.306,34.331
2023-02-16 03:00:00,34.332,34.337,34.251,34.251
2023-02-16 03:30:00,34.251,34.259,34.171,34.209
2023-02-16 04:00:00,34.209,34.229,34.18,34.182
2023-02-16 04:30:00,34.182,34.189,34.1,34.112
2023-02-16 05:00:00,34.111,34.203,34.111,34.197
2023-02-16 05:30:00,34.196,34.215,34.156,34.215
2023-02-16 06:00:00,34.215,34.251,34.198,34.249
2023-02-16 06:30:00,34.249,34.29,34.228,34.259
2023-02-16 07:00:00,34.258,34.272,34.232,34.256
2023-02-16 07:30:00,34.256,34.277,34.255,34.263
2023-02-16 08:00:00,34.264,34.318,34.256,34.304
2023-02-16 08:30:00,34.305,34.361,34.305,34.327
2023-02-16 09:00:00,34.326,34.33,34.234,34.235
2023-02-16 09:30:00,34.236,34.27,34.233,34.26
2023-02-16 10:00:00,34.259,34.273,34.171,34.216
2023-02-16 10:30:00,34.216,34.293,34.213,34.274
2023-02-16 11:00:00,34.272,34.302,34.254,34.294
2023-02-16 11:30:00,34.295,34.342,34.295,34.331
2023-02-16 12:00:00,34.33,34.345,34.311,34.325
2023-02-16 12:30:00,34.325,34.341,34.311,34.337
2023-02-16 13:00:00,34.339,34.35,34.312,34.336
2023-02-16 13:30:00,34.337,34.337,34.315,34.328
2023-02-16 14:00:00,34.327,34.363,34.326,34.361
2023-02-16 14:30:00,34.362,34.368,34.337,34.338
2023-02-16 15:00:00,34.337,34.361,34.316,34.316
2023-02-16 15:30:00,34.31,34.419,34.309,34.41
2023-02-16 16:00:00,34.411,34.446,34.381,34.446
2023-02-16 16:30:00,34.446,34.463,34.428,34.462
2023-02-16 17:00:00,34.462,34.502,34.413,34.416
2023-02-16 17:30:00,34.414,34.415,34.373,34.386
2023-02-16 18:00:00,34.385,34.408,34.371,34.394
2023-02-16 18:30:00,34.391,34.396,34.32,34.339
2023-02-16 19:00:00,34.336,34.339,34.302,34.317
2023-02-16 19:30:00,34.318,34.32,34.307,34.308
2023-02-16 20:00:00,34.307,34.316,34.278,34.312
2023-02-16 20:30:00,34.308,34.311,34.262,34.271
2023-02-16 21:00:00,34.27,34.274,34.257,34.26
2023-02-16 21:30:00,34.261,34.267,34.25,34.26
2023-02-16 22:00:00,34.258,34.308,34.257,34.307
2023-02-16 22:30:00,34.307,34.309,34.267,34.301
2023-02-16 23:00:00,34.3,34.321,34.293,34.319
2023-02-16 23:30:00,34.309,34.359,34.215,34.215
2023-02-17 00:00:00,34.263,34.289,34.245,34.289
2023-02-17 00:30:00,34.282,34.282,34.272,34.272
2023-02-17 01:00:00,34.268,34.411,34.262,34.393
2023-02-17 01:30:00,34.393,34.405,34.381,34.404
2023-02-17 02:00:00,34.407,34.431,34.385,34.403
2023-02-17 02:30:00,34.403,34.485,34.401,34.45
2023-02-17 03:00:00,34.451,34.498,34.434,34.441
2023-02-17 03:30:00,34.441,34.514,34.428,34.503
2023-02-17 04:00:00,34.504,34.539,34.492,34.492
2023-02-17 04:30:00,34.491,34.556,34.482,34.553
2023-02-17 05:00:00,34.553,34.575,34.525,34.528
2023-02-17 05:30:00,34.529,34.552,34.525,34.535
2023-02-17 06:00:00,34.536,34.58,34.536,34.559
2023-02-17 06:30:00,34.562,34.59,34.54,34.551
2023-02-17 07:00:00,34.552,34.555,34.525,34.532
2023-02-17 07:30:00,34.534,34.54,34.526,34.529
2023-02-17 08:00:00,34.529,34.536,34.464,34.528
2023-02-17 08:30:00,34.528,34.542,34.486,34.497
2023-02-17 09:00:00,34.496,34.556,34.494,34.542
2023-02-17 09:30:00,34.541,34.558,34.48,34.53
2023-02-17 10:00:00,34.529,34.594,34.529,34.567
2023-02-17 10:30:00,34.566,34.597,34.563,34.582
2023-02-17 11:00:00,34.583,34.613,34.583,34.599
2023-02-17 11:30:00,34.601,34.602,34.563,34.589
2023-02-17 12:00:00,34.588,34.607,34.579,34.601
2023-02-17 12:30:00,34.601,34.617,34.591,34.612
2023-02-17 13:00:00,34.612,34.633,34.612,34.62
2023-02-17 13:30:00,34.619,34.632,34.604,34.615
2023-02-17 14:00:00,34.616,34.622,34.583,34.596
2023-02-17 14:30:00,34.596,34.601,34.567,34.579
2023-02-17 15:00:00,34.578,34.592,34.568,34.57
2023-02-17 15:30:00,34.566,34.584,34.553,34.568
2023-02-17 16:00:00,34.57,34.584,34.524,34.551
2023-02-17 16:30:00,34.551,34.581,34.537,34.545
2023-02-17 17:00:00,34.546,34.546,34.488,34.532
2023-02-17 17:30:00,34.533,34.535,34.454,34.483
2023-02-17 18:00:00,34.483,34.499,34.47,34.487
2023-02-17 18:30:00,34.488,34.488,34.462,34.468
2023-02-17 19:00:00,34.467,34.468,34.449,34.452
2023-02-17 19:30:00,34.451,34.453,34.43,34.453
2023-02-17 20:00:00,34.452,34.457,34.448,34.453
2023-02-17 20:30:00,34.454,34.457,34.43,34.436
2023-02-17 21:00:00,34.435,34.437,34.415,34.419
2023-02-17 21:30:00,34.42,34.423,34.419,34.421
2023-02-17 22:00:00,34.42,34.427,34.417,34.426
2023-02-17 22:30:00,34.427,34.427,34.421,34.424
2023-02-17 23:00:00,34.423,34.426,34.417,34.42
2023-02-17 23:30:00,34.422,34.463,34.362,34.362
2023-02-20 00:00:00,34.452,34.492,34.305,34.429
2023-02-20 00:30:00,34.429,34.432,34.393,34.421
2023-02-20 01:00:00,34.419,34.436,34.419,34.436
2023-02-20 01:30:00,34.435,34.454,34.43,34.438
2023-02-20 02:00:00,34.439,34.481,34.43,34.456
2023-02-20 02:30:00,34.456,34.487,34.45,34.478
2023-02-20 03:00:00,34.476,34.483,34.414,34.421
2023-02-20 03:30:00,34.421,34.465,34.42,34.435
2023-02-20 04:00:00,34.434,34.442,34.328,34.337
2023-02-20 04:30:00,34.338,34.386,34.327,34.352
2023-02-20 05:00:00,34.351,34.38,34.347,34.365
2023-02-20 05:30:00,34.364,34.368,34.349,34.357
2023-02-20 06:00:00,34.359,34.362,34.303,34.324
2023-02-20 06:30:00,34.323,34.354,34.312,34.346
2023-02-20 07:00:00,34.347,34.361,34.337,34.355
2023-02-20 07:30:00,34.355,34.362,34.336,34.343
2023-02-20 08:00:00,34.344,34.347,34.326,34.333
2023-02-20 08:30:00,34.334,34.355,34.334,34.342
2023-02-20 09:00:00,34.343,34.367,34.338,34.344
2023-02-20 09:30:00,34.343,34.349,34.325,34.332
2023-02-20 10:00:00,34.333,34.344,34.319,34.336
2023-02-20 10:30:00,34.334,34.378,34.333,34.366
2023-02-20 11:00:00,34.365,34.375,34.346,34.371
2023-02-20 11:30:00,34.371,34.421,34.37,34.42
2023-02-20 12:00:00,34.419,34.423,34.391,34.414
2023-02-20 12:30:00,34.413,34.417,34.391,34.396
2023-02-20 13:00:00,34.395,34.406,34.392,34.395
2023-02-20 13:30:00,34.396,34.401,34.378,34.381
2023-02-20 14:00:00,34.38,34.402,34.38,34.392
2023-02-20 14:30:00,34.39,34.395,34.381,34.383
2023-02-20 15:00:00,34.381,34.384,34.361,34.362
2023-02-20 15:30:00,34.365,34.38,34.351,34.356
2023-02-20 16:00:00,34.356,34.361,34.348,34.349
2023-02-20 16:30:00,34.348,34.357,34.34,34.348
2023-02-20 17:00:00,34.344,34.362,34.343,34.362
2023-02-20 17:30:00,34.363,34.378,34.357,34.363
2023-02-20 18:00:00,34.363,34.382,34.361,34.381
2023-02-20 18:30:00,34.381,34.39,34.38,34.39
2023-02-20 19:00:00,34.388,34.401,34.386,34.396
2023-02-20 19:30:00,34.397,34.401,34.396,34.398
2023-02-20 20:00:00,34.397,34.41,34.397,34.397
2023-02-20 20:30:00,34.397,34.401,34.396,34.397
2023-02-20 21:00:00,34.396,34.403,34.396,34.398
2023-02-20 21:30:00,34.397,34.401,34.387,34.397
2023-02-20 22:00:00,34.398,34.398,34.384,34.384
2023-02-20 22:30:00,34.385,34.393,34.383,34.391
2023-02-20 23:00:00,34.39,34.393,34.384,34.387
2023-02-20 23:30:00,34.386,34.389,34.327,34.336
2023-02-21 00:00:00,34.36,34.369,34.351,34.367
2023-02-21 00:30:00,34.366,34.374,34.351,34.369
2023-02-21 01:00:00,34.366,34.385,34.366,34.385
2023-02-21 01:30:00,34.386,34.391,34.381,34.391
2023-02-21 02:00:00,34.389,34.416,34.387,34.396
2023-02-21 02:30:00,34.396,34.401,34.364,34.4
2023-02-21 03:00:00,34.403,34.481,34.402,34.46
2023-02-21 03:30:00,34.458,34.492,34.438,34.457
2023-02-21 04:00:00,34.456,34.491,34.454,34.482
2023-02-21 04:30:00,34.482,34.552,34.459,34.538
2023-02-21 05:00:00,34.539,34.602,34.524,34.595
2023-02-21 05:30:00,34.595,34.603,34.576,34.583
2023-02-21 06:00:00,34.582,34.654,34.581,34.605
2023-02-21 06:30:00,34.606,34.652,34.583,34.587
2023-02-21 07:00:00,34.588,34.608,34.572,34.605
2023-02-21 07:30:00,34.605,34.617,34.598,34.606
2023-02-21 08:00:00,34.607,34.633,34.594,34.633
2023-02-21 08:30:00,34.634,34.674,34.623,34.63
2023-02-21 09:00:00,34.629,34.686,34.629,34.68
2023-02-21 09:30:00,34.68,34.681,34.605,34.607
2023-02-21 10:00:00,34.608,34.637,34.607,34.632
2023-02-21 10:30:00,34.635,34.671,34.632,34.664
2023-02-21 11:00:00,34.664,34.688,34.645,34.653
2023-02-21 11:30:00,34.653,34.655,34.554,34.568
2023-02-21 12:00:00,34.568,34.581,34.557,34.569
2023-02-21 12:30:00,34.57,34.606,34.565,34.602
2023-02-21 13:00:00,34.603,34.615,34.594,34.602
2023-02-21 13:30:00,34.601,34.609,34.585,34.608
2023-02-21 14:00:00,34.607,34.636,34.602,34.61
2023-02-21 14:30:00,34.609,34.622,34.586,34.592
2023-02-21 15:00:00,34.593,34.619,34.583,34.613
2023-02-21 15:30:00,34.613,34.614,34.591,34.605
2023-02-21 16:00:00,34.604,34.604,34.574,34.587
2023-02-21 16:30:00,34.586,34.608,34.554,34.608
2023-02-21 17:00:00,34.607,34.61,34.564,34.565
2023-02-21 17:30:00,34.563,34.571,34.535,34.555
2023-02-21 18:00:00,34.556,34.603,34.555,34.572
2023-02-21 18:30:00,34.572,34.583,34.566,34.583
2023-02-21 19:00:00,34.58,34.605,34.58,34.602
2023-02-21 19:30:00,34.603,34.608,34.596,34.6
2023-02-21 20:00:00,34.6,34.604,34.597,34.598
2023-02-21 20:30:00,34.599,34.66,34.599,34.652
2023-02-21 21:00:00,34.652,34.671,34.642,34.66
2023-02-21 21:30:00,34.66,34.663,34.657,34.662
2023-02-21 22:00:00,34.661,34.664,34.661,34.663
2023-02-21 22:30:00,34.663,34.664,34.633,34.641
2023-02-21 23:00:00,34.642,34.649,34.621,34.632
2023-02-21 23:30:00,34.631,34.631,34.54,34.54
2023-02-22 00:00:00,34.555,34.562,34.555,34.56
2023-02-22 00:30:00,34.56,34.562,34.528,34.539
2023-02-22 01:00:00,34.538,34.631,34.538,34.629
2023-02-22 01:30:00,34.628,34.656,34.625,34.654
2023-02-22 02:00:00,34.654,34.684,34.654,34.676
2023-02-22 02:30:00,34.676,34.683,34.646,34.672
2023-02-22 03:00:00,34.673,34.674,34.625,34.627
2023-02-22 03:30:00,34.627,34.689,34.624,34.674
2023-02-22 04:00:00,34.673,34.686,34.649,34.658
2023-02-22 04:30:00,34.659,34.674,34.646,34.674
2023-02-22 05:00:00,34.672,34.672,34.635,34.641
2023-02-22 05:30:00,34.642,34.651,34.634,34.636
2023-02-22 06:00:00,34.636,34.647,34.633,34.647
2023-02-22 06:30:00,34.646,34.65,34.629,34.65
2023-02-22 07:00:00,34.651,34.698,34.649,34.692
2023-02-22 07:30:00,34.692,34.71,34.658,34.667
2023-02-22 08:00:00,34.667,34.672,34.653,34.658
2023-02-22 08:30:00,34.658,34.682,34.657,34.666
2023-02-22 09:00:00,34.667,34.672,34.634,34.635
2023-02-22 09:30:00,34.634,34.64,34.569,34.57
2023-02-22 10:00:00,34.571,34.585,34.551,34.584
2023-02-22 10:30:00,34.584,34.622,34.579,34.608
2023-02-22 11:00:00,34.607,34.613,34.576,34.586
2023-02-22 11:30:00,34.587,34.604,34.57,34.593
2023-02-22 12:00:00,34.593,34.615,34.584,34.605
2023-02-22 12:30:00,34.606,34.615,34.581,34.611
2023-02-22 13:00:00,34.61,34.618,34.602,34.611
2023-02-22 13:30:00,34.61,34.626,34.61,34.619
2023-02-22 14:00:00,34.619,34.622,34.544,34.549
2023-02-22 14:30:00,34.548,34.559,34.533,34.541
2023-02-22 15:00:00,34.541,34.568,34.531,34.567
2023-02-22 15:30:00,34.568,34.577,34.548,34.556
2023-02-22 16:00:00,34.557,34.603,34.549,34.596
2023-02-22 16:30:00,34.597,34.605,34.553,34.578
2023-02-22 17:00:00,34.578,34.622,34.565,34.587
2023-02-22 17:30:00,34.588,34.595,34.564,34.574
2023-02-22 18:00:00,34.573,34.599,34.564,34.577
2023-02-22 18:30:00,34.576,34.6,34.569,34.598
2023-02-22 19:00:00,34.598,34.607,34.593,34.601
2023-02-22 19:30:00,34.601,34.606,34.57,34.571
2023-02-22 20:00:00,34.569,34.577,34.563,34.577
2023-02-22 20:30:00,34.578,34.601,34.567,34.587
2023-02-22 21:00:00,34.587,34.621,34.531,34.613
2023-02-22 21:30:00,34.613,34.632,34.612,34.63
2023-02-22 22:00:00,34.63,34.653,34.627,34.636
2023-02-22 22:30:00,34.635,34.64,34.634,34.635
2023-02-22 23:00:00,34.635,34.639,34.632,34.634
2023-02-22 23:30:00,34.634,34.636,34.591,34.591
2023-02-23 00:00:00,34.557,34.589,34.557,34.574
2023-02-23 00:30:00,34.573,34.584,34.556,34.584
2023-02-23 01:00:00,34.575,34.611,34.57,34.611
2023-02-23 01:30:00,34.606,34.651,34.606,34.649
2023-02-23 02:00:00,34.651,34.661,34.645,34.661
2023-02-23 02:30:00,34.662,34.672,34.651,34.658
2023-02-23 03:00:00,34.658,34.674,34.634,34.64
2023-02-23 03:30:00,34.639,34.641,34.543,34.574
2023-02-23 04:00:00,34.573,34.608,34.567,34.594
2023-02-23 04:30:00,34.594,34.614,34.543,34.568
2023-02-23 05:00:00,34.568,34.587,34.542,34.568
2023-02-23 05:30:00,34.568,34.584,34.566,34.581
2023-02-23 06:00:00,34.581,34.591,34.563,34.585
2023-02-23 06:30:00,34.585,34.588,34.539,34.544
2023-02-23 07:00:00,34.544,34.592,34.544,34.589
2023-02-23 07:30:00,34.588,34.622,34.567,34.579
2023-02-23 08:00:00,34.58,34.583,34.519,34.524
2023-02-23 08:30:00,34.523,34.546,34.492,34.541
2023-02-23 09:00:00,34.542,34.583,34.537,34.582
2023-02-23 09:30:00,34.581,34.596,34.563,34.578
2023-02-23 10:00:00,34.577,34.605,34.574,34.603
2023-02-23 10:30:00,34.604,34.664,34.593,34.664
2023-02-23 11:00:00,34.663,34.666,34.65,34.659
2023-02-23 11:30:00,34.658,34.682,34.657,34.67
2023-02-23 12:00:00,34.669,34.703,34.657,34.7
2023-02-23 12:30:00,34.701,34.717,34.7,34.713
2023-02-23 13:00:00,34.712,34.733,34.709,34.725
2023-02-23 13:30:00,34.726,34.726,34.711,34.713
2023-02-23 14:00:00,34.713,34.718,34.698,34.706
2023-02-23 14:30:00,34.705,34.717,34.7,34.708
2023-02-23 15:00:00,34.707,34.721,34.701,34.705
2023-02-23 15:30:00,34.706,34.755,34.703,34.716
2023-02-23 16:00:00,34.716,34.735,34.643,34.663
2023-02-23 16:30:00,34.663,34.706,34.638,34.65
2023-02-23 17:00:00,34.648,34.683,34.647,34.669
2023-02-23 17:30:00,34.67,34.722,34.663,34.697
2023-02-23 18:00:00,34.697,34.745,34.691,34.738
2023-02-23 18:30:00,34.737,34.747,34.729,34.742
2023-02-23 19:00:00,34.739,34.748,34.736,34.74
2023-02-23 19:30:00,34.741,34.747,34.734,34.74
2023-02-23 20:00:00,34.738,34.748,34.736,34.745
2023-02-23 20:30:00,34.745,34.747,34.736,34.739
2023-02-23 21:00:00,34.739,34.742,34.674,34.688
2023-02-23 21:30:00,34.688,34.704,34.686,34.701
2023-02-23 22:00:00,34.704,34.704,34.701,34.703
2023-02-23 22:30:00,34.703,34.705,34.679,34.685
2023-02-23 23:00:00,34.686,34.719,34.681,34.71
2023-02-23 23:30:00,34.695,34.732,34.657,34.664
2023-02-24 00:00:00,34.674,34.687,34.669,34.686
2023-02-24 00:30:00,34.693,34.693,34.67,34.67
2023-02-24 01:00:00,34.671,34.704,34.669,34.704
2023-02-24 01:30:00,34.703,34.726,34.703,34.715
2023-02-24 02:00:00,34.716,34.727,34.683,34.694
2023-02-24 02:30:00,34.695,34.707,34.625,34.64
2023-02-24 03:00:00,34.642,34.708,34.632,34.708
2023-02-24 03:30:00,34.709,34.741,34.701,34.714
2023-02-24 04:00:00,34.719,34.729,34.676,34.704
2023-02-24 04:30:00,34.703,34.762,34.697,34.749
2023-02-24 05:00:00,34.749,34.759,34.732,34.749
2023-02-24 05:30:00,34.748,34.763,34.737,34.763
2023-02-24 06:00:00,34.764,34.832,34.759,34.823
2023-02-24 06:30:00,34.824,34.835,34.799,34.816
2023-02-24 07:00:00,34.816,34.827,34.802,34.807
2023-02-24 07:30:00,34.803,34.821,34.795,34.81
2023-02-24 08:00:00,34.81,34.842,34.8,34.837
2023-02-24 08:30:00,34.837,34.882,34.824,34.87
2023-02-24 09:00:00,34.869,34.884,34.862,34.883
2023-02-24 09:30:00,34.883,34.888,34.866,34.886
2023-02-24 10:00:00,34.885,34.916,34.872,34.883
2023-02-24 10:30:00,34.884,34.884,34.824,34.86
2023-02-24 11:00:00,34.861,34.873,34.818,34.822
2023-02-24 11:30:00,34.822,34.851,34.798,34.803
2023-02-24 12:00:00,34.804,34.824,34.778,34.783
2023-02-24 12:30:00,34.783,34.822,34.771,34.818
2023-02-24 13:00:00,34.819,34.852,34.818,34.85
2023-02-24 13:30:00,34.851,34.897,34.851,34.89
2023-02-24 14:00:00,34.89,34.902,34.882,34.896
2023-02-24 14:30:00,34.897,34.918,34.886,34.917
2023-02-24 15:00:00,34.917,34.937,34.912,34.92
2023-02-24 15:30:00,34.925,34.965,34.908,34.937
2023-02-24 16:00:00,34.937,34.984,34.928,34.971
2023-02-24 16:30:00,34.969,34.984,34.936,34.949
2023-02-24 17:00:00,34.948,34.972,34.933,34.96
2023-02-24 17:30:00,34.961,34.978,34.955,34.971
2023-02-24 18:00:00,34.972,34.976,34.951,34.956
2023-02-24 18:30:00,34.956,34.972,34.952,34.969
2023-02-24 19:00:00,34.968,34.979,34.964,34.975
2023-02-24 19:30:00,34.976,34.985,34.963,34.979
2023-02-24 20:00:00,34.976,34.987,34.972,34.979
2023-02-24 20:30:00,34.981,34.989,34.98,34.987
2023-02-24 21:00:00,34.989,34.997,34.985,34.994
2023-02-24 21:30:00,34.995,34.999,34.986,34.989
2023-02-24 22:00:00,34.989,34.994,34.989,34.99
2023-02-24 22:30:00,34.991,34.992,34.982,34.982
2023-02-24 23:00:00,34.979,34.983,34.967,34.973
2023-02-24 23:30:00,34.971,34.972,34.796,34.879
2023-02-27 00:00:00,34.97,35.164,34.92,34.948
2023-02-27 00:30:00,34.91,34.953,34.91,34.95
2023-02-27 01:00:00,34.951,34.959,34.942,34.953
2023-02-27 01:30:00,34.954,34.961,34.942,34.955
2023-02-27 02:00:00,34.95,34.977,34.946,34.977
2023-02-27 02:30:00,34.977,34.983,34.917,34.927
2023-02-27 03:00:00,34.926,34.961,34.92,34.936
2023-02-27 03:30:00,34.936,34.963,34.93,34.941
2023-02-27 04:00:00,34.942,35.027,34.942,35.021
2023-02-27 04:30:00,35.021,35.083,35.013,35.074
2023-02-27 05:00:00,35.074,35.098,35.056,35.092
2023-02-27 05:30:00,35.092,35.125,35.092,35.117
2023-02-27 06:00:00,35.118,35.13,35.102,35.129
2023-02-27 06:30:00,35.128,35.136,35.111,35.111
2023-02-27 07:00:00,35.112,35.134,35.089,35.133
2023-02-27 07:30:00,35.134,35.134,35.109,35.121
2023-02-27 08:00:00,35.121,35.141,35.102,35.14
2023-02-27 08:30:00,35.14,35.163,35.125,35.148
2023-02-27 09:00:00,35.147,35.15,35.12,35.121
2023-02-27 09:30:00,35.121,35.156,35.116,35.126
2023-02-27 10:00:00,35.127,35.132,35.082,35.121
2023-02-27 10:30:00,35.121,35.146,35.102,35.144
2023-02-27 11:00:00,35.145,35.155,35.117,35.119
2023-02-27 11:30:00,35.118,35.132,35.102,35.105
2023-02-27 12:00:00,35.104,35.129,35.096,35.096
2023-02-27 12:30:00,35.097,35.1,35.079,35.085
2023-02-27 13:00:00,35.084,35.116,35.08,35.11
2023-02-27 13:30:00,35.109,35.131,35.091,35.115
2023-02-27 14:00:00,35.114,35.127,35.095,35.122
2023-02-27 14:30:00,35.125,35.126,35.106,35.117
2023-02-27 15:00:00,35.119,35.119,35.088,35.101
2023-02-27 15:30:00,35.101,35.104,34.976,34.994
2023-02-27 16:00:00,34.996,35.028,34.983,35.002
2023-02-27 16:30:00,35.001,35.038,34.971,34.974
2023-02-27 17:00:00,34.978,35.018,34.958,34.976
2023-02-27 17:30:00,34.973,35.032,34.973,35.011
2023-02-27 18:00:00,35.011,35.041,35.001,35.034
2023-02-27 18:30:00,35.036,35.039,35.012,35.012
2023-02-27 19:00:00,35.01,35.016,34.996,35.001
2023-02-27 19:30:00,35.002,35.002,34.988,34.989
2023-02-27 20:00:00,34.99,34.991,34.971,34.972
2023-02-27 20:30:00,34.973,34.981,34.966,34.966
2023-02-27 21:00:00,34.966,34.969,34.952,34.964
2023-02-27 21:30:00,34.963,34.985,34.963,34.98
2023-02-27 22:00:00,34.979,34.985,34.971,34.972
2023-02-27 22:30:00,34.972,34.987,34.969,34.97
2023-02-27 23:00:00,34.969,34.972,34.96,34.96
2023-02-27 23:30:00,34.959,34.97,34.908,34.908
2023-02-28 00:00:00,34.97,34.97,34.968,34.97
2023-02-28 00:30:00,34.968,34.973,34.946,34.959
2023-02-28 01:00:00,34.958,34.987,34.948,34.986
2023-02-28 01:30:00,34.987,35.0,34.974,34.997
2023-02-28 02:00:00,34.999,35.004,34.958,34.975
2023-02-28 02:30:00,34.974,35.035,34.966,35.022
2023-02-28 03:00:00,35.021,35.058,35.021,35.048
2023-02-28 03:30:00,35.048,35.086,35.027,35.065
2023-02-28 04:00:00,35.064,35.086,35.011,35.012
2023-02-28 04:30:00,35.012,35.078,35.011,35.074
2023-02-28 05:00:00,35.073,35.078,35.053,35.056
2023-02-28 05:30:00,35.055,35.072,35.048,35.056
2023-02-28 06:00:00,35.057,35.074,35.055,35.073
2023-02-28 06:30:00,35.074,35.12,35.067,35.103
2023-02-28 07:00:00,35.104,35.154,35.103,35.143
2023-02-28 07:30:00,35.142,35.152,35.135,35.14
2023-02-28 08:00:00,35.141,35.155,35.134,35.136
2023-02-28 08:30:00,35.135,35.142,35.118,35.132
2023-02-28 09:00:00,35.131,35.348,35.127,35.324
2023-02-28 09:30:00,35.326,35.389,35.313,35.376
2023-02-28 10:00:00,35.377,35.381,35.313,35.331
2023-02-28 10:30:00,35.331,35.363,35.317,35.345
2023-02-28 11:00:00,35.345,35.352,35.312,35.331
2023-02-28 11:30:00,35.331,35.348,35.32,35.347
2023-02-28 12:00:00,35.347,35.349,35.309,35.339
2023-02-28 12:30:00,35.34,35.349,35.322,35.342
2023-02-28 13:00:00,35.341,35.35,35.335,35.341
2023-02-28 13:30:00,35.342,35.349,35.333,35.349
2023-02-28 14:00:00,35.35,35.373,35.349,35.36
2023-02-28 14:30:00,35.359,35.371,35.343,35.347
2023-02-28 15:00:00,35.347,35.348,35.294,35.303
2023-02-28 15:30:00,35.302,35.32,35.27,35.273
2023-02-28 16:00:00,35.272,35.305,35.261,35.282
2023-02-28 16:30:00,35.282,35.319,35.258,35.274
2023-02-28 17:00:00,35.278,35.278,35.209,35.25
2023-02-28 17:30:00,35.249,35.256,35.208,35.229
2023-02-28 18:00:00,35.227,35.229,35.184,35.205
2023-02-28 18:30:00,35.205,35.222,35.187,35.205
2023-02-28 19:00:00,35.204,35.211,35.196,35.201
2023-02-28 19:30:00,35.2,35.21,35.178,35.185
2023-02-28 20:00:00,35.184,35.201,35.17,35.2
2023-02-28 20:30:00,35.196,35.206,35.19,35.199
2023-02-28 21:00:00,35.196,35.206,35.193,35.197
2023-02-28 21:30:00,35.196,35.198,35.175,35.189
2023-02-28 22:00:00,35.192,35.199,35.182,35.196
2023-02-28 22:30:00,35.197,35.223,35.196,35.212
2023-02-28 23:00:00,35.213,35.224,35.206,35.207
2023-02-28 23:30:00,35.205,35.211,35.155,35.155
2023-03-01 00:00:00,35.122,35.191,35.122,35.191
2023-03-01 00:30:00,35.19,35.201,35.182,35.19
2023-03-01 01:00:00,35.194,35.219,35.193,35.219
2023-03-01 01:30:00,35.215,35.245,35.212,35.237
2023-03-01 02:00:00,35.236,35.266,35.235,35.266
2023-03-01 02:30:00,35.266,35.364,35.265,35.312
2023-03-01 03:00:00,35.311,35.322,35.224,35.239
2023-03-01 03:30:00,35.239,35.239,35.128,35.134
2023-03-01 04:00:00,35.133,35.164,35.021,35.045
2023-03-01 04:30:00,35.043,35.119,35.022,35.101
2023-03-01 05:00:00,35.101,35.101,35.03,35.033
2023-03-01 05:30:00,35.033,35.065,35.032,35.046
2023-03-01 06:00:00,35.045,35.049,34.998,35.039
2023-03-01 06:30:00,35.04,35.044,35.019,35.03
2023-03-01 07:00:00,35.03,35.03,34.92,34.93
2023-03-01 07:30:00,34.931,34.974,34.929,34.974
2023-03-01 08:00:00,34.975,34.993,34.933,34.934
2023-03-01 08:30:00,34.932,34.999,34.92,34.989
2023-03-01 09:00:00,34.988,35.039,34.943,34.954
2023-03-01 09:30:00,34.954,35.006,34.907,34.909
2023-03-01 10:00:00,34.91,34.938,34.768,34.8
2023-03-01 10:30:00,34.799,34.861,34.781,34.798
2023-03-01 11:00:00,34.8,34.851,34.737,34.807
2023-03-01 11:30:00,34.808,34.825,34.764,34.776
2023-03-01 12:00:00,34.774,34.789,34.73,34.741
2023-03-01 12:30:00,34.74,34.764,34.678,34.681
2023-03-01 13:00:00,34.683,34.771,34.65,34.709
2023-03-01 13:30:00,34.708,34.71,34.656,34.701
2023-03-01 14:00:00,34.701,34.733,34.683,34.701
2023-03-01 14:30:00,34.702,34.709,34.666,34.666
2023-03-01 15:00:00,34.664,34.733,34.663,34.72
2023-03-01 15:30:00,34.72,34.724,34.655,34.674
2023-03-01 16:00:00,34.674,34.705,34.667,34.689
2023-03-01 16:30:00,34.688,34.708,34.642,34.644
2023-03-01 17:00:00,34.644,34.773,34.64,34.71
2023-03-01 17:30:00,34.708,34.72,34.641,34.649
2023-03-01 18:00:00,34.647,34.723,34.644,34.716
2023-03-01 18:30:00,34.72,34.722,34.671,34.679
2023-03-01 19:00:00,34.678,34.679,34.662,34.677
2023-03-01 19:30:00,34.676,34.689,34.673,34.685
2023-03-01 20:00:00,34.688,34.726,34.685,34.721
2023-03-01 20:30:00,34.72,34.727,34.708,34.719
2023-03-01 21:00:00,34.716,34.721,34.709,34.714
2023-03-01 21:30:00,34.715,34.715,34.699,34.701
2023-03-01 22:00:00,34.7,34.711,34.693,34.696
2023-03-01 22:30:00,34.697,34.705,34.693,34.704
2023-03-01 23:00:00,34.705,34.712,34.702,34.708
2023-03-01 23:30:00,34.708,34.712,34.698,34.703
2023-03-02 00:00:00,34.708,34.708,34.656,34.672
2023-03-02 00:30:00,34.669,34.675,34.667,34.669
2023-03-02 01:00:00,34.671,34.688,34.667,34.682
2023-03-02 01:30:00,34.681,34.688,34.677,34.686
2023-03-02 02:00:00,34.684,34.726,34.668,34.695
2023-03-02 02:30:00,34.694,34.801,34.692,34.791
2023-03-02 03:00:00,34.791,34.793,34.764,34.782
2023-03-02 03:30:00,34.783,34.913,34.778,34.862
2023-03-02 04:00:00,34.863,34.873,34.755,34.76
2023-03-02 04:30:00,34.76,34.838,34.747,34.797
2023-03-02 05:00:00,34.797,34.858,34.788,34.83
2023-03-02 05:30:00,34.831,34.902,34.818,34.818
2023-03-02 06:00:00,34.817,34.828,34.792,34.815
2023-03-02 06:30:00,34.813,34.828,34.794,34.803
2023-03-02 07:00:00,34.802,34.839,34.801,34.835
2023-03-02 07:30:00,34.836,34.888,34.835,34.862
2023-03-02 08:00:00,34.863,34.871,34.844,34.858
2023-03-02 08:30:00,34.858,34.884,34.838,34.878
2023-03-02 09:00:00,34.879,34.934,34.852,34.917
2023-03-02 09:30:00,34.919,34.959,34.908,34.933
2023-03-02 10:00:00,34.933,34.962,34.893,34.906
2023-03-02 10:30:00,34.906,34.906,34.812,34.824
2023-03-02 11:00:00,34.824,34.836,34.784,34.794
2023-03-02 11:30:00,34.793,34.82,34.769,34.777
2023-03-02 12:00:00,34.776,34.794,34.765,34.777
2023-03-02 12:30:00,34.779,34.833,34.774,34.83
2023-03-02 13:00:00,34.828,34.828,34.782,34.8
2023-03-02 13:30:00,34.799,34.8,34.767,34.773
2023-03-02 14:00:00,34.77,34.812,34.756,34.804
2023-03-02 14:30:00,34.802,34.841,34.8,34.832
2023-03-02 15:00:00,34.832,34.848,34.803,34.805
2023-03-02 15:30:00,34.804,34.883,34.802,34.874
2023-03-02 16:00:00,34.874,34.875,34.825,34.834
2023-03-02 16:30:00,34.834,34.861,34.795,34.829
2023-03-02 17:00:00,34.828,34.83,34.75,34.795
2023-03-02 17:30:00,34.794,34.803,34.759,34.772
2023-03-02 18:00:00,34.77,34.791,34.752,34.787
2023-03-02 18:30:00,34.786,34.806,34.779,34.801
2023-03-02 19:00:00,34.801,34.869,34.795,34.859
2023-03-02 19:30:00,34.859,34.882,34.843,34.866
2023-03-02 20:00:00,34.865,34.875,34.846,34.853
2023-03-02 20:30:00,34.853,34.856,34.807,34.809
2023-03-02 21:00:00,34.808,34.816,34.796,34.804
2023-03-02 21:30:00,34.803,34.834,34.8,34.833
2023-03-02 22:00:00,34.833,34.841,34.832,34.833
2023-03-02 22:30:00,34.834,34.838,34.824,34.826
2023-03-02 23:00:00,34.827,34.829,34.814,34.824
2023-03-02 23:30:00,34.824,34.824,34.761,34.761
2023-03-03 00:00:00,34.756,34.761,34.746,34.755
2023-03-03 00:30:00,34.751,34.8,34.751,34.791
2023-03-03 01:00:00,34.794,34.801,34.787,34.799
2023-03-03 01:30:00,34.798,34.822,34.797,34.818
2023-03-03 02:00:00,34.818,34.819,34.773,34.792
2023-03-03 02:30:00,34.791,34.793,34.728,34.742
2023-03-03 03:00:00,34.743,34.756,34.695,34.727
2023-03-03 03:30:00,34.727,34.765,34.722,34.735
2023-03-03 04:00:00,34.736,34.744,34.673,34.713
2023-03-03 04:30:00,34.713,34.774,34.701,34.751
2023-03-03 05:00:00,34.748,34.786,34.748,34.78
2023-03-03 05:30:00,34.781,34.827,34.781,34.794
2023-03-03 06:00:00,34.795,34.802,34.772,34.791
2023-03-03 06:30:00,34.791,34.811,34.791,34.804
2023-03-03 07:00:00,34.804,34.841,34.801,34.818
2023-03-03 07:30:00,34.818,34.834,34.799,34.825
2023-03-03 08:00:00,34.825,34.825,34.772,34.776
2023-03-03 08:30:00,34.777,34.788,34.727,34.743
2023-03-03 09:00:00,34.744,34.797,34.743,34.769
2023-03-03 09:30:00,34.77,34.813,34.762,34.796
2023-03-03 10:00:00,34.796,34.796,34.758,34.779
2023-03-03 10:30:00,34.779,34.779,34.717,34.722
2023-03-03 11:00:00,34.723,34.732,34.7,34.718
2023-03-03 11:30:00,34.718,34.718,34.675,34.697
2023-03-03 12:00:00,34.697,34.724,34.687,34.709
2023-03-03 12:30:00,34.71,34.713,34.693,34.694
2023-03-03 13:00:00,34.693,34.709,34.684,34.708
2023-03-03 13:30:00,34.707,34.707,34.67,34.677
2023-03-03 14:00:00,34.678,34.68,34.672,34.676
2023-03-03 14:30:00,34.676,34.688,34.65,34.65
2023-03-03 15:00:00,34.65,34.653,34.635,34.637
2023-03-03 15:30:00,34.638,34.641,34.591,34.618
2023-03-03 16:00:00,34.619,34.701,34.617,34.69
2023-03-03 16:30:00,34.69,34.697,34.655,34.655
2023-03-03 17:00:00,34.656,34.704,34.615,34.633
2023-03-03 17:30:00,34.632,34.678,34.631,34.657
2023-03-03 18:00:00,34.656,34.663,34.594,34.6
2023-03-03 18:30:00,34.599,34.604,34.584,34.585
2023-03-03 19:00:00,34.586,34.586,34.557,34.559
2023-03-03 19:30:00,34.558,34.56,34.55,34.551
2023-03-03 20:00:00,34.55,34.555,34.542,34.543
2023-03-03 20:30:00,34.543,34.549,34.536,34.538
2023-03-03 21:00:00,34.536,34.536,34.512,34.514
2023-03-03 21:30:00,34.515,34.517,34.487,34.492
2023-03-03 22:00:00,34.489,34.51,34.489,34.495
2023-03-03 22:30:00,34.495,34.514,34.492,34.494
2023-03-03 23:00:00,34.495,34.499,34.487,34.499
2023-03-03 23:30:00,34.507,34.519,34.417,34.432
2023-03-06 00:00:00,34.58,34.652,34.386,34.506
2023-03-06 00:30:00,34.508,34.511,34.491,34.5
2023-03-06 01:00:00,34.5,34.516,34.488,34.516
2023-03-06 01:30:00,34.517,34.549,34.511,34.549
2023-03-06 02:00:00,34.546,34.564,34.498,34.555
2023-03-06 02:30:00,34.556,34.588,34.553,34.577
2023-03-06 03:00:00,34.577,34.646,34.576,34.63
2023-03-06 03:30:00,34.629,34.63,34.61,34.618
2023-03-06 04:00:00,34.618,34.649,34.545,34.575
2023-03-06 04:30:00,34.574,34.602,34.446,34.481
2023-03-06 05:00:00,34.478,34.498,34.431,34.431
2023-03-06 05:30:00,34.43,34.437,34.406,34.423
2023-03-06 06:00:00,34.424,34.465,34.41,34.458
2023-03-06 06:30:00,34.459,34.487,34.454,34.472
2023-03-06 07:00:00,34.471,34.48,34.431,34.435
2023-03-06 07:30:00,34.437,34.46,34.43,34.437
2023-03-06 08:00:00,34.436,34.481,34.415,34.476
2023-03-06 08:30:00,34.478,34.503,34.437,34.45
2023-03-06 09:00:00,34.45,34.462,34.419,34.424
2023-03-06 09:30:00,34.422,34.431,34.384,34.413
2023-03-06 10:00:00,34.414,34.473,34.407,34.467
2023-03-06 10:30:00,34.468,34.491,34.443,34.477
2023-03-06 11:00:00,34.477,34.529,34.43,34.528
2023-03-06 11:30:00,34.529,34.535,34.513,34.528
2023-03-06 12:00:00,34.527,34.528,34.481,34.506
2023-03-06 12:30:00,34.506,34.541,34.505,34.526
2023-03-06 13:00:00,34.52,34.535,34.498,34.534
2023-03-06 13:30:00,34.533,34.554,34.515,34.547
2023-03-06 14:00:00,34.547,34.568,34.534,34.542
2023-03-06 14:30:00,34.539,34.562,34.529,34.531
2023-03-06 15:00:00,34.53,34.553,34.486,34.49
2023-03-06 15:30:00,34.491,34.497,34.457,34.458
2023-03-06 16:00:00,34.457,34.461,34.406,34.434
2023-03-06 16:30:00,34.434,34.47,34.421,34.434
2023-03-06 17:00:00,34.434,34.447,34.41,34.417
2023-03-06 17:30:00,34.418,34.43,34.388,34.423
2023-03-06 18:00:00,34.423,34.468,34.419,34.448
2023-03-06 18:30:00,34.448,34.453,34.44,34.44
2023-03-06 19:00:00,34.439,34.461,34.439,34.461
2023-03-06 19:30:00,34.461,34.47,34.46,34.467
2023-03-06 20:00:00,34.468,34.476,34.467,34.471
2023-03-06 20:30:00,34.474,34.488,34.469,34.487
2023-03-06 21:00:00,34.488,34.502,34.486,34.502
2023-03-06 21:30:00,34.505,34.524,34.502,34.524
2023-03-06 22:00:00,34.523,34.525,34.515,34.518
2023-03-06 22:30:00,34.518,34.522,34.517,34.519
2023-03-06 23:00:00,34.521,34.522,34.514,34.522
2023-03-06 23:30:00,34.521,34.521,34.477,34.477
2023-03-07 00:00:00,34.419,34.435,34.39,34.397
2023-03-07 00:30:00,34.395,34.411,34.389,34.409
2023-03-07 01:00:00,34.401,34.493,34.401,34.491
2023-03-07 01:30:00,34.493,34.514,34.472,34.484
2023-03-07 02:00:00,34.484,34.499,34.451,34.499
2023-03-07 02:30:00,34.5,34.631,34.497,34.59
2023-03-07 03:00:00,34.59,34.607,34.556,34.579
2023-03-07 03:30:00,34.58,34.585,34.518,34.532
2023-03-07 04:00:00,34.533,34.536,34.495,34.53
2023-03-07 04:30:00,34.532,34.553,34.519,34.549
2023-03-07 05:00:00,34.548,34.565,34.544,34.554
2023-03-07 05:30:00,34.553,34.582,34.535,34.536
2023-03-07 06:00:00,34.536,34.541,34.465,34.484
2023-03-07 06:30:00,34.483,34.495,34.469,34.477
2023-03-07 07:00:00,34.476,34.483,34.441,34.458
2023-03-07 07:30:00,34.459,34.494,34.454,34.487
2023-03-07 08:00:00,34.487,34.52,34.475,34.508
2023-03-07 08:30:00,34.509,34.543,34.505,34.535
2023-03-07 09:00:00,34.535,34.541,34.462,34.469
2023-03-07 09:30:00,34.467,34.511,34.457,34.511
2023-03-07 10:00:00,34.51,34.586,34.498,34.567
2023-03-07 10:30:00,34.568,34.583,34.539,34.559
2023-03-07 11:00:00,34.56,34.566,34.525,34.531
2023-03-07 11:30:00,34.53,34.559,34.519,34.556
2023-03-07 12:00:00,34.557,34.583,34.555,34.576
2023-03-07 12:30:00,34.576,34.583,34.558,34.568
2023-03-07 13:00:00,34.567,34.573,34.564,34.567
2023-03-07 13:30:00,34.567,34.58,34.555,34.562
2023-03-07 14:00:00,34.562,34.599,34.561,34.599
2023-03-07 14:30:00,34.6,34.603,34.584,34.597
2023-03-07 15:00:00,34.596,34.624,34.584,34.612
2023-03-07 15:30:00,34.612,34.645,34.607,34.642
2023-03-07 16:00:00,34.642,34.662,34.635,34.654
2023-03-07 16:30:00,34.654,34.737,34.653,34.712
2023-03-07 17:00:00,34.71,34.885,34.71,34.867
2023-03-07 17:30:00,34.869,34.988,34.836,34.976
2023-03-07 18:00:00,34.977,35.047,34.934,35.04
2023-03-07 18:30:00,35.041,35.043,35.028,35.042
2023-03-07 19:00:00,35.042,35.042,34.967,34.981
2023-03-07 19:30:00,34.982,35.036,34.982,35.021
2023-03-07 20:00:00,35.02,35.041,35.02,35.027
2023-03-07 20:30:00,35.03,35.074,35.019,35.069
2023-03-07 21:00:00,35.069,35.085,35.068,35.074
2023-03-07 21:30:00,35.07,35.081,35.067,35.075
2023-03-07 22:00:00,35.073,35.076,35.071,35.074
2023-03-07 22:30:00,35.075,35.094,35.071,35.09
2023-03-07 23:00:00,35.088,35.099,35.079,35.094
2023-03-07 23:30:00,35.095,35.098,35.036,35.036
2023-03-08 00:00:00,35.057,35.075,35.035,35.069
2023-03-08 00:30:00,35.066,35.073,35.065,35.069
2023-03-08 01:00:00,35.068,35.104,35.067,35.073
2023-03-08 01:30:00,35.072,35.099,35.063,35.089
2023-03-08 02:00:00,35.088,35.11,35.072,35.097
2023-03-08 02:30:00,35.096,35.145,35.068,35.101
2023-03-08 03:00:00,35.102,35.14,35.046,35.06
2023-03-08 03:30:00,35.06,35.128,35.043,35.109
2023-03-08 04:00:00,35.108,35.116,35.077,35.111
2023-03-08 04:30:00,35.113,35.171,35.092,35.163
2023-03-08 05:00:00,35.162,35.182,35.135,35.175
2023-03-08 05:30:00,35.174,35.192,35.17,35.183
2023-03-08 06:00:00,35.182,35.183,35.115,35.12
2023-03-08 06:30:00,35.12,35.133,35.086,35.09
2023-03-08 07:00:00,35.09,35.139,35.079,35.117
2023-03-08 07:30:00,35.117,35.135,35.08,35.086
2023-03-08 08:00:00,35.087,35.088,35.022,35.083
2023-03-08 08:30:00,35.083,35.087,35.056,35.061
2023-03-08 09:00:00,35.062,35.079,35.044,35.053
2023-03-08 09:30:00,35.054,35.087,35.037,35.086
2023-03-08 10:00:00,35.086,35.116,35.057,35.107
2023-03-08 10:30:00,35.108,35.111,35.075,35.075
2023-03-08 11:00:00,35.077,35.085,35.041,35.065
2023-03-08 11:30:00,35.064,35.084,35.05,35.078
2023-03-08 12:00:00,35.078,35.105,35.07,35.081
2023-03-08 12:30:00,35.083,35.105,35.075,35.085
2023-03-08 13:00:00,35.086,35.099,35.077,35.09
2023-03-08 13:30:00,35.089,35.099,35.088,35.096
2023-03-08 14:00:00,35.096,35.116,35.09,35.112
2023-03-08 14:30:00,35.112,35.116,35.088,35.093
2023-03-08 15:00:00,35.094,35.103,35.066,35.08
2023-03-08 15:30:00,35.079,35.108,35.075,35.106
2023-03-08 16:00:00,35.106,35.107,35.077,35.082
2023-03-08 16:30:00,35.082,35.082,34.993,35.0
2023-03-08 17:00:00,35.001,35.063,34.999,35.011
2023-03-08 17:30:00,35.01,35.018,34.979,35.009
2023-03-08 18:00:00,35.01,35.018,34.991,34.992
2023-03-08 18:30:00,34.994,35.012,34.993,35.011
2023-03-08 19:00:00,35.011,35.032,35.004,35.028
2023-03-08 19:30:00,35.029,35.045,35.025,35.041
2023-03-08 20:00:00,35.042,35.086,35.037,35.086
2023-03-08 20:30:00,35.086,35.104,35.08,35.095
2023-03-08 21:00:00,35.096,35.098,35.086,35.087
2023-03-08 21:30:00,35.086,35.087,35.078,35.079
2023-03-08 22:00:00,35.079,35.081,35.071,35.071
2023-03-08 22:30:00,35.071,35.071,35.064,35.064
2023-03-08 23:00:00,35.065,35.089,35.061,35.071
2023-03-08 23:30:00,35.053,35.054,35.032,35.032
2023-03-09 00:00:00,34.969,34.987,34.964,34.983
2023-03-09 00:30:00,34.987,34.997,34.986,34.995
2023-03-09 01:00:00,34.994,35.051,34.992,35.051
2023-03-09 01:30:00,35.05,35.067,35.05,35.063
2023-03-09 02:00:00,35.063,35.086,35.053,35.057
2023-03-09 02:30:00,35.055,35.08,35.027,35.029
2023-03-09 03:00:00,35.028,35.065,35.023,35.038
2023-03-09 03:30:00,35.039,35.146,35.039,35.128
2023-03-09 04:00:00,35.129,35.135,35.099,35.1
2023-03-09 04:30:00,35.101,35.103,35.078,35.09
2023-03-09 05:00:00,35.09,35.104,35.081,35.082
2023-03-09 05:30:00,35.083,35.087,35.053,35.062
2023-03-09 06:00:00,35.063,35.081,35.061,35.066
2023-03-09 06:30:00,35.067,35.076,35.03,35.043
2023-03-09 07:00:00,35.044,35.055,35.034,35.038
2023-03-09 07:30:00,35.037,35.061,35.02,35.061
2023-03-09 08:00:00,35.06,35.061,35.033,35.048
2023-03-09 08:30:00,35.049,35.062,35.036,35.048
2023-03-09 09:00:00,35.047,35.089,35.004,35.026
2023-03-09 09:30:00,35.027,35.088,35.013,35.079
2023-03-09 10:00:00,35.079,35.097,35.042,35.059
2023-03-09 10:30:00,35.058,35.059,34.996,35.013
2023-03-09 11:00:00,35.014,35.042,35.013,35.031
2023-03-09 11:30:00,35.031,35.051,34.982,35.046
2023-03-09 12:00:00,35.047,35.079,35.043,35.07
2023-03-09 12:30:00,35.07,35.076,35.049,35.06
2023-03-09 13:00:00,35.061,35.067,35.049,35.053
2023-03-09 13:30:00,35.053,35.069,35.05,35.063
2023-03-09 14:00:00,35.063,35.115,35.057,35.113
2023-03-09 14:30:00,35.115,35.118,35.096,35.113
2023-03-09 15:00:00,35.113,35.12,35.079,35.094
2023-03-09 15:30:00,35.096,35.097,35.017,35.022
2023-03-09 16:00:00,35.021,35.021,34.978,34.998
2023-03-09 16:30:00,34.997,35.008,34.931,34.935
2023-03-09 17:00:00,34.932,34.952,34.919,34.942
2023-03-09 17:30:00,34.943,34.975,34.923,34.973
2023-03-09 18:00:00,34.973,35.022,34.96,34.983
2023-03-09 18:30:00,34.984,34.987,34.957,34.967
2023-03-09 19:00:00,34.966,34.987,34.966,34.974
2023-03-09 19:30:00,34.974,34.981,34.97,34.971
2023-03-09 20:00:00,34.971,34.995,34.962,34.991
2023-03-09 20:30:00,34.992,34.992,34.934,34.939
2023-03-09 21:00:00,34.939,34.951,34.931,34.939
2023-03-09 21:30:00,34.939,35.002,34.936,35.0
2023-03-09 22:00:00,35.001,35.053,34.997,35.045
2023-03-09 22:30:00,35.046,35.046,34.979,35.023
2023-03-09 23:00:00,35.022,35.027,34.991,35.02
2023-03-09 23:30:00,35.02,35.023,34.961,34.961
2023-03-10 00:00:00,34.923,34.985,34.921,34.977
2023-03-10 00:30:00,34.977,34.989,34.96,34.987
2023-03-10 01:00:00,34.988,35.01,34.983,34.999
2023-03-10 01:30:00,35.0,35.008,34.999,35.004
2023-03-10 02:00:00,35.005,35.009,34.92,34.931
2023-03-10 02:30:00,34.931,34.976,34.919,34.971
2023-03-10 03:00:00,34.97,35.036,34.97,35.002
2023-03-10 03:30:00,35.002,35.062,34.987,35.044
2023-03-10 04:00:00,35.043,35.127,35.037,35.122
2023-03-10 04:30:00,35.122,35.147,35.098,35.115
2023-03-10 05:00:00,35.117,35.126,35.095,35.118
2023-03-10 05:30:00,35.117,35.118,35.076,35.091
2023-03-10 06:00:00,35.092,35.107,35.075,35.091
2023-03-10 06:30:00,35.092,35.112,35.089,35.095
2023-03-10 07:00:00,35.096,35.115,35.092,35.112
2023-03-10 07:30:00,35.113,35.131,35.087,35.088
2023-03-10 08:00:00,35.089,35.103,35.076,35.093
2023-03-10 08:30:00,35.092,35.106,35.077,35.093
2023-03-10 09:00:00,35.093,35.093,35.034,35.037
2023-03-10 09:30:00,35.039,35.043,35.011,35.032
2023-03-10 10:00:00,35.03,35.073,35.021,35.056
2023-03-10 10:30:00,35.057,35.065,35.02,35.031
2023-03-10 11:00:00,35.032,35.043,35.027,35.03
2023-03-10 11:30:00,35.029,35.064,35.008,35.061
2023-03-10 12:00:00,35.061,35.063,35.018,35.021
2023-03-10 12:30:00,35.021,35.026,34.989,35.018
2023-03-10 13:00:00,35.019,35.024,35.005,35.005
2023-03-10 13:30:00,35.004,35.024,34.998,35.023
2023-03-10 14:00:00,35.024,35.05,35.019,35.028
2023-03-10 14:30:00,35.026,35.03,35.007,35.024
2023-03-10 15:00:00,35.025,35.075,35.012,35.012
2023-03-10 15:30:00,35.004,35.048,34.911,34.962
2023-03-10 16:00:00,34.962,34.981,34.809,34.809
2023-03-10 16:30:00,34.809,34.817,34.738,34.759
2023-03-10 17:00:00,34.758,34.758,34.68,34.714
2023-03-10 17:30:00,34.713,34.714,34.632,34.651
2023-03-10 18:00:00,34.652,34.769,34.643,34.755
2023-03-10 18:30:00,34.755,34.765,34.712,34.741
2023-03-10 19:00:00,34.74,34.779,34.727,34.751
2023-03-10 19:30:00,34.75,34.751,34.654,34.662
2023-03-10 20:00:00,34.663,34.722,34.654,34.721
2023-03-10 20:30:00,34.722,34.805,34.721,34.802
2023-03-10 21:00:00,34.798,34.806,34.774,34.796
2023-03-10 21:30:00,34.795,34.808,34.787,34.798
2023-03-10 22:00:00,34.797,34.801,34.792,34.798
2023-03-10 22:30:00,34.802,34.847,34.798,34.845
2023-03-10 23:00:00,34.844,34.846,34.835,34.84
2023-03-10 23:30:00,34.838,34.839,34.646,34.711
2023-03-13 00:00:00,34.755,34.776,34.425,34.64
2023-03-13 00:30:00,34.639,34.654,34.639,34.651
2023-03-13 01:00:00,34.653,34.653,34.576,34.578
2023-03-13 01:30:00,34.577,34.71,34.576,34.668
2023-03-13 02:00:00,34.665,34.665,34.582,34.599
2023-03-13 02:30:00,34.598,34.651,34.595,34.62
2023-03-13 03:00:00,34.618,34.654,34.589,34.613
2023-03-13 03:30:00,34.613,34.759,34.59,34.724
2023-03-13 04:00:00,34.724,34.769,34.59,34.632
2023-03-13 04:30:00,34.633,34.697,34.619,34.662
2023-03-13 05:00:00,34.662,34.665,34.508,34.542
2023-03-13 05:30:00,34.542,34.547,34.423,34.454
2023-03-13 06:00:00,34.453,34.531,34.45,34.5
2023-03-13 06:30:00,34.498,34.521,34.463,34.514
2023-03-13 07:00:00,34.512,34.529,34.498,34.502
2023-03-13 07:30:00,34.504,34.567,34.504,34.564
2023-03-13 08:00:00,34.565,34.606,34.56,34.603
2023-03-13 08:30:00,34.604,34.632,34.571,34.576
2023-03-13 09:00:00,34.575,34.616,34.557,34.604
2023-03-13 09:30:00,34.603,34.661,34.601,34.65
2023-03-13 10:00:00,34.653,34.699,34.639,34.67
2023-03-13 10:30:00,34.669,34.677,34.588,34.636
2023-03-13 11:00:00,34.636,34.665,34.583,34.631
2023-03-13 11:30:00,34.633,34.638,34.558,34.568
2023-03-13 12:00:00,34.569,34.61,34.561,34.595
2023-03-13 12:30:00,34.595,34.614,34.553,34.607
2023-03-13 13:00:00,34.607,34.644,34.572,34.627
2023-03-13 13:30:00,34.628,34.654,34.597,34.622
2023-03-13 14:00:00,34.622,34.676,34.604,34.658
2023-03-13 14:30:00,34.657,34.66,34.581,34.597
2023-03-13 15:00:00,34.596,34.631,34.562,34.576
2023-03-13 15:30:00,34.577,34.594,34.524,34.54
2023-03-13 16:00:00,34.539,34.613,34.522,34.581
2023-03-13 16:30:00,34.582,34.59,34.507,34.514
2023-03-13 17:00:00,34.515,34.548,34.489,34.545
2023-03-13 17:30:00,34.544,34.544,34.46,34.465
2023-03-13 18:00:00,34.464,34.502,34.458,34.46
2023-03-13 18:30:00,34.459,34.508,34.448,34.472
2023-03-13 19:00:00,34.471,34.478,34.451,34.471
2023-03-13 19:30:00,34.471,34.473,34.455,34.464
2023-03-13 20:00:00,34.465,34.474,34.461,34.471
2023-03-13 20:30:00,34.471,34.524,34.471,34.521
2023-03-13 21:00:00,34.52,34.52,34.505,34.516
2023-03-13 21:30:00,34.514,34.524,34.514,34.516
2023-03-13 22:00:00,34.517,34.525,34.514,34.521
2023-03-13 22:30:00,34.521,34.564,34.521,34.555
2023-03-13 23:00:00,34.556,34.556,34.521,34.522
2023-03-13 23:30:00,34.522,34.522,34.48,34.48
2023-03-14 00:00:00,34.454,34.481,34.431,34.469
2023-03-14 00:30:00,34.457,34.475,34.457,34.466
2023-03-14 01:00:00,34.465,34.474,34.459,34.468
2023-03-14 01:30:00,34.468,34.489,34.468,34.489
2023-03-14 02:00:00,34.49,34.519,34.473,34.512
2023-03-14 02:30:00,34.509,34.53,34.497,34.525
2023-03-14 03:00:00,34.527,34.602,34.525,34.593
2023-03-14 03:30:00,34.592,34.593,34.543,34.549
2023-03-14 04:00:00,34.551,34.574,34.529,34.554
2023-03-14 04:30:00,34.556,34.636,34.555,34.623
2023-03-14 05:00:00,34.624,34.624,34.548,34.565
2023-03-14 05:30:00,34.564,34.587,34.559,34.585
2023-03-14 06:00:00,34.584,34.6,34.559,34.572
2023-03-14 06:30:00,34.571,34.582,34.508,34.531
2023-03-14 07:00:00,34.531,34.544,34.501,34.519
2023-03-14 07:30:00,34.518,34.543,34.518,34.53
2023-03-14 08:00:00,34.529,34.532,34.502,34.524
2023-03-14 08:30:00,34.525,34.535,34.511,34.511
2023-03-14 09:00:00,34.512,34.516,34.428,34.478
2023-03-14 09:30:00,34.477,34.5,34.449,34.45
2023-03-14 10:00:00,34.45,34.482,34.422,34.478
2023-03-14 10:30:00,34.478,34.483,34.449,34.449
2023-03-14 11:00:00,34.449,34.47,34.431,34.453
2023-03-14 11:30:00,34.454,34.506,34.453,34.49
2023-03-14 12:00:00,34.49,34.54,34.484,34.521
2023-03-14 12:30:00,34.522,34.535,34.498,34.511
2023-03-14 13:00:00,34.511,34.522,34.499,34.517
2023-03-14 13:30:00,34.518,34.565,34.514,34.542
2023-03-14 14:00:00,34.542,34.566,34.542,34.546
2023-03-14 14:30:00,34.546,34.559,34.52,34.521
2023-03-14 15:00:00,34.52,34.535,34.51,34.512
2023-03-14 15:30:00,34.527,34.557,34.42,34.423
2023-03-14 16:00:00,34.423,34.499,34.423,34.497
2023-03-14 16:30:00,34.498,34.616,34.492,34.611
2023-03-14 17:00:00,34.61,34.627,34.572,34.617
2023-03-14 17:30:00,34.618,34.625,34.581,34.59
2023-03-14 18:00:00,34.59,34.591,34.523,34.536
2023-03-14 18:30:00,34.538,34.564,34.495,34.563
2023-03-14 19:00:00,34.562,34.565,34.53,34.542
2023-03-14 19:30:00,34.543,34.579,34.536,34.563
2023-03-14 20:00:00,34.561,34.577,34.556,34.56
2023-03-14 20:30:00,34.56,34.577,34.558,34.574
2023-03-14 21:00:00,34.574,34.579,34.559,34.559
2023-03-14 21:30:00,34.558,34.569,34.555,34.555
2023-03-14 22:00:00,34.555,34.559,34.55,34.554
2023-03-14 22:30:00,34.555,34.559,34.55,34.555
2023-03-14 23:00:00,34.556,34.566,34.555,34.564
2023-03-14 23:30:00,34.565,34.586,34.533,34.533
2023-03-15 00:00:00,34.518,34.55,34.518,34.533
2023-03-15 00:30:00,34.54,34.545,34.53,34.54
2023-03-15 01:00:00,34.544,34.544,34.517,34.524
2023-03-15 01:30:00,34.526,34.528,34.519,34.524
2023-03-15 02:00:00,34.521,34.573,34.51,34.52
2023-03-15 02:30:00,34.521,34.551,34.521,34.549
2023-03-15 03:00:00,34.548,34.551,34.527,34.544
2023-03-15 03:30:00,34.55,34.583,34.486,34.521
2023-03-15 04:00:00,34.521,34.568,34.512,34.565
2023-03-15 04:30:00,34.565,34.606,34.544,34.549
2023-03-15 05:00:00,34.55,34.552,34.475,34.507
2023-03-15 05:30:00,34.506,34.512,34.483,34.494
2023-03-15 06:00:00,34.495,34.507,34.49,34.497
2023-03-15 06:30:00,34.496,34.508,34.475,34.507
2023-03-15 07:00:00,34.506,34.518,34.487,34.502
2023-03-15 07:30:00,34.502,34.511,34.496,34.503
2023-03-15 08:00:00,34.504,34.513,34.49,34.503
2023-03-15 08:30:00,34.504,34.515,34.487,34.498
2023-03-15 09:00:00,34.5,34.506,34.483,34.495
2023-03-15 09:30:00,34.494,34.505,34.482,34.483
2023-03-15 10:00:00,34.482,34.485,34.454,34.483
2023-03-15 10:30:00,34.483,34.58,34.478,34.547
2023-03-15 11:00:00,34.548,34.601,34.547,34.583
2023-03-15 11:30:00,34.584,34.59,34.549,34.551
2023-03-15 12:00:00,34.551,34.588,34.548,34.578
2023-03-15 12:30:00,34.577,34.635,34.567,34.611
2023-03-15 13:00:00,34.611,34.613,34.572,34.574
2023-03-15 13:30:00,34.572,34.695,34.553,34.661
2023-03-15 14:00:00,34.656,34.756,34.654,34.718
2023-03-15 14:30:00,34.718,34.727,34.684,34.698
2023-03-15 15:00:00,34.697,34.706,34.629,34.647
2023-03-15 15:30:00,34.647,34.673,34.573,34.625
2023-03-15 16:00:00,34.626,34.675,34.623,34.671
2023-03-15 16:30:00,34.67,34.715,34.54,34.547
2023-03-15 17:00:00,34.551,34.644,34.527,34.6
2023-03-15 17:30:00,34.601,34.652,34.566,34.57
2023-03-15 18:00:00,34.569,34.578,34.498,34.554
2023-03-15 18:30:00,34.555,34.615,34.553,34.574
2023-03-15 19:00:00,34.575,34.624,34.573,34.587
2023-03-15 19:30:00,34.588,34.597,34.555,34.573
2023-03-15 20:00:00,34.571,34.61,34.558,34.568
2023-03-15 20:30:00,34.567,34.599,34.563,34.598
2023-03-15 21:00:00,34.599,34.659,34.576,34.591
2023-03-15 21:30:00,34.592,34.639,34.592,34.613
2023-03-15 22:00:00,34.615,34.669,34.564,34.618
2023-03-15 22:30:00,34.618,34.62,34.595,34.595
2023-03-15 23:00:00,34.594,34.626,34.592,34.615
2023-03-15 23:30:00,34.615,34.617,34.591,34.596
2023-03-16 00:00:00,34.596,34.596,34.525,34.552
2023-03-16 00:30:00,34.549,34.556,34.503,34.503
2023-03-16 01:00:00,34.549,34.58,34.546,34.58
2023-03-16 01:30:00,34.567,34.58,34.563,34.573
2023-03-16 02:00:00,34.517,34.577,34.466,34.575
2023-03-16 02:30:00,34.575,34.598,34.544,34.592
2023-03-16 03:00:00,34.593,34.624,34.587,34.606
2023-03-16 03:30:00,34.607,34.609,34.514,34.541
2023-03-16 04:00:00,34.542,34.571,34.522,34.524
2023-03-16 04:30:00,34.524,34.539,34.5,34.513
2023-03-16 05:00:00,34.514,34.529,34.463,34.486
2023-03-16 05:30:00,34.485,34.516,34.463,34.51
2023-03-16 06:00:00,34.509,34.533,34.478,34.486
2023-03-16 06:30:00,34.486,34.52,34.482,34.501
2023-03-16 07:00:00,34.502,34.517,34.486,34.514
2023-03-16 07:30:00,34.515,34.517,34.488,34.49
2023-03-16 08:00:00,34.491,34.497,34.468,34.473
2023-03-16 08:30:00,34.472,34.485,34.464,34.482
2023-03-16 09:00:00,34.482,34.514,34.48,34.505
2023-03-16 09:30:00,34.505,34.511,34.485,34.485
2023-03-16 10:00:00,34.489,34.547,34.484,34.531
2023-03-16 10:30:00,34.53,34.531,34.465,34.477
2023-03-16 11:00:00,34.476,34.491,34.462,34.488
2023-03-16 11:30:00,34.487,34.492,34.442,34.473
2023-03-16 12:00:00,34.473,34.477,34.44,34.446
2023-03-16 12:30:00,34.447,34.453,34.385,34.407
2023-03-16 13:00:00,34.406,34.418,34.403,34.417
2023-03-16 13:30:00,34.417,34.431,34.411,34.411
2023-03-16 14:00:00,34.412,34.431,34.402,34.422
2023-03-16 14:30:00,34.422,34.423,34.37,34.373
2023-03-16 15:00:00,34.372,34.402,34.369,34.376
2023-03-16 15:30:00,34.383,34.422,34.367,34.408
2023-03-16 16:00:00,34.408,34.431,34.38,34.421
2023-03-16 16:30:00,34.418,34.459,34.348,34.365
2023-03-16 17:00:00,34.364,34.376,34.35,34.369
2023-03-16 17:30:00,34.37,34.381,34.352,34.357
2023-03-16 18:00:00,34.357,34.379,34.341,34.37
2023-03-16 18:30:00,34.37,34.412,34.367,34.41
2023-03-16 19:00:00,34.411,34.449,34.373,34.377
2023-03-16 19:30:00,34.38,34.436,34.375,34.418
2023-03-16 20:00:00,34.418,34.418,34.401,34.412
2023-03-16 20:30:00,34.412,34.453,34.409,34.445
2023-03-16 21:00:00,34.445,34.45,34.444,34.445
2023-03-16 21:30:00,34.445,34.5,34.413,34.464
2023-03-16 22:00:00,34.464,34.473,34.457,34.465
2023-03-16 22:30:00,34.464,34.466,34.408,34.441
2023-03-16 23:00:00,34.441,34.442,34.437,34.438
2023-03-16 23:30:00,34.423,34.428,34.345,34.369
2023-03-17 00:00:00,34.285,34.369,34.285,34.369
2023-03-17 00:30:00,34.369,34.371,34.366,34.37
2023-03-17 01:00:00,34.37,34.375,34.359,34.37
2023-03-17 01:30:00,34.37,34.38,34.367,34.38
2023-03-17 02:00:00,34.352,34.385,34.29,34.382
2023-03-17 02:30:00,34.382,34.409,34.379,34.4
2023-03-17 03:00:00,34.397,34.403,34.347,34.369
2023-03-17 03:30:00,34.37,34.4,34.361,34.366
2023-03-17 04:00:00,34.366,34.419,34.322,34.346
2023-03-17 04:30:00,34.342,34.363,34.325,34.348
2023-03-17 05:00:00,34.349,34.354,34.333,34.35
2023-03-17 05:30:00,34.35,34.35,34.287,34.308
2023-03-17 06:00:00,34.307,34.313,34.18,34.201
2023-03-17 06:30:00,34.203,34.217,34.168,34.169
2023-03-17 07:00:00,34.172,34.204,34.169,34.199
2023-03-17 07:30:00,34.2,34.214,34.188,34.188
2023-03-17 08:00:00,34.187,34.189,34.151,34.178
2023-03-17 08:30:00,34.177,34.227,34.173,34.217
2023-03-17 09:00:00,34.218,34.255,34.212,34.224
2023-03-17 09:30:00,34.224,34.24,34.182,34.182
2023-03-17 10:00:00,34.181,34.194,34.161,34.179
2023-03-17 10:30:00,34.179,34.182,34.13,34.151
2023-03-17 11:00:00,34.152,34.208,34.12,34.202
2023-03-17 11:30:00,34.204,34.266,34.201,34.262
2023-03-17 12:00:00,34.262,34.265,34.196,34.21
2023-03-17 12:30:00,34.211,34.234,34.16,34.226
2023-03-17 13:00:00,34.226,34.276,34.219,34.234
2023-03-17 13:30:00,34.235,34.235,34.215,34.217
2023-03-17 14:00:00,34.216,34.219,34.167,34.19
2023-03-17 14:30:00,34.19,34.195,34.178,34.184
2023-03-17 15:00:00,34.184,34.189,34.143,34.157
2023-03-17 15:30:00,34.157,34.157,34.108,34.13
2023-03-17 16:00:00,34.13,34.133,34.112,34.125
2023-03-17 16:30:00,34.124,34.137,34.11,34.113
2023-03-17 17:00:00,34.109,34.125,34.095,34.099
2023-03-17 17:30:00,34.099,34.105,34.072,34.097
2023-03-17 18:00:00,34.095,34.096,34.063,34.065
2023-03-17 18:30:00,34.064,34.077,34.051,34.065
2023-03-17 19:00:00,34.066,34.068,34.033,34.04
2023-03-17 19:30:00,34.039,34.093,34.034,34.055
2023-03-17 20:00:00,34.053,34.056,34.031,34.034
2023-03-17 20:30:00,34.034,34.04,34.028,34.034
2023-03-17 21:00:00,34.035,34.036,34.027,34.032
2023-03-17 21:30:00,34.033,34.046,34.026,34.035
2023-03-17 22:00:00,34.035,34.07,34.017,34.07
2023-03-17 22:30:00,34.069,34.096,34.069,34.095
2023-03-17 23:00:00,34.096,34.096,34.021,34.056
2023-03-17 23:30:00,34.056,34.057,33.964,33.964
2023-03-20 00:00:00,34.105,34.106,33.954,34.005
2023-03-20 00:30:00,34.007,34.013,33.999,34.008
2023-03-20 01:00:00,34.009,34.015,34.008,34.011
2023-03-20 01:30:00,34.012,34.068,34.007,34.066
2023-03-20 02:00:00,34.049,34.07,34.014,34.065
2023-03-20 02:30:00,34.066,34.1,34.057,34.09
2023-03-20 03:00:00,34.092,34.093,34.058,34.062
2023-03-20 03:30:00,34.064,34.068,34.006,34.01
2023-03-20 04:00:00,34.013,34.034,33.993,34.002
2023-03-20 04:30:00,34.003,34.062,33.998,34.047
2023-03-20 05:00:00,34.047,34.05,34.028,34.043
2023-03-20 05:30:00,34.042,34.06,34.01,34.037
2023-03-20 06:00:00,34.038,34.098,34.037,34.093
2023-03-20 06:30:00,34.093,34.104,34.078,34.101
2023-03-20 07:00:00,34.1,34.132,34.092,34.094
2023-03-20 07:30:00,34.094,34.171,34.087,34.171
2023-03-20 08:00:00,34.171,34.172,34.121,34.124
2023-03-20 08:30:00,34.125,34.164,34.11,34.114
2023-03-20 09:00:00,34.115,34.137,34.102,34.122
2023-03-20 09:30:00,34.121,34.139,34.069,34.071
2023-03-20 10:00:00,34.07,34.083,34.048,34.051
2023-03-20 10:30:00,34.052,34.097,34.034,34.081
2023-03-20 11:00:00,34.079,34.104,34.064,34.096
2023-03-20 11:30:00,34.1,34.103,34.072,34.085
2023-03-20 12:00:00,34.086,34.146,34.08,34.139
2023-03-20 12:30:00,34.14,34.142,34.102,34.11
2023-03-20 13:00:00,34.11,34.111,34.07,34.08
2023-03-20 13:30:00,34.08,34.104,34.076,34.083
2023-03-20 14:00:00,34.083,34.094,34.059,34.076
2023-03-20 14:30:00,34.077,34.086,34.053,34.053
2023-03-20 15:00:00,34.054,34.054,34.031,34.045
2023-03-20 15:30:00,34.046,34.093,34.043,34.09
2023-03-20 16:00:00,34.09,34.09,34.047,34.054
2023-03-20 16:30:00,34.053,34.057,34.041,34.051
2023-03-20 17:00:00,34.05,34.111,34.047,34.102
2023-03-20 17:30:00,34.103,34.12,34.085,34.101
2023-03-20 18:00:00,34.097,34.122,34.092,34.119
2023-03-20 18:30:00,34.118,34.144,34.116,34.142
2023-03-20 19:00:00,34.142,34.148,34.132,34.139
2023-03-20 19:30:00,34.14,34.143,34.102,34.103
2023-03-20 20:00:00,34.102,34.131,34.101,34.129
2023-03-20 20:30:00,34.128,34.134,34.118,34.127
2023-03-20 21:00:00,34.126,34.132,34.114,34.123
2023-03-20 21:30:00,34.115,34.115,34.096,34.096
2023-03-20 22:00:00,34.096,34.1,34.095,34.096
2023-03-20 22:30:00,34.097,34.097,34.094,34.094
2023-03-20 23:00:00,34.097,34.097,34.082,34.082
2023-03-20 23:30:00,34.082,34.096,34.057,34.057
2023-03-21 00:00:00,34.051,34.058,34.047,34.051
2023-03-21 00:30:00,34.056,34.061,34.05,34.05
2023-03-21 01:00:00,34.051,34.067,34.051,34.062
2023-03-21 01:30:00,34.062,34.07,34.062,34.065
2023-03-21 02:00:00,34.065,34.089,34.046,34.05
2023-03-21 02:30:00,34.049,34.09,34.042,34.042
2023-03-21 03:00:00,34.041,34.054,34.022,34.026
2023-03-21 03:30:00,34.025,34.045,34.023,34.035
2023-03-21 04:00:00,34.036,34.047,34.01,34.041
2023-03-21 04:30:00,34.042,34.077,34.038,34.077
2023-03-21 05:00:00,34.078,34.094,34.06,34.083
2023-03-21 05:30:00,34.082,34.162,34.076,34.151
2023-03-21 06:00:00,34.152,34.158,34.121,34.124
2023-03-21 06:30:00,34.125,34.167,34.121,34.166
2023-03-21 07:00:00,34.166,34.253,34.156,34.244
2023-03-21 07:30:00,34.246,34.273,34.228,34.258
2023-03-21 08:00:00,34.257,34.281,34.246,34.262
2023-03-21 08:30:00,34.262,34.267,34.247,34.248
2023-03-21 09:00:00,34.249,34.279,34.23,34.274
2023-03-21 09:30:00,34.274,34.325,34.271,34.284
2023-03-21 10:00:00,34.285,34.302,34.253,34.259
2023-03-21 10:30:00,34.259,34.262,34.221,34.261
2023-03-21 11:00:00,34.263,34.283,34.255,34.259
2023-03-21 11:30:00,34.259,34.282,34.255,34.277
2023-03-21 12:00:00,34.278,34.316,34.269,34.31
2023-03-21 12:30:00,34.313,34.342,34.287,34.324
2023-03-21 13:00:00,34.324,34.326,34.305,34.32
2023-03-21 13:30:00,34.321,34.323,34.291,34.291
2023-03-21 14:00:00,34.29,34.29,34.224,34.234
2023-03-21 14:30:00,34.234,34.246,34.218,34.244
2023-03-21 15:00:00,34.245,34.275,34.235,34.271
2023-03-21 15:30:00,34.271,34.276,34.255,34.273
2023-03-21 16:00:00,34.273,34.287,34.247,34.269
2023-03-21 16:30:00,34.269,34.367,34.252,34.344
2023-03-21 17:00:00,34.345,34.442,34.343,34.427
2023-03-21 17:30:00,34.426,34.439,34.413,34.426
2023-03-21 18:00:00,34.424,34.428,34.393,34.421
2023-03-21 18:30:00,34.42,34.436,34.42,34.429
2023-03-21 19:00:00,34.429,34.446,34.423,34.437
2023-03-21 19:30:00,34.438,34.461,34.419,34.428
2023-03-21 20:00:00,34.424,34.492,34.422,34.49
2023-03-21 20:30:00,34.491,34.491,34.472,34.477
2023-03-21 21:00:00,34.478,34.48,34.467,34.468
2023-03-21 21:30:00,34.468,34.484,34.465,34.473
2023-03-21 22:00:00,34.473,34.473,34.459,34.463
2023-03-21 22:30:00,34.464,34.47,34.461,34.467
2023-03-21 23:00:00,34.468,34.484,34.46,34.461
2023-03-21 23:30:00,34.461,34.461,34.439,34.439
2023-03-22 00:00:00,34.376,34.413,34.376,34.412
2023-03-22 00:30:00,34.413,34.416,34.412,34.414
2023-03-22 01:00:00,34.416,34.43,34.413,34.43
2023-03-22 01:30:00,34.429,34.453,34.427,34.432
2023-03-22 02:00:00,34.434,34.442,34.429,34.437
2023-03-22 02:30:00,34.439,34.456,34.414,34.418
2023-03-22 03:00:00,34.421,34.476,34.418,34.473
2023-03-22 03:30:00,34.473,34.525,34.473,34.486
2023-03-22 04:00:00,34.487,34.543,34.472,34.531
2023-03-22 04:30:00,34.533,34.561,34.512,34.541
2023-03-22 05:00:00,34.536,34.547,34.493,34.516
2023-03-22 05:30:00,34.516,34.538,34.508,34.518
2023-03-22 06:00:00,34.517,34.528,34.423,34.452
2023-03-22 06:30:00,34.451,34.455,34.361,34.434
2023-03-22 07:00:00,34.433,34.438,34.366,34.389
2023-03-22 07:30:00,34.388,34.427,34.388,34.422
2023-03-22 08:00:00,34.423,34.438,34.394,34.4
2023-03-22 08:30:00,34.401,34.42,34.374,34.382
2023-03-22 09:00:00,34.381,34.406,34.379,34.4
2023-03-22 09:30:00,34.401,34.429,34.396,34.418
2023-03-22 10:00:00,34.417,34.479,34.412,34.478
2023-03-22 10:30:00,34.479,34.494,34.429,34.434
2023-03-22 11:00:00,34.433,34.45,34.411,34.413
2023-03-22 11:30:00,34.413,34.417,34.384,34.387
2023-03-22 12:00:00,34.388,34.404,34.372,34.402
2023-03-22 12:30:00,34.403,34.451,34.388,34.431
2023-03-22 13:00:00,34.43,34.445,34.4,34.405
2023-03-22 13:30:00,34.409,34.415,34.381,34.397
2023-03-22 14:00:00,34.395,34.413,34.382,34.387
2023-03-22 14:30:00,34.388,34.394,34.379,34.386
2023-03-22 15:00:00,34.386,34.393,34.385,34.392
2023-03-22 15:30:00,34.391,34.407,34.374,34.401
2023-03-22 16:00:00,34.402,34.405,34.398,34.402
2023-03-22 16:30:00,34.403,34.425,34.401,34.424
2023-03-22 17:00:00,34.424,34.424,34.396,34.401
2023-03-22 17:30:00,34.4,34.419,34.371,34.377
2023-03-22 18:00:00,34.378,34.394,34.376,34.393
2023-03-22 18:30:00,34.394,34.421,34.394,34.405
2023-03-22 19:00:00,34.405,34.425,34.402,34.419
2023-03-22 19:30:00,34.418,34.42,34.399,34.402
2023-03-22 20:00:00,34.403,34.417,34.4,34.402
2023-03-22 20:30:00,34.401,34.404,34.381,34.389
2023-03-22 21:00:00,34.386,34.388,34.255,34.271
2023-03-22 21:30:00,34.271,34.277,34.106,34.144
2023-03-22 22:00:00,34.145,34.252,34.119,34.142
2023-03-22 22:30:00,34.143,34.21,34.14,34.17
2023-03-22 23:00:00,34.169,34.215,34.152,34.213
2023-03-22 23:30:00,34.213,34.22,34.198,34.198
2023-03-23 00:00:00,34.192,34.192,34.163,34.175
2023-03-23 00:30:00,34.174,34.177,34.112,34.133
2023-03-23 01:00:00,34.143,34.153,34.13,34.153
2023-03-23 01:30:00,34.151,34.166,34.151,34.159
2023-03-23 02:00:00,34.177,34.213,34.084,34.173
2023-03-23 02:30:00,34.177,34.224,34.177,34.207
2023-03-23 03:00:00,34.21,34.222,34.176,34.197
2023-03-23 03:30:00,34.198,34.203,34.149,34.171
2023-03-23 04:00:00,34.171,34.192,34.13,34.189
2023-03-23 04:30:00,34.191,34.232,34.165,34.175
2023-03-23 05:00:00,34.176,34.189,34.107,34.121
2023-03-23 05:30:00,34.12,34.129,34.082,34.112
2023-03-23 06:00:00,34.113,34.125,34.081,34.09
2023-03-23 06:30:00,34.09,34.12,34.087,34.102
2023-03-23 07:00:00,34.102,34.134,34.096,34.104
2023-03-23 07:30:00,34.105,34.124,34.087,34.092
2023-03-23 08:00:00,34.093,34.113,34.087,34.093
2023-03-23 08:30:00,34.094,34.099,34.067,34.097
2023-03-23 09:00:00,34.097,34.099,34.026,34.041
2023-03-23 09:30:00,34.042,34.113,34.042,34.109
2023-03-23 10:00:00,34.11,34.125,34.042,34.049
2023-03-23 10:30:00,34.052,34.142,34.052,34.112
2023-03-23 11:00:00,34.108,34.114,34.084,34.102
2023-03-23 11:30:00,34.103,34.103,34.071,34.087
2023-03-23 12:00:00,34.088,34.121,34.074,34.087
2023-03-23 12:30:00,34.087,34.095,34.064,34.068
2023-03-23 13:00:00,34.069,34.101,34.064,34.101
2023-03-23 13:30:00,34.103,34.103,34.088,34.097
2023-03-23 14:00:00,34.097,34.119,34.071,34.092
2023-03-23 14:30:00,34.09,34.107,34.081,34.085
2023-03-23 15:00:00,34.087,34.104,34.06,34.064
2023-03-23 15:30:00,34.064,34.156,34.061,34.142
2023-03-23 16:00:00,34.143,34.148,34.066,34.072
2023-03-23 16:30:00,34.071,34.088,34.049,34.053
2023-03-23 17:00:00,34.052,34.068,34.047,34.053
2023-03-23 17:30:00,34.052,34.071,34.039,34.046
2023-03-23 18:00:00,34.047,34.052,34.017,34.023
2023-03-23 18:30:00,34.022,34.035,34.009,34.029
2023-03-23 19:00:00,34.029,34.051,34.019,34.027
2023-03-23 19:30:00,34.029,34.036,33.988,33.991
2023-03-23 20:00:00,33.991,34.036,33.989,34.006
2023-03-23 20:30:00,34.008,34.018,33.919,33.943
2023-03-23 21:00:00,33.944,33.974,33.904,33.957
2023-03-23 21:30:00,33.958,33.994,33.94,33.99
2023-03-23 22:00:00,33.99,34.048,33.936,34.047
2023-03-23 22:30:00,34.048,34.06,34.022,34.027
2023-03-23 23:00:00,34.028,34.036,34.027,34.036
2023-03-23 23:30:00,34.036,34.045,34.011,34.014
2023-03-24 00:00:00,34.011,34.011,33.928,33.933
2023-03-24 00:30:00,33.879,33.955,33.879,33.955
2023-03-24 01:00:00,33.953,34.004,33.919,34.004
2023-03-24 01:30:00,34.005,34.036,34.005,34.033
2023-03-24 02:00:00,34.035,34.044,33.994,33.997
2023-03-24 02:30:00,33.996,34.05,33.996,34.05
2023-03-24 03:00:00,34.049,34.103,34.048,34.075
2023-03-24 03:30:00,34.074,34.103,34.04,34.042
2023-03-24 04:00:00,34.041,34.085,34.028,34.074
2023-03-24 04:30:00,34.075,34.137,34.073,34.1
2023-03-24 05:00:00,34.1,34.119,34.081,34.114
2023-03-24 05:30:00,34.115,34.153,34.115,34.136
2023-03-24 06:00:00,34.137,34.151,34.109,34.118
2023-03-24 06:30:00,34.117,34.122,34.098,34.11
2023-03-24 07:00:00,34.112,34.119,34.098,34.104
2023-03-24 07:30:00,34.103,34.127,34.099,34.102
2023-03-24 08:00:00,34.103,34.113,34.089,34.091
2023-03-24 08:30:00,34.092,34.113,34.077,34.101
2023-03-24 09:00:00,34.102,34.115,34.102,34.106
2023-03-24 09:30:00,34.106,34.115,34.089,34.094
2023-03-24 10:00:00,34.093,34.104,34.081,34.088
2023-03-24 10:30:00,34.087,34.091,34.039,34.053
2023-03-24 11:00:00,34.053,34.122,34.053,34.104
2023-03-24 11:30:00,34.103,34.146,34.074,34.122
2023-03-24 12:00:00,34.122,34.132,34.105,34.115
2023-03-24 12:30:00,34.116,34.171,34.11,34.144
2023-03-24 13:00:00,34.143,34.15,34.106,34.133
2023-03-24 13:30:00,34.132,34.144,34.115,34.123
2023-03-24 14:00:00,34.124,34.157,34.123,34.132
2023-03-24 14:30:00,34.132,34.151,34.128,34.15
2023-03-24 15:00:00,34.149,34.29,34.149,34.165
2023-03-24 15:30:00,34.158,34.252,34.155,34.23
2023-03-24 16:00:00,34.231,34.231,34.185,34.185
2023-03-24 16:30:00,34.186,34.213,34.081,34.197
2023-03-24 17:00:00,34.196,34.242,34.191,34.219
2023-03-24 17:30:00,34.22,34.226,34.214,34.224
2023-03-24 18:00:00,34.221,34.223,34.189,34.198
2023-03-24 18:30:00,34.198,34.208,34.194,34.195
2023-03-24 19:00:00,34.195,34.209,34.194,34.203
2023-03-24 19:30:00,34.205,34.215,34.202,34.206
2023-03-24 20:00:00,34.204,34.217,34.199,34.216
2023-03-24 20:30:00,34.216,34.223,34.214,34.217
2023-03-24 21:00:00,34.219,34.219,34.204,34.208
2023-03-24 21:30:00,34.208,34.209,34.204,34.204
2023-03-24 22:00:00,34.204,34.205,34.191,34.192
2023-03-24 22:30:00,34.193,34.199,34.184,34.199
2023-03-24 23:00:00,34.198,34.204,34.189,34.204
2023-03-24 23:30:00,34.205,34.205,34.174,34.204
2023-03-27 00:00:00,34.202,34.269,34.171,34.176
2023-03-27 00:30:00,34.175,34.179,34.173,34.173
2023-03-27 01:00:00,34.176,34.179,34.168,34.171
2023-03-27 01:30:00,34.171,34.177,34.17,34.173
2023-03-27 02:00:00,34.173,34.176,34.145,34.165
2023-03-27 02:30:00,34.164,34.2,34.162,34.196
2023-03-27 03:00:00,34.195,34.266,34.195,34.259
2023-03-27 03:30:00,34.261,34.264,34.195,34.246
2023-03-27 04:00:00,34.245,34.245,34.189,34.211
2023-03-27 04:30:00,34.211,34.294,34.211,34.266
2023-03-27 05:00:00,34.262,34.274,34.247,34.259
2023-03-27 05:30:00,34.261,34.284,34.253,34.258
2023-03-27 06:00:00,34.256,34.271,34.234,34.265
2023-03-27 06:30:00,34.265,34.274,34.231,34.268
2023-03-27 07:00:00,34.267,34.324,34.262,34.319
2023-03-27 07:30:00,34.318,34.353,34.316,34.342
2023-03-27 08:00:00,34.342,34.361,34.333,34.341
2023-03-27 08:30:00,34.34,34.341,34.315,34.333
2023-03-27 09:00:00,34.334,34.408,34.32,34.384
2023-03-27 09:30:00,34.385,34.398,34.35,34.352
2023-03-27 10:00:00,34.352,34.393,34.34,34.387
2023-03-27 10:30:00,34.387,34.421,34.381,34.401
2023-03-27 11:00:00,34.402,34.406,34.376,34.388
2023-03-27 11:30:00,34.388,34.397,34.372,34.383
2023-03-27 12:00:00,34.383,34.423,34.379,34.416
2023-03-27 12:30:00,34.416,34.444,34.413,34.444
2023-03-27 13:00:00,34.446,34.474,34.444,34.457
2023-03-27 13:30:00,34.456,34.467,34.445,34.454
2023-03-27 14:00:00,34.455,34.467,34.445,34.448
2023-03-27 14:30:00,34.447,34.449,34.402,34.403
2023-03-27 15:00:00,34.403,34.427,34.393,34.406
2023-03-27 15:30:00,34.407,34.477,34.405,34.468
2023-03-27 16:00:00,34.468,34.47,34.451,34.453
2023-03-27 16:30:00,34.454,34.465,34.439,34.445
2023-03-27 17:00:00,34.447,34.465,34.401,34.415
2023-03-27 17:30:00,34.415,34.449,34.412,34.441
2023-03-27 18:00:00,34.441,34.445,34.418,34.423
2023-03-27 18:30:00,34.422,34.428,34.418,34.421
2023-03-27 19:00:00,34.421,34.421,34.403,34.407
2023-03-27 19:30:00,34.406,34.421,34.402,34.41
2023-03-27 20:00:00,34.41,34.423,34.406,34.407
2023-03-27 20:30:00,34.408,34.421,34.406,34.415
2023-03-27 21:00:00,34.415,34.421,34.415,34.419
2023-03-27 21:30:00,34.419,34.42,34.409,34.41
2023-03-27 22:00:00,34.409,34.412,34.408,34.408
2023-03-27 22:30:00,34.409,34.412,34.408,34.409
2023-03-27 23:00:00,34.41,34.411,34.407,34.41
2023-03-27 23:30:00,34.408,34.449,34.402,34.407
2023-03-28 00:00:00,34.407,34.412,34.39,34.399
2023-03-28 00:30:00,34.398,34.4,34.396,34.399
2023-03-28 01:00:00,34.399,34.409,34.398,34.404
2023-03-28 01:30:00,34.406,34.412,34.404,34.411
2023-03-28 02:00:00,34.412,34.421,34.412,34.417
2023-03-28 02:30:00,34.417,34.417,34.391,34.391
2023-03-28 03:00:00,34.392,34.404,34.366,34.378
2023-03-28 03:30:00,34.378,34.381,34.334,34.347
2023-03-28 04:00:00,34.346,34.354,34.31,34.312
2023-03-28 04:30:00,34.312,34.334,34.283,34.327
2023-03-28 05:00:00,34.325,34.349,34.299,34.299
2023-03-28 05:30:00,34.299,34.311,34.269,34.293
2023-03-28 06:00:00,34.292,34.293,34.273,34.277
2023-03-28 06:30:00,34.277,34.299,34.27,34.281
2023-03-28 07:00:00,34.282,34.315,34.274,34.296
2023-03-28 07:30:00,34.297,34.308,34.29,34.299
2023-03-28 08:00:00,34.3,34.305,34.269,34.27
2023-03-28 08:30:00,34.271,34.272,34.233,34.268
2023-03-28 09:00:00,34.27,34.301,34.263,34.293
2023-03-28 09:30:00,34.294,34.314,34.274,34.283
2023-03-28 10:00:00,34.282,34.288,34.252,34.258
2023-03-28 10:30:00,34.257,34.287,34.253,34.285
2023-03-28 11:00:00,34.286,34.294,34.272,34.287
2023-03-28 11:30:00,34.288,34.294,34.274,34.284
2023-03-28 12:00:00,34.286,34.286,34.261,34.28
2023-03-28 12:30:00,34.28,34.299,34.28,34.285
2023-03-28 13:00:00,34.286,34.288,34.269,34.276
2023-03-28 13:30:00,34.276,34.29,34.276,34.283
2023-03-28 14:00:00,34.283,34.283,34.27,34.271
2023-03-28 14:30:00,34.272,34.273,34.261,34.265
2023-03-28 15:00:00,34.266,34.27,34.208,34.238
2023-03-28 15:30:00,34.239,34.259,34.223,34.244
2023-03-28 16:00:00,34.244,34.255,34.228,34.238
2023-03-28 16:30:00,34.237,34.259,34.23,34.248
2023-03-28 17:00:00,34.246,34.264,34.24,34.245
2023-03-28 17:30:00,34.246,34.256,34.23,34.246
2023-03-28 18:00:00,34.245,34.25,34.234,34.234
2023-03-28 18:30:00,34.233,34.238,34.214,34.232
2023-03-28 19:00:00,34.231,34.239,34.211,34.235
2023-03-28 19:30:00,34.234,34.259,34.234,34.244
2023-03-28 20:00:00,34.243,34.244,34.233,34.236
2023-03-28 20:30:00,34.237,34.241,34.218,34.23
2023-03-28 21:00:00,34.231,34.244,34.229,34.242
2023-03-28 21:30:00,34.243,34.243,34.228,34.234
2023-03-28 22:00:00,34.232,34.235,34.227,34.229
2023-03-28 22:30:00,34.228,34.231,34.218,34.229
2023-03-28 23:00:00,34.23,34.238,34.227,34.232
2023-03-28 23:30:00,34.234,34.27,34.22,34.22
2023-03-29 00:00:00,34.216,34.22,34.21,34.21
2023-03-29 00:30:00,34.204,34.218,34.203,34.217
2023-03-29 01:00:00,34.217,34.227,34.212,34.223
2023-03-29 01:30:00,34.223,34.227,34.223,34.223
2023-03-29 02:00:00,34.226,34.246,34.223,34.237
2023-03-29 02:30:00,34.238,34.242,34.221,34.223
2023-03-29 03:00:00,34.225,34.232,34.211,34.218
2023-03-29 03:30:00,34.218,34.26,34.218,34.243
2023-03-29 04:00:00,34.242,34.255,34.231,34.24
2023-03-29 04:30:00,34.241,34.268,34.237,34.26
2023-03-29 05:00:00,34.261,34.304,34.248,34.303
2023-03-29 05:30:00,34.302,34.343,34.295,34.342
2023-03-29 06:00:00,34.341,34.348,34.317,34.347
2023-03-29 06:30:00,34.346,34.355,34.312,34.322
2023-03-29 07:00:00,34.321,34.328,34.31,34.315
2023-03-29 07:30:00,34.314,34.326,34.298,34.298
2023-03-29 08:00:00,34.297,34.298,34.274,34.294
2023-03-29 08:30:00,34.293,34.307,34.281,34.305
2023-03-29 09:00:00,34.305,34.337,34.305,34.325
2023-03-29 09:30:00,34.325,34.332,34.27,34.296
2023-03-29 10:00:00,34.296,34.308,34.256,34.26
2023-03-29 10:30:00,34.261,34.262,34.171,34.185
2023-03-29 11:00:00,34.184,34.22,34.184,34.209
2023-03-29 11:30:00,34.209,34.235,34.203,34.213
2023-03-29 12:00:00,34.211,34.211,34.179,34.183
2023-03-29 12:30:00,34.182,34.183,34.121,34.133
2023-03-29 13:00:00,34.133,34.172,34.133,34.165
2023-03-29 13:30:00,34.164,34.169,34.142,34.145
2023-03-29 14:00:00,34.145,34.166,34.144,34.162
2023-03-29 14:30:00,34.163,34.187,34.147,34.169
2023-03-29 15:00:00,34.168,34.231,34.161,34.201
2023-03-29 15:30:00,34.201,34.218,34.181,34.19
2023-03-29 16:00:00,34.189,34.223,34.183,34.203
2023-03-29 16:30:00,34.204,34.211,34.14,34.162
2023-03-29 17:00:00,34.161,34.171,34.131,34.146
2023-03-29 17:30:00,34.147,34.164,34.141,34.162
2023-03-29 18:00:00,34.161,34.188,34.161,34.18
2023-03-29 18:30:00,34.179,34.212,34.178,34.21
2023-03-29 19:00:00,34.209,34.213,34.195,34.207
2023-03-29 19:30:00,34.206,34.211,34.204,34.209
2023-03-29 20:00:00,34.208,34.212,34.2,34.204
2023-03-29 20:30:00,34.204,34.205,34.203,34.204
2023-03-29 21:00:00,34.204,34.208,34.201,34.202
2023-03-29 21:30:00,34.205,34.209,34.193,34.194
2023-03-29 22:00:00,34.194,34.201,34.185,34.19
2023-03-29 22:30:00,34.191,34.199,34.188,34.195
2023-03-29 23:00:00,34.196,34.204,34.189,34.191
2023-03-29 23:30:00,34.192,34.196,34.182,34.188
2023-03-30 00:00:00,34.191,34.191,34.143,34.149
2023-03-30 00:30:00,34.148,34.152,34.145,34.147
2023-03-30 01:00:00,34.143,34.157,34.143,34.155
2023-03-30 01:30:00,34.155,34.158,34.153,34.155
2023-03-30 02:00:00,34.155,34.178,34.155,34.163
2023-03-30 02:30:00,34.165,34.17,34.162,34.169
2023-03-30 03:00:00,34.173,34.208,34.155,34.201
2023-03-30 03:30:00,34.202,34.228,34.19,34.219
2023-03-30 04:00:00,34.22,34.264,34.219,34.252
2023-03-30 04:30:00,34.252,34.298,34.246,34.268
2023-03-30 05:00:00,34.268,34.314,34.261,34.296
2023-03-30 05:30:00,34.294,34.34,34.293,34.324
2023-03-30 06:00:00,34.324,34.332,34.253,34.276
2023-03-30 06:30:00,34.277,34.287,34.254,34.284
2023-03-30 07:00:00,34.285,34.289,34.254,34.258
2023-03-30 07:30:00,34.258,34.265,34.238,34.25
2023-03-30 08:00:00,34.249,34.261,34.24,34.246
2023-03-30 08:30:00,34.245,34.264,34.24,34.245
2023-03-30 09:00:00,34.245,34.249,34.188,34.226
2023-03-30 09:30:00,34.225,34.241,34.213,34.239
2023-03-30 10:00:00,34.24,34.271,34.237,34.258
2023-03-30 10:30:00,34.258,34.266,34.23,34.244
2023-03-30 11:00:00,34.243,34.248,34.231,34.242
2023-03-30 11:30:00,34.243,34.244,34.204,34.208
2023-03-30 12:00:00,34.207,34.246,34.206,34.242
2023-03-30 12:30:00,34.243,34.25,34.229,34.246
2023-03-30 13:00:00,34.247,34.254,34.227,34.229
2023-03-30 13:30:00,34.228,34.233,34.217,34.226
2023-03-30 14:00:00,34.226,34.238,34.221,34.235
2023-03-30 14:30:00,34.234,34.245,34.232,34.234
2023-03-30 15:00:00,34.234,34.235,34.197,34.197
2023-03-30 15:30:00,34.194,34.203,34.174,34.182
2023-03-30 16:00:00,34.182,34.194,34.175,34.179
2023-03-30 16:30:00,34.18,34.2,34.164,34.197
2023-03-30 17:00:00,34.197,34.218,34.187,34.188
2023-03-30 17:30:00,34.19,34.193,34.176,34.183
2023-03-30 18:00:00,34.182,34.195,34.181,34.188
2023-03-30 18:30:00,34.187,34.194,34.179,34.182
2023-03-30 19:00:00,34.182,34.183,34.141,34.141
2023-03-30 19:30:00,34.142,34.142,34.097,34.109
2023-03-30 20:00:00,34.111,34.115,34.107,34.111
2023-03-30 20:30:00,34.112,34.128,34.106,34.121
2023-03-30 21:00:00,34.125,34.147,34.124,34.133
2023-03-30 21:30:00,34.134,34.138,34.118,34.121
2023-03-30 22:00:00,34.122,34.124,34.117,34.12
2023-03-30 22:30:00,34.123,34.132,34.116,34.13
2023-03-30 23:00:00,34.129,34.129,34.099,34.106
2023-03-30 23:30:00,34.105,34.122,34.062,34.062
2023-03-31 00:00:00,34.062,34.101,34.033,34.08
2023-03-31 00:30:00,34.081,34.093,34.078,34.09
2023-03-31 01:00:00,34.089,34.124,34.089,34.11
2023-03-31 01:30:00,34.098,34.116,34.089,34.115
2023-03-31 02:00:00,34.117,34.124,34.108,34.118
2023-03-31 02:30:00,34.116,34.13,34.097,34.122
2023-03-31 03:00:00,34.121,34.17,34.108,34.168
2023-03-31 03:30:00,34.168,34.168,34.129,34.131
2023-03-31 04:00:00,34.131,34.141,34.073,34.079
2023-03-31 04:30:00,34.078,34.094,34.012,34.082
2023-03-31 05:00:00,34.082,34.094,34.052,34.054
2023-03-31 05:30:00,34.053,34.116,34.042,34.116
2023-03-31 06:00:00,34.116,34.14,34.104,34.116
2023-03-31 06:30:00,34.117,34.117,34.059,34.094
2023-03-31 07:00:00,34.092,34.094,34.073,34.086
2023-03-31 07:30:00,34.085,34.114,34.061,34.109
2023-03-31 08:00:00,34.109,34.111,34.084,34.094
2023-03-31 08:30:00,34.094,34.101,34.065,34.069
2023-03-31 09:00:00,34.066,34.091,34.066,34.091
2023-03-31 09:30:00,34.092,34.093,34.056,34.064
2023-03-31 10:00:00,34.063,34.096,34.018,34.095
2023-03-31 10:30:00,34.095,34.148,34.089,34.116
2023-03-31 11:00:00,34.117,34.184,34.116,34.178
2023-03-31 11:30:00,34.178,34.194,34.166,34.177
2023-03-31 12:00:00,34.176,34.194,34.162,34.164
2023-03-31 12:30:00,34.164,34.195,34.155,34.192
2023-03-31 13:00:00,34.192,34.203,34.18,34.198
2023-03-31 13:30:00,34.199,34.201,34.18,34.192
2023-03-31 14:00:00,34.191,34.191,34.163,34.167
2023-03-31 14:30:00,34.168,34.174,34.14,34.143
2023-03-31 15:00:00,34.142,34.151,34.129,34.129
2023-03-31 15:30:00,34.128,34.132,34.073,34.113
2023-03-31 16:00:00,34.113,34.131,34.099,34.113
2023-03-31 16:30:00,34.113,34.115,34.04,34.065
2023-03-31 17:00:00,34.067,34.111,34.043,34.089
2023-03-31 17:30:00,34.089,34.112,34.053,34.081
2023-03-31 18:00:00,34.08,34.091,34.063,34.071
2023-03-31 18:30:00,34.07,34.096,34.066,34.095
2023-03-31 19:00:00,34.094,34.106,34.091,34.103
2023-03-31 19:30:00,34.102,34.108,34.102,34.108
2023-03-31 20:00:00,34.106,34.142,34.106,34.141
2023-03-31 20:30:00,34.142,34.167,34.142,34.156
2023-03-31 21:00:00,34.157,34.176,34.152,34.175
2023-03-31 21:30:00,34.174,34.191,34.171,34.18
2023-03-31 22:00:00,34.18,34.196,34.178,34.19
2023-03-31 22:30:00,34.189,34.204,34.182,34.204
2023-03-31 23:00:00,34.202,34.214,34.197,34.202
2023-03-31 23:30:00,34.201,34.207,34.057,34.099
2023-04-03 00:00:00,34.276,34.288,34.023,34.066
2023-04-03 00:30:00,34.067,34.143,34.06,34.138
2023-04-03 01:00:00,34.135,34.151,34.135,34.151
2023-04-03 01:30:00,34.152,34.198,34.152,34.197
2023-04-03 02:00:00,34.359,34.414,34.196,34.209
2023-04-03 02:30:00,34.209,34.276,34.206,34.274
2023-04-03 03:00:00,34.274,34.286,34.253,34.272
2023-04-03 03:30:00,34.273,34.285,34.267,34.28
2023-04-03 04:00:00,34.28,34.314,34.254,34.314
2023-04-03 04:30:00,34.313,34.384,34.294,34.356
2023-04-03 05:00:00,34.357,34.37,34.322,34.343
2023-04-03 05:30:00,34.342,34.411,34.339,34.406
2023-04-03 06:00:00,34.404,34.441,34.393,34.428
2023-04-03 06:30:00,34.427,34.439,34.405,34.436
2023-04-03 07:00:00,34.435,34.443,34.404,34.419
2023-04-03 07:30:00,34.418,34.42,34.399,34.407
2023-04-03 08:00:00,34.408,34.427,34.389,34.427
2023-04-03 08:30:00,34.429,34.467,34.429,34.464
2023-04-03 09:00:00,34.463,34.467,34.431,34.441
2023-04-03 09:30:00,34.442,34.449,34.42,34.422
2023-04-03 10:00:00,34.422,34.437,34.378,34.391
2023-04-03 10:30:00,34.392,34.416,34.383,34.409
2023-04-03 11:00:00,34.408,34.439,34.401,34.427
2023-04-03 11:30:00,34.428,34.431,34.384,34.386
2023-04-03 12:00:00,34.384,34.419,34.371,34.406
2023-04-03 12:30:00,34.405,34.425,34.387,34.39
2023-04-03 13:00:00,34.389,34.391,34.356,34.378
2023-04-03 13:30:00,34.378,34.403,34.37,34.382
2023-04-03 14:00:00,34.383,34.394,34.358,34.362
2023-04-03 14:30:00,34.362,34.362,34.288,34.288
2023-04-03 15:00:00,34.283,34.318,34.282,34.303
2023-04-03 15:30:00,34.302,34.303,34.279,34.286
2023-04-03 16:00:00,34.285,34.292,34.252,34.26
2023-04-03 16:30:00,34.258,34.274,34.24,34.253
2023-04-03 17:00:00,34.252,34.253,34.162,34.191
2023-04-03 17:30:00,34.19,34.225,34.18,34.21
2023-04-03 18:00:00,34.211,34.244,34.192,34.199
2023-04-03 18:30:00,34.197,34.199,34.175,34.178
2023-04-03 19:00:00,34.178,34.192,34.164,34.188
2023-04-03 19:30:00,34.191,34.196,34.183,34.184
2023-04-03 20:00:00,34.185,34.196,34.184,34.19
2023-04-03 20:30:00,34.19,34.191,34.186,34.188
2023-04-03 21:00:00,34.187,34.195,34.186,34.195
2023-04-03 21:30:00,34.195,34.211,34.194,34.207
2023-04-03 22:00:00,34.208,34.222,34.208,34.218
2023-04-03 22:30:00,34.217,34.233,34.217,34.225
2023-04-03 23:00:00,34.225,34.226,34.208,34.213
2023-04-03 23:30:00,34.214,34.218,34.155,34.157
2023-04-04 00:00:00,34.157,34.18,34.112,34.18
2023-04-04 00:30:00,34.18,34.18,34.169,34.175
2023-04-04 01:00:00,34.174,34.192,34.173,34.191
2023-04-04 01:30:00,34.19,34.196,34.183,34.192
2023-04-04 02:00:00,34.19,34.197,34.187,34.195
2023-04-04 02:30:00,34.197,34.215,34.193,34.209
2023-04-04 03:00:00,34.215,34.222,34.161,34.162
2023-04-04 03:30:00,34.162,34.249,34.161,34.224
2023-04-04 04:00:00,34.225,34.259,34.206,34.259
2023-04-04 04:30:00,34.259,34.276,34.234,34.266
2023-04-04 05:00:00,34.266,34.274,34.246,34.261
2023-04-04 05:30:00,34.262,34.275,34.257,34.262
2023-04-04 06:00:00,34.263,34.272,34.254,34.266
2023-04-04 06:30:00,34.266,34.279,34.263,34.269
2023-04-04 07:00:00,34.269,34.303,34.267,34.291
2023-04-04 07:30:00,34.291,34.309,34.248,34.269
2023-04-04 08:00:00,34.272,34.274,34.259,34.267
2023-04-04 08:30:00,34.268,34.284,34.261,34.276
2023-04-04 09:00:00,34.276,34.292,34.253,34.256
2023-04-04 09:30:00,34.255,34.266,34.208,34.227
2023-04-04 10:00:00,34.225,34.227,34.204,34.214
2023-04-04 10:30:00,34.213,34.238,34.18,34.196
2023-04-04 11:00:00,34.196,34.217,34.178,34.208
2023-04-04 11:30:00,34.207,34.242,34.206,34.226
2023-04-04 12:00:00,34.224,34.229,34.202,34.218
2023-04-04 12:30:00,34.219,34.222,34.2,34.209
2023-04-04 13:00:00,34.21,34.232,34.21,34.222
2023-04-04 13:30:00,34.22,34.233,34.218,34.223
2023-04-04 14:00:00,34.225,34.245,34.219,34.236
2023-04-04 14:30:00,34.237,34.242,34.229,34.232
2023-04-04 15:00:00,34.231,34.249,34.231,34.24
2023-04-04 15:30:00,34.241,34.25,34.232,34.243
2023-04-04 16:00:00,34.243,34.246,34.227,34.228
2023-04-04 16:30:00,34.228,34.229,34.185,34.207
2023-04-04 17:00:00,34.207,34.207,34.047,34.053
2023-04-04 17:30:00,34.051,34.064,34.028,34.061
2023-04-04 18:00:00,34.06,34.08,34.032,34.071
2023-04-04 18:30:00,34.07,34.082,34.05,34.065
2023-04-04 19:00:00,34.062,34.065,34.034,34.056
2023-04-04 19:30:00,34.056,34.061,34.045,34.052
2023-04-04 20:00:00,34.053,34.061,34.049,34.056
2023-04-04 20:30:00,34.056,34.057,34.051,34.056
2023-04-04 21:00:00,34.056,34.057,34.05,34.055
2023-04-04 21:30:00,34.053,34.056,34.031,34.043
2023-04-04 22:00:00,34.04,34.046,34.035,34.041
2023-04-04 22:30:00,34.041,34.044,34.034,34.038
2023-04-04 23:00:00,34.034,34.039,34.032,34.037
2023-04-04 23:30:00,34.036,34.043,34.005,34.006
2023-04-05 00:00:00,34.011,34.026,34.007,34.023
2023-04-05 00:30:00,34.028,34.035,34.022,34.033
2023-04-05 01:00:00,34.031,34.044,34.03,34.038
2023-04-05 01:30:00,34.035,34.043,34.032,34.036
2023-04-05 02:00:00,34.035,34.038,34.031,34.033
2023-04-05 02:30:00,34.032,34.04,34.012,34.012
2023-04-05 03:00:00,34.011,34.015,33.923,33.954
2023-04-05 03:30:00,33.955,33.976,33.936,33.97
2023-04-05 04:00:00,33.968,33.973,33.938,33.949
2023-04-05 04:30:00,33.95,33.987,33.947,33.98
2023-04-05 05:00:00,33.979,33.979,33.952,33.966
2023-04-05 05:30:00,33.965,33.965,33.932,33.945
2023-04-05 06:00:00,33.942,33.965,33.936,33.952
2023-04-05 06:30:00,33.952,34.044,33.951,33.991
2023-04-05 07:00:00,33.992,34.018,33.976,33.992
2023-04-05 07:30:00,33.991,33.999,33.971,33.974
2023-04-05 08:00:00,33.974,33.977,33.956,33.956
2023-04-05 08:30:00,33.955,33.962,33.933,33.933
2023-04-05 09:00:00,33.933,33.934,33.892,33.904
2023-04-05 09:30:00,33.905,33.908,33.829,33.843
2023-04-05 10:00:00,33.841,33.867,33.841,33.857
2023-04-05 10:30:00,33.855,33.901,33.852,33.878
2023-04-05 11:00:00,33.877,33.935,33.875,33.908
2023-04-05 11:30:00,33.908,33.916,33.878,33.882
2023-04-05 12:00:00,33.881,33.922,33.878,33.907
2023-04-05 12:30:00,33.907,33.909,33.862,33.87
2023-04-05 13:00:00,33.871,33.886,33.858,33.884
2023-04-05 13:30:00,33.882,33.895,33.875,33.885
2023-04-05 14:00:00,33.882,33.9,33.857,33.857
2023-04-05 14:30:00,33.858,33.869,33.843,33.851
2023-04-05 15:00:00,33.851,33.854,33.819,33.825
2023-04-05 15:30:00,33.826,33.836,33.808,33.812
2023-04-05 16:00:00,33.811,33.844,33.808,33.833
2023-04-05 16:30:00,33.834,33.838,33.802,33.825
2023-04-05 17:00:00,33.824,33.875,33.779,33.875
2023-04-05 17:30:00,33.876,33.955,33.873,33.935
2023-04-05 18:00:00,33.936,33.953,33.933,33.937
2023-04-05 18:30:00,33.936,33.942,33.929,33.94
2023-04-05 19:00:00,33.939,33.965,33.936,33.961
2023-04-05 19:30:00,33.961,33.983,33.958,33.968
2023-04-05 20:00:00,33.969,33.983,33.968,33.983
2023-04-05 20:30:00,33.983,33.983,33.977,33.978
2023-04-05 21:00:00,33.978,33.979,33.959,33.966
2023-04-05 21:30:00,33.965,33.971,33.944,33.948
2023-04-05 22:00:00,33.949,33.952,33.922,33.944
2023-04-05 22:30:00,33.942,33.957,33.941,33.955
2023-04-05 23:00:00,33.954,33.961,33.952,33.952
2023-04-05 23:30:00,33.951,33.958,33.896,33.896
2023-04-06 00:00:00,33.894,33.915,33.881,33.914
2023-04-06 00:30:00,33.915,33.917,33.889,33.915
2023-04-06 01:00:00,33.913,33.943,33.911,33.942
2023-04-06 01:30:00,33.939,33.941,33.934,33.935
2023-04-06 02:00:00,33.936,33.957,33.935,33.957
2023-04-06 02:30:00,33.956,33.959,33.95,33.955
2023-04-06 03:00:00,33.954,33.988,33.947,33.978
2023-04-06 03:30:00,33.978,34.01,33.977,34.004
2023-04-06 04:00:00,34.004,34.014,34.0,34.001
2023-04-06 04:30:00,34.0,34.016,33.998,34.014
2023-04-06 05:00:00,34.013,34.042,34.0,34.031
2023-04-06 05:30:00,34.031,34.035,34.011,34.019
2023-04-06 06:00:00,34.017,34.023,33.992,33.999
2023-04-06 06:30:00,34.0,34.03,33.999,34.025
2023-04-06 07:00:00,34.026,34.034,34.014,34.018
2023-04-06 07:30:00,34.012,34.018,34.005,34.014
2023-04-06 08:00:00,34.013,34.043,34.013,34.038
2023-04-06 08:30:00,34.039,34.103,34.039,34.085
2023-04-06 09:00:00,34.082,34.099,34.061,34.082
2023-04-06 09:30:00,34.081,34.093,34.045,34.068
2023-04-06 10:00:00,34.069,34.085,34.046,34.076
2023-04-06 10:30:00,34.075,34.085,34.062,34.081
2023-04-06 11:00:00,34.082,34.106,34.081,34.093
2023-04-06 11:30:00,34.094,34.096,34.071,34.072
2023-04-06 12:00:00,34.073,34.082,34.037,34.082
2023-04-06 12:30:00,34.079,34.093,34.074,34.086
2023-04-06 13:00:00,34.085,34.102,34.084,34.098
2023-04-06 13:30:00,34.098,34.099,34.086,34.095
2023-04-06 14:00:00,34.095,34.095,34.075,34.081
2023-04-06 14:30:00,34.078,34.085,34.061,34.065
2023-04-06 15:00:00,34.065,34.075,33.912,33.94
2023-04-06 15:30:00,33.916,34.101,33.916,34.095
2023-04-06 16:00:00,34.094,34.135,34.094,34.126
2023-04-06 16:30:00,34.127,34.183,34.117,34.156
2023-04-06 17:00:00,34.158,34.165,34.103,34.116
2023-04-06 17:30:00,34.113,34.12,34.069,34.078
2023-04-06 18:00:00,34.079,34.085,34.065,34.082
2023-04-06 18:30:00,34.082,34.084,34.077,34.082
2023-04-06 19:00:00,34.081,34.081,34.059,34.061
2023-04-06 19:30:00,34.06,34.068,34.057,34.063
2023-04-06 20:00:00,34.061,34.077,34.061,34.072
2023-04-06 20:30:00,34.071,34.075,34.067,34.069
2023-04-06 21:00:00,34.072,34.074,34.069,34.074
2023-04-06 21:30:00,34.073,34.076,34.066,34.069
2023-04-06 22:00:00,34.065,34.087,34.065,34.08
2023-04-06 22:30:00,34.084,34.086,34.063,34.085
2023-04-06 23:00:00,34.078,34.09,34.078,34.089
2023-04-06 23:30:00,34.089,34.104,34.078,34.078
2023-04-07 00:00:00,34.077,34.083,34.056,34.057
2023-04-07 00:30:00,34.083,34.083,34.057,34.077
2023-04-07 01:00:00,34.077,34.08,34.075,34.078
2023-04-07 01:30:00,34.078,34.083,34.076,34.079
2023-04-07 02:00:00,34.077,34.151,34.077,34.15
2023-04-07 02:30:00,34.151,34.154,34.123,34.129
2023-04-07 03:00:00,34.128,34.143,34.12,34.124
2023-04-07 03:30:00,34.123,34.136,34.11,34.113
2023-04-07 04:00:00,34.115,34.121,34.031,34.078
2023-04-07 04:30:00,34.078,34.087,34.054,34.081
2023-04-07 05:00:00,34.081,34.104,34.055,34.091
2023-04-07 05:30:00,34.092,34.134,34.09,34.132
2023-04-07 06:00:00,34.132,34.137,34.116,34.129
2023-04-07 06:30:00,34.129,34.157,34.123,34.14
2023-04-07 07:00:00,34.14,34.142,34.117,34.117
2023-04-07 07:30:00,34.118,34.14,34.117,34.13
2023-04-07 08:00:00,34.131,34.139,34.114,34.116
2023-04-07 08:30:00,34.115,34.128,34.115,34.117
2023-04-07 09:00:00,34.117,34.133,34.117,34.122
2023-04-07 09:30:00,34.122,34.126,34.102,34.11
2023-04-07 10:00:00,34.111,34.115,34.096,34.108
2023-04-07 10:30:00,34.107,34.119,34.097,34.11
2023-04-07 11:00:00,34.111,34.117,34.096,34.103
2023-04-07 11:30:00,34.105,34.126,34.101,34.114
2023-04-07 12:00:00,34.116,34.128,34.107,34.127
2023-04-07 12:30:00,34.128,34.128,34.061,34.07
2023-04-07 13:00:00,34.066,34.083,34.06,34.071
2023-04-07 13:30:00,34.071,34.08,34.061,34.077
2023-04-07 14:00:00,34.079,34.085,34.075,34.082
2023-04-07 14:30:00,34.084,34.107,34.08,34.098
2023-04-07 15:00:00,34.099,34.106,34.045,34.049
2023-04-07 15:30:00,34.05,34.146,34.048,34.097
2023-04-07 16:00:00,34.098,34.116,34.088,34.106
2023-04-07 16:30:00,34.105,34.111,34.104,34.105
2023-04-07 17:00:00,34.106,34.164,34.106,34.162
2023-04-07 17:30:00,34.163,34.164,34.147,34.162
2023-04-07 18:00:00,34.16,34.174,34.158,34.171
2023-04-07 18:30:00,34.174,34.195,34.171,34.182
2023-04-07 19:00:00,34.186,34.187,34.179,34.179
2023-04-07 19:30:00,34.177,34.189,34.159,34.159
2023-04-07 20:00:00,34.158,34.164,34.11,34.163
2023-04-07 20:30:00,34.164,34.169,34.158,34.167
2023-04-07 21:00:00,34.167,34.17,34.157,34.168
2023-04-07 21:30:00,34.169,34.169,34.134,34.165
2023-04-07 22:00:00,34.167,34.17,34.152,34.168
2023-04-07 22:30:00,34.167,34.174,34.154,34.167
2023-04-07 23:00:00,34.166,34.167,34.139,34.139
2023-04-07 23:30:00,34.157,34.174,34.118,34.148
2023-04-10 00:00:00,34.18,34.289,34.134,34.135
2023-04-10 00:30:00,34.139,34.161,34.13,34.138
2023-04-10 01:00:00,34.138,34.145,34.136,34.145
2023-04-10 01:30:00,34.143,34.171,34.143,34.169
2023-04-10 02:00:00,34.166,34.168,34.162,34.163
2023-04-10 02:30:00,34.163,34.171,34.16,34.167
2023-04-10 03:00:00,34.172,34.224,34.168,34.221
2023-04-10 03:30:00,34.221,34.286,34.217,34.257
2023-04-10 04:00:00,34.258,34.271,34.204,34.256
2023-04-10 04:30:00,34.256,34.278,34.252,34.268
2023-04-10 05:00:00,34.268,34.325,34.262,34.308
2023-04-10 05:30:00,34.309,34.35,34.307,34.344
2023-04-10 06:00:00,34.345,34.353,34.315,34.321
2023-04-10 06:30:00,34.321,34.333,34.315,34.327
2023-04-10 07:00:00,34.326,34.343,34.326,34.34
2023-04-10 07:30:00,34.341,34.372,34.341,34.37
2023-04-10 08:00:00,34.371,34.379,34.36,34.365
2023-04-10 08:30:00,34.364,34.365,34.344,34.349
2023-04-10 09:00:00,34.348,34.36,34.34,34.342
2023-04-10 09:30:00,34.342,34.342,34.295,34.298
2023-04-10 10:00:00,34.297,34.324,34.288,34.323
2023-04-10 10:30:00,34.322,34.335,34.305,34.321
2023-04-10 11:00:00,34.322,34.331,34.305,34.308
2023-04-10 11:30:00,34.309,34.325,34.305,34.321
2023-04-10 12:00:00,34.321,34.325,34.305,34.322
2023-04-10 12:30:00,34.321,34.331,34.313,34.33
2023-04-10 13:00:00,34.331,34.332,34.303,34.308
2023-04-10 13:30:00,34.307,34.317,34.301,34.305
2023-04-10 14:00:00,34.306,34.326,34.302,34.323
2023-04-10 14:30:00,34.323,34.325,34.304,34.316
2023-04-10 15:00:00,34.317,34.355,34.308,34.341
2023-04-10 15:30:00,34.342,34.374,34.331,34.372
2023-04-10 16:00:00,34.371,34.386,34.358,34.372
2023-04-10 16:30:00,34.371,34.397,34.365,34.394
2023-04-10 17:00:00,34.394,34.397,34.376,34.383
2023-04-10 17:30:00,34.383,34.407,34.381,34.407
2023-04-10 18:00:00,34.407,34.407,34.386,34.389
2023-04-10 18:30:00,34.389,34.396,34.387,34.393
2023-04-10 19:00:00,34.392,34.403,34.389,34.394
2023-04-10 19:30:00,34.396,34.396,34.389,34.393
2023-04-10 20:00:00,34.392,34.395,34.371,34.378
2023-04-10 20:30:00,34.377,34.385,34.375,34.377
2023-04-10 21:00:00,34.376,34.381,34.366,34.376
2023-04-10 21:30:00,34.375,34.38,34.374,34.374
2023-04-10 22:00:00,34.374,34.379,34.374,34.374
2023-04-10 22:30:00,34.375,34.376,34.37,34.373
2023-04-10 23:00:00,34.372,34.391,34.371,34.375
2023-04-10 23:30:00,34.376,34.377,34.365,34.365
2023-04-11 00:00:00,34.363,34.366,34.341,34.364
2023-04-11 00:30:00,34.357,34.368,34.334,34.334
2023-04-11 01:00:00,34.336,34.347,34.332,34.336
2023-04-11 01:30:00,34.333,34.341,34.326,34.338
2023-04-11 02:00:00,34.337,34.346,34.326,34.346
2023-04-11 02:30:00,34.345,34.374,34.344,34.357
2023-04-11 03:00:00,34.358,34.372,34.351,34.359
2023-04-11 03:30:00,34.358,34.37,34.347,34.356
2023-04-11 04:00:00,34.357,34.372,34.355,34.372
2023-04-11 04:30:00,34.372,34.399,34.358,34.365
2023-04-11 05:00:00,34.364,34.371,34.332,34.358
2023-04-11 05:30:00,34.357,34.36,34.332,34.337
2023-04-11 06:00:00,34.337,34.348,34.277,34.3
2023-04-11 06:30:00,34.299,34.317,34.298,34.313
2023-04-11 07:00:00,34.313,34.325,34.299,34.324
2023-04-11 07:30:00,34.324,34.327,34.309,34.309
2023-04-11 08:00:00,34.31,34.321,34.291,34.294
2023-04-11 08:30:00,34.293,34.297,34.263,34.277
2023-04-11 09:00:00,34.276,34.294,34.267,34.292
2023-04-11 09:30:00,34.293,34.301,34.274,34.275
2023-04-11 10:00:00,34.276,34.286,34.212,34.23
2023-04-11 10:30:00,34.231,34.235,34.206,34.235
2023-04-11 11:00:00,34.234,34.236,34.218,34.223
2023-04-11 11:30:00,34.223,34.227,34.204,34.222
2023-04-11 12:00:00,34.216,34.232,34.202,34.212
2023-04-11 12:30:00,34.215,34.233,34.204,34.228
2023-04-11 13:00:00,34.228,34.249,34.223,34.243
2023-04-11 13:30:00,34.243,34.251,34.227,34.234
2023-04-11 14:00:00,34.233,34.263,34.23,34.257
2023-04-11 14:30:00,34.256,34.266,34.252,34.264
2023-04-11 15:00:00,34.265,34.265,34.252,34.261
2023-04-11 15:30:00,34.261,34.261,34.233,34.236
2023-04-11 16:00:00,34.238,34.253,34.235,34.24
2023-04-11 16:30:00,34.24,34.258,34.238,34.255
2023-04-11 17:00:00,34.256,34.27,34.249,34.265
2023-04-11 17:30:00,34.264,34.288,34.263,34.277
2023-04-11 18:00:00,34.277,34.28,34.258,34.27
2023-04-11 18:30:00,34.271,34.283,34.268,34.278
2023-04-11 19:00:00,34.278,34.286,34.273,34.28
2023-04-11 19:30:00,34.279,34.285,34.27,34.273
2023-04-11 20:00:00,34.272,34.286,34.272,34.277
2023-04-11 20:30:00,34.28,34.28,34.258,34.26
2023-04-11 21:00:00,34.26,34.268,34.258,34.266
2023-04-11 21:30:00,34.265,34.271,34.265,34.265
2023-04-11 22:00:00,34.265,34.27,34.265,34.265
2023-04-11 22:30:00,34.265,34.272,34.262,34.264
2023-04-11 23:00:00,34.265,34.269,34.261,34.262
2023-04-11 23:30:00,34.261,34.268,34.241,34.241
2023-04-12 00:00:00,34.247,34.257,34.245,34.255
2023-04-12 00:30:00,34.255,34.259,34.252,34.257
2023-04-12 01:00:00,34.257,34.263,34.256,34.258
2023-04-12 01:30:00,34.26,34.265,34.259,34.265
2023-04-12 02:00:00,34.265,34.273,34.262,34.263
2023-04-12 02:30:00,34.262,34.271,34.258,34.27
2023-04-12 03:00:00,34.269,34.283,34.253,34.269
2023-04-12 03:30:00,34.271,34.271,34.238,34.254
2023-04-12 04:00:00,34.255,34.283,34.241,34.242
2023-04-12 04:30:00,34.241,34.244,34.218,34.23
2023-04-12 05:00:00,34.23,34.258,34.226,34.257
2023-04-12 05:30:00,34.258,34.265,34.242,34.257
2023-04-12 06:00:00,34.256,34.272,34.244,34.261
2023-04-12 06:30:00,34.263,34.265,34.253,34.26
2023-04-12 07:00:00,34.26,34.271,34.243,34.245
2023-04-12 07:30:00,34.245,34.252,34.234,34.238
2023-04-12 08:00:00,34.239,34.245,34.224,34.23
2023-04-12 08:30:00,34.232,34.232,34.197,34.199
2023-04-12 09:00:00,34.2,34.238,34.19,34.235
2023-04-12 09:30:00,34.235,34.241,34.21,34.218
2023-04-12 10:00:00,34.219,34.231,34.201,34.219
2023-04-12 10:30:00,34.22,34.232,34.21,34.211
2023-04-12 11:00:00,34.21,34.228,34.195,34.223
2023-04-12 11:30:00,34.226,34.236,34.207,34.214
2023-04-12 12:00:00,34.215,34.236,34.209,34.234
2023-04-12 12:30:00,34.233,34.253,34.224,34.245
2023-04-12 13:00:00,34.244,34.25,34.228,34.247
2023-04-12 13:30:00,34.248,34.249,34.235,34.242
2023-04-12 14:00:00,34.242,34.255,34.232,34.235
2023-04-12 14:30:00,34.236,34.251,34.232,34.24
2023-04-12 15:00:00,34.24,34.294,34.24,34.277
2023-04-12 15:30:00,34.28,34.28,34.107,34.15
2023-04-12 16:00:00,34.149,34.166,34.11,34.147
2023-04-12 16:30:00,34.146,34.236,34.132,34.198
2023-04-12 17:00:00,34.197,34.204,34.134,34.158
2023-04-12 17:30:00,34.157,34.194,34.135,34.168
2023-04-12 18:00:00,34.168,34.221,34.159,34.166
2023-04-12 18:30:00,34.163,34.181,34.152,34.161
2023-04-12 19:00:00,34.16,34.163,34.138,34.142
2023-04-12 19:30:00,34.141,34.159,34.141,34.146
2023-04-12 20:00:00,34.145,34.159,34.144,34.151
2023-04-12 20:30:00,34.151,34.154,34.147,34.148
2023-04-12 21:00:00,34.17,34.17,34.147,34.151
2023-04-12 21:30:00,34.15,34.153,34.129,34.135
2023-04-12 22:00:00,34.136,34.138,34.132,34.135
2023-04-12 22:30:00,34.139,34.155,34.131,34.143
2023-04-12 23:00:00,34.144,34.144,34.132,34.133
2023-04-12 23:30:00,34.134,34.146,34.101,34.109
2023-04-13 00:00:00,34.098,34.126,34.08,34.101
2023-04-13 00:30:00,34.102,34.118,34.086,34.117
2023-04-13 01:00:00,34.117,34.123,34.111,34.121
2023-04-13 01:30:00,34.121,34.123,34.121,34.122
2023-04-13 02:00:00,34.127,34.137,34.067,34.131
2023-04-13 02:30:00,34.129,34.133,34.129,34.133
2023-04-13 03:00:00,34.094,34.175,34.076,34.161
2023-04-13 03:30:00,34.16,34.16,34.111,34.113
2023-04-13 04:00:00,34.113,34.132,34.113,34.124
2023-04-13 04:30:00,34.123,34.126,34.098,34.125
2023-04-13 05:00:00,34.124,34.134,34.096,34.102
2023-04-13 05:30:00,34.101,34.103,34.064,34.092
2023-04-13 06:00:00,34.091,34.11,34.073,34.095
2023-04-13 06:30:00,34.094,34.097,34.073,34.078
2023-04-13 07:00:00,34.078,34.088,34.072,34.085
2023-04-13 07:30:00,34.084,34.09,34.078,34.078
2023-04-13 08:00:00,34.077,34.107,34.072,34.103
2023-04-13 08:30:00,34.104,34.116,34.094,34.095
2023-04-13 09:00:00,34.093,34.116,34.081,34.089
2023-04-13 09:30:00,34.09,34.1,34.084,34.093
2023-04-13 10:00:00,34.092,34.097,34.081,34.091
2023-04-13 10:30:00,34.09,34.118,34.077,34.099
2023-04-13 11:00:00,34.095,34.095,34.038,34.048
2023-04-13 11:30:00,34.049,34.068,34.042,34.061
2023-04-13 12:00:00,34.061,34.086,34.059,34.08
2023-04-13 12:30:00,34.077,34.114,34.066,34.113
2023-04-13 13:00:00,34.112,34.141,34.09,34.106
2023-04-13 13:30:00,34.105,34.115,34.097,34.105
2023-04-13 14:00:00,34.105,34.111,34.094,34.094
2023-04-13 14:30:00,34.094,34.105,34.089,34.096
2023-04-13 15:00:00,34.099,34.106,34.038,34.043
2023-04-13 15:30:00,34.043,34.061,33.988,33.999
2023-04-13 16:00:00,33.998,34.028,33.996,34.024
2023-04-13 16:30:00,34.026,34.026,33.992,33.999
2023-04-13 17:00:00,33.997,34.041,33.986,34.034
2023-04-13 17:30:00,34.036,34.074,34.023,34.07
2023-04-13 18:00:00,34.069,34.069,34.031,34.039
2023-04-13 18:30:00,34.039,34.068,34.03,34.061
2023-04-13 19:00:00,34.06,34.06,34.014,34.028
2023-04-13 19:30:00,34.027,34.04,34.021,34.021
2023-04-13 20:00:00,34.022,34.028,34.007,34.013
2023-04-13 20:30:00,34.013,34.029,34.012,34.021
2023-04-13 21:00:00,34.022,34.034,34.014,34.033
2023-04-13 21:30:00,34.034,34.043,34.016,34.016
2023-04-13 22:00:00,34.017,34.038,34.016,34.031
2023-04-13 22:30:00,34.032,34.035,34.011,34.022
2023-04-13 23:00:00,34.001,34.021,33.998,34.008
2023-04-13 23:30:00,34.009,34.012,33.956,33.956
2023-04-14 00:00:00,34.007,34.113,33.958,33.981
2023-04-14 00:30:00,33.977,33.998,33.976,33.983
2023-04-14 01:00:00,33.982,33.986,33.978,33.986
2023-04-14 01:30:00,33.984,33.988,33.983,33.988
2023-04-14 02:00:00,33.99,33.998,33.987,33.998
2023-04-14 02:30:00,33.997,34.005,33.987,34.004
2023-04-14 03:00:00,34.001,34.026,33.967,33.975
2023-04-14 03:30:00,33.976,34.106,33.975,34.079
2023-04-14 04:00:00,34.08,34.089,34.045,34.046
2023-04-14 04:30:00,34.046,34.056,34.016,34.023
2023-04-14 05:00:00,34.018,34.027,33.977,33.989
2023-04-14 05:30:00,33.995,34.01,33.966,33.975
2023-04-14 06:00:00,33.978,34.003,33.974,33.994
2023-04-14 06:30:00,33.991,33.991,33.969,33.97
2023-04-14 07:00:00,33.969,33.974,33.968,33.971
2023-04-14 07:30:00,33.972,33.978,33.968,33.974
2023-04-14 08:00:00,33.974,33.986,33.964,33.971
2023-04-14 08:30:00,33.97,33.985,33.967,33.97
2023-04-14 09:00:00,33.969,34.029,33.963,34.021
2023-04-14 09:30:00,34.02,34.054,34.02,34.051
2023-04-14 10:00:00,34.052,34.077,34.048,34.074
2023-04-14 10:30:00,34.075,34.078,34.02,34.039
2023-04-14 11:00:00,34.037,34.124,34.031,34.123
2023-04-14 11:30:00,34.122,34.145,34.088,34.091
2023-04-14 12:00:00,34.092,34.098,34.049,34.049
2023-04-14 12:30:00,34.05,34.071,34.04,34.066
2023-04-14 13:00:00,34.068,34.085,34.065,34.073
2023-04-14 13:30:00,34.074,34.094,34.07,34.073
2023-04-14 14:00:00,34.21,34.338,34.072,34.09
2023-04-14 14:30:00,34.09,34.112,34.061,34.07
2023-04-14 15:00:00,34.069,34.093,33.979,33.979
2023-04-14 15:30:00,33.981,34.253,33.968,34.195
2023-04-14 16:00:00,34.196,34.216,34.166,34.198
2023-04-14 16:30:00,34.198,34.207,34.154,34.174
2023-04-14 17:00:00,34.167,34.314,34.167,34.278
2023-04-14 17:30:00,34.279,34.334,34.278,34.33
2023-04-14 18:00:00,34.332,34.377,34.319,34.376
2023-04-14 18:30:00,34.376,34.383,34.367,34.374
2023-04-14 19:00:00,34.371,34.372,34.357,34.366
2023-04-14 19:30:00,34.365,34.376,34.356,34.36
2023-04-14 20:00:00,34.362,34.362,34.305,34.305
2023-04-14 20:30:00,34.305,34.307,34.296,34.307
2023-04-14 21:00:00,34.308,34.316,34.303,34.303
2023-04-14 21:30:00,34.306,34.316,34.302,34.309
2023-04-14 22:00:00,34.307,34.309,34.299,34.303
2023-04-14 22:30:00,34.303,34.316,34.212,34.316
2023-04-14 23:00:00,34.317,34.324,34.3,34.3
2023-04-14 23:30:00,34.299,34.308,34.166,34.168
2023-04-17 00:00:00,34.354,34.375,34.198,34.198
2023-04-17 00:30:00,34.202,34.224,34.172,34.217
2023-04-17 01:00:00,34.218,34.234,34.217,34.229
2023-04-17 01:30:00,34.229,34.247,34.229,34.234
2023-04-17 02:00:00,34.234,34.282,34.234,34.282
2023-04-17 02:30:00,34.281,34.353,34.281,34.347
2023-04-17 03:00:00,34.349,34.364,34.294,34.314
2023-04-17 03:30:00,34.315,34.371,34.311,34.37
2023-04-17 04:00:00,34.371,34.403,34.342,34.351
2023-04-17 04:30:00,34.35,34.363,34.329,34.345
2023-04-17 05:00:00,34.344,34.367,34.334,34.364
2023-04-17 05:30:00,34.365,34.372,34.338,34.354
2023-04-17 06:00:00,34.355,34.367,34.344,34.344
2023-04-17 06:30:00,34.344,34.363,34.342,34.362
2023-04-17 07:00:00,34.362,34.377,34.345,34.349
2023-04-17 07:30:00,34.349,34.366,34.344,34.359
2023-04-17 08:00:00,34.359,34.377,34.353,34.355
2023-04-17 08:30:00,34.355,34.355,34.31,34.321
2023-04-17 09:00:00,34.317,34.33,34.289,34.304
2023-04-17 09:30:00,34.303,34.316,34.282,34.283
2023-04-17 10:00:00,34.284,34.288,34.259,34.264
2023-04-17 10:30:00,34.267,34.323,34.262,34.314
2023-04-17 11:00:00,34.316,34.354,34.31,34.345
2023-04-17 11:30:00,34.344,34.375,34.338,34.362
2023-04-17 12:00:00,34.367,34.384,34.352,34.369
2023-04-17 12:30:00,34.369,34.382,34.344,34.351
2023-04-17 13:00:00,34.352,34.375,34.351,34.365
2023-04-17 13:30:00,34.363,34.377,34.361,34.364
2023-04-17 14:00:00,34.364,34.379,34.362,34.376
2023-04-17 14:30:00,34.375,34.382,34.374,34.379
2023-04-17 15:00:00,34.379,34.383,34.377,34.381
2023-04-17 15:30:00,34.382,34.405,34.382,34.405
2023-04-17 16:00:00,34.488,34.5,34.403,34.409
2023-04-17 16:30:00,34.41,34.461,34.408,34.456
2023-04-17 17:00:00,34.457,34.478,34.45,34.469
2023-04-17 17:30:00,34.468,34.509,34.467,34.499
2023-04-17 18:00:00,34.5,34.506,34.476,34.483
2023-04-17 18:30:00,34.483,34.497,34.482,34.487
2023-04-17 19:00:00,34.486,34.498,34.484,34.495
2023-04-17 19:30:00,34.494,34.497,34.483,34.492
2023-04-17 20:00:00,34.493,34.498,34.486,34.494
2023-04-17 20:30:00,34.491,34.496,34.487,34.488
2023-04-17 21:00:00,34.487,34.496,34.481,34.485
2023-04-17 21:30:00,34.484,34.487,34.474,34.481
2023-04-17 22:00:00,34.48,34.486,34.476,34.478
2023-04-17 22:30:00,34.479,34.494,34.478,34.49
2023-04-17 23:00:00,34.49,34.503,34.49,34.497
2023-04-17 23:30:00,34.496,34.496,34.471,34.475
2023-04-18 00:00:00,34.486,34.49,34.477,34.485
2023-04-18 00:30:00,34.485,34.489,34.482,34.483
2023-04-18 01:00:00,34.483,34.495,34.483,34.492
2023-04-18 01:30:00,34.492,34.494,34.483,34.484
2023-04-18 02:00:00,34.484,34.488,34.483,34.486
2023-04-18 02:30:00,34.486,34.492,34.483,34.485
2023-04-18 03:00:00,34.483,34.503,34.474,34.479
2023-04-18 03:30:00,34.481,34.484,34.449,34.468
2023-04-18 04:00:00,34.468,34.482,34.454,34.48
2023-04-18 04:30:00,34.479,34.479,34.444,34.45
2023-04-18 05:00:00,34.449,34.465,34.392,34.449
2023-04-18 05:30:00,34.448,34.452,34.435,34.443
2023-04-18 06:00:00,34.444,34.454,34.434,34.451
2023-04-18 06:30:00,34.453,34.475,34.449,34.468
2023-04-18 07:00:00,34.467,34.471,34.456,34.466
2023-04-18 07:30:00,34.467,34.472,34.457,34.458
2023-04-18 08:00:00,34.458,34.463,34.452,34.453
2023-04-18 08:30:00,34.454,34.454,34.44,34.44
2023-04-18 09:00:00,34.441,34.461,34.435,34.454
2023-04-18 09:30:00,34.455,34.459,34.426,34.432
2023-04-18 10:00:00,34.433,34.443,34.362,34.363
2023-04-18 10:30:00,34.362,34.37,34.32,34.324
2023-04-18 11:00:00,34.325,34.329,34.292,34.309
2023-04-18 11:30:00,34.308,34.308,34.232,34.232
2023-04-18 12:00:00,34.23,34.292,34.228,34.292
2023-04-18 12:30:00,34.292,34.302,34.27,34.285
2023-04-18 13:00:00,34.285,34.299,34.266,34.273
2023-04-18 13:30:00,34.274,34.287,34.256,34.287
2023-04-18 14:00:00,34.286,34.302,34.285,34.296
2023-04-18 14:30:00,34.297,34.298,34.276,34.276
2023-04-18 15:00:00,34.278,34.292,34.267,34.267
2023-04-18 15:30:00,34.266,34.308,34.258,34.295
2023-04-18 16:00:00,34.294,34.358,34.29,34.356
2023-04-18 16:30:00,34.356,34.374,34.314,34.341
2023-04-18 17:00:00,34.34,34.371,34.307,34.322
2023-04-18 17:30:00,34.323,34.335,34.284,34.297
2023-04-18 18:00:00,34.296,34.316,34.289,34.291
2023-04-18 18:30:00,34.29,34.315,34.281,34.304
2023-04-18 19:00:00,34.303,34.313,34.295,34.299
2023-04-18 19:30:00,34.298,34.303,34.292,34.292
2023-04-18 20:00:00,34.293,34.305,34.281,34.296
2023-04-18 20:30:00,34.297,34.308,34.293,34.302
2023-04-18 21:00:00,34.306,34.312,34.294,34.299
2023-04-18 21:30:00,34.299,34.306,34.299,34.299
2023-04-18 22:00:00,34.298,34.307,34.294,34.299
2023-04-18 22:30:00,34.301,34.303,34.294,34.3
2023-04-18 23:00:00,34.3,34.303,34.292,34.298
2023-04-18 23:30:00,34.299,34.3,34.262,34.274
2023-04-19 00:00:00,34.267,34.281,34.266,34.281
2023-04-19 00:30:00,34.281,34.285,34.249,34.254
2023-04-19 01:00:00,34.253,34.28,34.253,34.279
2023-04-19 01:30:00,34.278,34.285,34.278,34.282
2023-04-19 02:00:00,34.281,34.289,34.281,34.288
2023-04-19 02:30:00,34.289,34.289,34.282,34.287
2023-04-19 03:00:00,34.285,34.306,34.268,34.277
2023-04-19 03:30:00,34.276,34.278,34.213,34.238
2023-04-19 04:00:00,34.237,34.281,34.221,34.276
2023-04-19 04:30:00,34.276,34.326,34.262,34.323
2023-04-19 05:00:00,34.323,34.344,34.313,34.324
2023-04-19 05:30:00,34.323,34.327,34.299,34.324
2023-04-19 06:00:00,34.324,34.351,34.322,34.338
2023-04-19 06:30:00,34.337,34.376,34.336,34.369
2023-04-19 07:00:00,34.369,34.394,34.368,34.377
2023-04-19 07:30:00,34.377,34.418,34.365,34.403
2023-04-19 08:00:00,34.402,34.405,34.381,34.387
2023-04-19 08:30:00,34.386,34.435,34.386,34.435
2023-04-19 09:00:00,34.435,34.47,34.408,34.446
2023-04-19 09:30:00,34.447,34.461,34.401,34.416
2023-04-19 10:00:00,34.417,34.424,34.387,34.418
2023-04-19 10:30:00,34.417,34.465,34.416,34.453
2023-04-19 11:00:00,34.452,34.489,34.452,34.463
2023-04-19 11:30:00,34.463,34.493,34.462,34.487
2023-04-19 12:00:00,34.486,34.497,34.473,34.497
2023-04-19 12:30:00,34.496,34.507,34.473,34.474
2023-04-19 13:00:00,34.473,34.475,34.452,34.464
2023-04-19 13:30:00,34.464,34.489,34.454,34.489
2023-04-19 14:00:00,34.489,34.508,34.488,34.503
2023-04-19 14:30:00,34.503,34.503,34.487,34.487
2023-04-19 15:00:00,34.488,34.494,34.468,34.475
2023-04-19 15:30:00,34.475,34.481,34.448,34.45
2023-04-19 16:00:00,34.45,34.462,34.427,34.441
2023-04-19 16:30:00,34.443,34.454,34.421,34.435
2023-04-19 17:00:00,34.435,34.436,34.4,34.428
2023-04-19 17:30:00,34.427,34.449,34.404,34.438
2023-04-19 18:00:00,34.44,34.441,34.413,34.427
2023-04-19 18:30:00,34.426,34.465,34.425,34.454
2023-04-19 19:00:00,34.453,34.453,34.442,34.446
2023-04-19 19:30:00,34.445,34.446,34.399,34.404
2023-04-19 20:00:00,34.405,34.428,34.404,34.424
2023-04-19 20:30:00,34.423,34.435,34.423,34.43
2023-04-19 21:00:00,34.428,34.435,34.424,34.428
2023-04-19 21:30:00,34.429,34.435,34.427,34.43
2023-04-19 22:00:00,34.429,34.434,34.426,34.431
2023-04-19 22:30:00,34.431,34.439,34.419,34.432
2023-04-19 23:00:00,34.432,34.45,34.429,34.434
2023-04-19 23:30:00,34.436,34.445,34.41,34.425
2023-04-20 00:00:00,34.434,34.434,34.413,34.426
2023-04-20 00:30:00,34.426,34.428,34.417,34.42
2023-04-20 01:00:00,34.419,34.427,34.419,34.426
2023-04-20 01:30:00,34.427,34.435,34.427,34.434
2023-04-20 02:00:00,34.343,34.446,34.332,34.446
2023-04-20 02:30:00,34.448,34.457,34.439,34.447
2023-04-20 03:00:00,34.447,34.447,34.422,34.434
2023-04-20 03:30:00,34.433,34.456,34.424,34.455
2023-04-20 04:00:00,34.455,34.455,34.386,34.388
2023-04-20 04:30:00,34.388,34.405,34.332,34.34
2023-04-20 05:00:00,34.341,34.365,34.33,34.353
2023-04-20 05:30:00,34.351,34.385,34.344,34.369
2023-04-20 06:00:00,34.366,34.408,34.364,34.392
2023-04-20 06:30:00,34.389,34.445,34.382,34.44
2023-04-20 07:00:00,34.44,34.465,34.435,34.448
2023-04-20 07:30:00,34.447,34.474,34.447,34.453
2023-04-20 08:00:00,34.454,34.484,34.453,34.483
2023-04-20 08:30:00,34.483,34.484,34.413,34.426
2023-04-20 09:00:00,34.427,34.427,34.376,34.397
2023-04-20 09:30:00,34.397,34.416,34.359,34.372
2023-04-20 10:00:00,34.371,34.401,34.361,34.4
2023-04-20 10:30:00,34.4,34.43,34.4,34.421
2023-04-20 11:00:00,34.42,34.443,34.378,34.392
2023-04-20 11:30:00,34.393,34.416,34.386,34.411
2023-04-20 12:00:00,34.412,34.446,34.391,34.394
2023-04-20 12:30:00,34.394,34.397,34.367,34.38
2023-04-20 13:00:00,34.379,34.385,34.361,34.364
2023-04-20 13:30:00,34.363,34.363,34.332,34.34
2023-04-20 14:00:00,34.339,34.348,34.33,34.337
2023-04-20 14:30:00,34.336,34.354,34.333,34.353
2023-04-20 15:00:00,34.354,34.366,34.335,34.336
2023-04-20 15:30:00,34.336,34.34,34.27,34.274
2023-04-20 16:00:00,34.275,34.329,34.274,34.322
2023-04-20 16:30:00,34.321,34.352,34.304,34.339
2023-04-20 17:00:00,34.339,34.343,34.263,34.296
2023-04-20 17:30:00,34.295,34.311,34.283,34.29
2023-04-20 18:00:00,34.291,34.309,34.286,34.29
2023-04-20 18:30:00,34.289,34.312,34.289,34.298
2023-04-20 19:00:00,34.296,34.306,34.283,34.286
2023-04-20 19:30:00,34.287,34.287,34.274,34.28
2023-04-20 20:00:00,34.279,34.283,34.278,34.28
2023-04-20 20:30:00,34.28,34.284,34.28,34.284
2023-04-20 21:00:00,34.341,34.341,34.284,34.29
2023-04-20 21:30:00,34.289,34.314,34.289,34.312
2023-04-20 22:00:00,34.313,34.324,34.312,34.322
2023-04-20 22:30:00,34.323,34.324,34.304,34.312
2023-04-20 23:00:00,34.312,34.321,34.31,34.314
2023-04-20 23:30:00,34.311,34.311,34.244,34.289
2023-04-21 00:00:00,34.286,34.289,34.217,34.286
2023-04-21 00:30:00,34.286,34.286,34.28,34.283
2023-04-21 01:00:00,34.283,34.298,34.281,34.298
2023-04-21 01:30:00,34.3,34.302,34.296,34.296
2023-04-21 02:00:00,34.322,34.336,34.294,34.296
2023-04-21 02:30:00,34.299,34.308,34.299,34.308
2023-04-21 03:00:00,34.311,34.368,34.311,34.361
2023-04-21 03:30:00,34.358,34.365,34.318,34.333
2023-04-21 04:00:00,34.333,34.333,34.288,34.314
2023-04-21 04:30:00,34.314,34.331,34.292,34.321
2023-04-21 05:00:00,34.32,34.321,34.292,34.314
2023-04-21 05:30:00,34.313,34.335,34.294,34.315
2023-04-21 06:00:00,34.314,34.319,34.29,34.316
2023-04-21 06:30:00,34.317,34.32,34.289,34.289
2023-04-21 07:00:00,34.289,34.306,34.287,34.301
2023-04-21 07:30:00,34.301,34.331,34.301,34.318
2023-04-21 08:00:00,34.318,34.326,34.311,34.319
2023-04-21 08:30:00,34.319,34.352,34.319,34.34
2023-04-21 09:00:00,34.339,34.371,34.333,34.367
2023-04-21 09:30:00,34.368,34.393,34.353,34.383
2023-04-21 10:00:00,34.384,34.415,34.376,34.415
2023-04-21 10:30:00,34.415,34.445,34.374,34.382
2023-04-21 11:00:00,34.381,34.404,34.361,34.394
2023-04-21 11:30:00,34.393,34.4,34.358,34.358
2023-04-21 12:00:00,34.359,34.388,34.353,34.372
2023-04-21 12:30:00,34.371,34.39,34.355,34.384
2023-04-21 13:00:00,34.384,34.386,34.369,34.378
2023-04-21 13:30:00,34.377,34.378,34.357,34.373
2023-04-21 14:00:00,34.374,34.387,34.365,34.374
2023-04-21 14:30:00,34.374,34.375,34.351,34.358
2023-04-21 15:00:00,34.357,34.4,34.357,34.369
2023-04-21 15:30:00,34.369,34.372,34.349,34.357
2023-04-21 16:00:00,34.356,34.36,34.339,34.348
2023-04-21 16:30:00,34.349,34.447,34.325,34.438
2023-04-21 17:00:00,34.439,34.463,34.399,34.424
2023-04-21 17:30:00,34.425,34.461,34.419,34.443
2023-04-21 18:00:00,34.441,34.444,34.421,34.43
2023-04-21 18:30:00,34.43,34.434,34.428,34.433
2023-04-21 19:00:00,34.432,34.434,34.422,34.423
2023-04-21 19:30:00,34.422,34.429,34.412,34.417
2023-04-21 20:00:00,34.417,34.417,34.411,34.413
2023-04-21 20:30:00,34.412,34.413,34.381,34.384
2023-04-21 21:00:00,34.383,34.386,34.356,34.361
2023-04-21 21:30:00,34.362,34.422,34.362,34.421
2023-04-21 22:00:00,34.42,34.426,34.412,34.425
2023-04-21 22:30:00,34.425,34.425,34.412,34.412
2023-04-21 23:00:00,34.412,34.415,34.362,34.384
2023-04-21 23:30:00,34.378,34.39,34.296,34.309
2023-04-24 00:00:00,34.389,34.451,34.276,34.352
2023-04-24 00:30:00,34.33,34.358,34.314,34.358
2023-04-24 01:00:00,34.356,34.363,34.345,34.354
2023-04-24 01:30:00,34.355,34.363,34.353,34.355
2023-04-24 02:00:00,34.478,34.521,34.355,34.364
2023-04-24 02:30:00,34.363,34.376,34.346,34.372
2023-04-24 03:00:00,34.373,34.419,34.373,34.415
2023-04-24 03:30:00,34.417,34.45,34.4,34.406
2023-04-24 04:00:00,34.407,34.445,34.407,34.434
2023-04-24 04:30:00,34.435,34.48,34.433,34.476
2023-04-24 05:00:00,34.476,34.505,34.472,34.494
2023-04-24 05:30:00,34.494,34.519,34.494,34.517
2023-04-24 06:00:00,34.518,34.519,34.486,34.493
2023-04-24 06:30:00,34.494,34.503,34.485,34.495
2023-04-24 07:00:00,34.496,34.503,34.49,34.495
2023-04-24 07:30:00,34.495,34.498,34.49,34.493
2023-04-24 08:00:00,34.492,34.512,34.49,34.503
2023-04-24 08:30:00,34.504,34.505,34.486,34.486
2023-04-24 09:00:00,34.487,34.492,34.426,34.435
2023-04-24 09:30:00,34.436,34.456,34.431,34.441
2023-04-24 10:00:00,34.442,34.456,34.429,34.439
2023-04-24 10:30:00,34.438,34.445,34.424,34.426
2023-04-24 11:00:00,34.427,34.437,34.42,34.433
2023-04-24 11:30:00,34.432,34.441,34.42,34.42
2023-04-24 12:00:00,34.419,34.426,34.379,34.384
2023-04-24 12:30:00,34.385,34.4,34.38,34.395
2023-04-24 13:00:00,34.396,34.399,34.376,34.383
2023-04-24 13:30:00,34.382,34.384,34.365,34.37
2023-04-24 14:00:00,34.369,34.383,34.368,34.378
2023-04-24 14:30:00,34.375,34.401,34.373,34.397
2023-04-24 15:00:00,34.396,34.406,34.377,34.39
2023-04-24 15:30:00,34.388,34.407,34.376,34.385
2023-04-24 16:00:00,34.386,34.413,34.373,34.412
2023-04-24 16:30:00,34.411,34.435,34.404,34.424
2023-04-24 17:00:00,34.425,34.431,34.419,34.426
2023-04-24 17:30:00,34.424,34.428,34.398,34.413
2023-04-24 18:00:00,34.413,34.416,34.398,34.405
2023-04-24 18:30:00,34.407,34.408,34.389,34.391
2023-04-24 19:00:00,34.388,34.389,34.38,34.383
2023-04-24 19:30:00,34.384,34.384,34.372,34.373
2023-04-24 20:00:00,34.372,34.375,34.35,34.351
2023-04-24 20:30:00,34.35,34.359,34.347,34.355
2023-04-24 21:00:00,34.355,34.355,34.347,34.349
2023-04-24 21:30:00,34.349,34.355,34.34,34.34
2023-04-24 22:00:00,34.341,34.347,34.337,34.34
2023-04-24 22:30:00,34.343,34.345,34.341,34.341
2023-04-24 23:00:00,34.343,34.344,34.336,34.338
2023-04-24 23:30:00,34.342,34.345,34.315,34.315
2023-04-25 00:00:00,34.308,34.347,34.308,34.346
2023-04-25 00:30:00,34.347,34.352,34.321,34.343
2023-04-25 01:00:00,34.342,34.346,34.339,34.339
2023-04-25 01:30:00,34.339,34.341,34.339,34.339
2023-04-25 02:00:00,34.333,34.371,34.31,34.311
2023-04-25 02:30:00,34.313,34.316,34.302,34.315
2023-04-25 03:00:00,34.316,34.324,34.3,34.303
2023-04-25 03:30:00,34.302,34.307,34.238,34.273
2023-04-25 04:00:00,34.273,34.277,34.253,34.259
2023-04-25 04:30:00,34.259,34.342,34.256,34.33
2023-04-25 05:00:00,34.33,34.357,34.318,34.354
2023-04-25 05:30:00,34.355,34.369,34.334,34.341
2023-04-25 06:00:00,34.34,34.364,34.333,34.362
2023-04-25 06:30:00,34.364,34.408,34.358,34.407
2023-04-25 07:00:00,34.406,34.419,34.389,34.398
2023-04-25 07:30:00,34.399,34.408,34.392,34.395
2023-04-25 08:00:00,34.396,34.404,34.378,34.387
2023-04-25 08:30:00,34.386,34.387,34.342,34.361
2023-04-25 09:00:00,34.359,34.361,34.321,34.329
2023-04-25 09:30:00,34.328,34.359,34.328,34.356
2023-04-25 10:00:00,34.356,34.402,34.307,34.356
2023-04-25 10:30:00,34.356,34.39,34.344,34.365
2023-04-25 11:00:00,34.365,34.376,34.34,34.343
2023-04-25 11:30:00,34.345,34.359,34.332,34.341
2023-04-25 12:00:00,34.341,34.369,34.34,34.368
2023-04-25 12:30:00,34.371,34.386,34.365,34.383
2023-04-25 13:00:00,34.383,34.4,34.37,34.398
2023-04-25 13:30:00,34.399,34.43,34.391,34.43
2023-04-25 14:00:00,34.429,34.453,34.428,34.447
2023-04-25 14:30:00,34.446,34.459,34.443,34.452
2023-04-25 15:00:00,34.453,34.454,34.427,34.437
2023-04-25 15:30:00,34.437,34.438,34.41,34.425
2023-04-25 16:00:00,34.422,34.452,34.421,34.44
2023-04-25 16:30:00,34.439,34.458,34.43,34.442
2023-04-25 17:00:00,34.439,34.445,34.426,34.43
2023-04-25 17:30:00,34.43,34.453,34.422,34.425
2023-04-25 18:00:00,34.425,34.437,34.385,34.394
2023-04-25 18:30:00,34.394,34.405,34.377,34.388
2023-04-25 19:00:00,34.387,34.406,34.386,34.401
2023-04-25 19:30:00,34.402,34.417,34.4,34.411
2023-04-25 20:00:00,34.412,34.416,34.405,34.409
2023-04-25 20:30:00,34.408,34.416,34.404,34.413
2023-04-25 21:00:00,34.415,34.415,34.372,34.372
2023-04-25 21:30:00,34.372,34.373,34.366,34.37
2023-04-25 22:00:00,34.369,34.393,34.369,34.391
2023-04-25 22:30:00,34.391,34.394,34.388,34.39
2023-04-25 23:00:00,34.387,34.389,34.37,34.37
2023-04-25 23:30:00,34.371,34.373,34.353,34.353
2023-04-26 00:00:00,34.312,34.366,34.312,34.366
2023-04-26 00:30:00,34.363,34.372,34.342,34.354
2023-04-26 01:00:00,34.355,34.374,34.352,34.368
2023-04-26 01:30:00,34.369,34.369,34.363,34.365
2023-04-26 02:00:00,34.366,34.37,34.361,34.364
2023-04-26 02:30:00,34.365,34.365,34.32,34.33
2023-04-26 03:00:00,34.329,34.376,34.322,34.345
2023-04-26 03:30:00,34.343,34.376,34.338,34.351
2023-04-26 04:00:00,34.35,34.367,34.334,34.342
2023-04-26 04:30:00,34.34,34.34,34.28,34.285
2023-04-26 05:00:00,34.286,34.326,34.286,34.317
2023-04-26 05:30:00,34.316,34.336,34.31,34.319
2023-04-26 06:00:00,34.321,34.341,34.308,34.34
2023-04-26 06:30:00,34.34,34.352,34.324,34.328
2023-04-26 07:00:00,34.327,34.335,34.262,34.279
2023-04-26 07:30:00,34.28,34.28,34.235,34.247
2023-04-26 08:00:00,34.247,34.28,34.247,34.273
2023-04-26 08:30:00,34.273,34.275,34.249,34.252
2023-04-26 09:00:00,34.251,34.258,34.234,34.248
2023-04-26 09:30:00,34.249,34.251,34.165,34.192
2023-04-26 10:00:00,34.193,34.237,34.184,34.213
2023-04-26 10:30:00,34.212,34.243,34.209,34.223
2023-04-26 11:00:00,34.223,34.237,34.21,34.214
2023-04-26 11:30:00,34.212,34.22,34.199,34.199
2023-04-26 12:00:00,34.196,34.218,34.18,34.215
2023-04-26 12:30:00,34.214,34.216,34.187,34.204
2023-04-26 13:00:00,34.206,34.206,34.185,34.196
2023-04-26 13:30:00,34.197,34.199,34.172,34.177
2023-04-26 14:00:00,34.179,34.183,34.158,34.163
2023-04-26 14:30:00,34.163,34.186,34.161,34.179
2023-04-26 15:00:00,34.179,34.198,34.163,34.165
2023-04-26 15:30:00,34.164,34.174,34.128,34.132
2023-04-26 16:00:00,34.131,34.14,34.075,34.099
2023-04-26 16:30:00,34.099,34.116,34.079,34.107
2023-04-26 17:00:00,34.108,34.122,34.088,34.088
2023-04-26 17:30:00,34.089,34.098,34.085,34.087
2023-04-26 18:00:00,34.088,34.099,34.07,34.08
2023-04-26 18:30:00,34.079,34.096,34.073,34.094
2023-04-26 19:00:00,34.096,34.142,34.094,34.138
2023-04-26 19:30:00,34.139,34.158,34.133,34.145
2023-04-26 20:00:00,34.144,34.146,34.127,34.129
2023-04-26 20:30:00,34.129,34.161,34.128,34.132
2023-04-26 21:00:00,34.132,34.144,34.13,34.141
2023-04-26 21:30:00,34.141,34.145,34.121,34.121
2023-04-26 22:00:00,34.122,34.126,34.12,34.124
2023-04-26 22:30:00,34.125,34.157,34.125,34.139
2023-04-26 23:00:00,34.141,34.148,34.124,34.126
2023-04-26 23:30:00,34.126,34.128,34.108,34.116
2023-04-27 00:00:00,34.107,34.116,34.091,34.092
2023-04-27 00:30:00,34.092,34.099,34.088,34.094
2023-04-27 01:00:00,34.09,34.1,34.084,34.1
2023-04-27 01:30:00,34.1,34.113,34.099,34.111
2023-04-27 02:00:00,34.066,34.115,34.062,34.115
2023-04-27 02:30:00,34.116,34.136,34.106,34.136
2023-04-27 03:00:00,34.135,34.152,34.118,34.125
2023-04-27 03:30:00,34.126,34.151,34.117,34.145
2023-04-27 04:00:00,34.144,34.16,34.125,34.126
2023-04-27 04:30:00,34.127,34.133,34.057,34.064
2023-04-27 05:00:00,34.063,34.103,34.059,34.1
2023-04-27 05:30:00,34.1,34.104,34.083,34.086
2023-04-27 06:00:00,34.086,34.137,34.07,34.135
2023-04-27 06:30:00,34.134,34.136,34.101,34.121
2023-04-27 07:00:00,34.122,34.125,34.087,34.115
2023-04-27 07:30:00,34.114,34.125,34.103,34.121
2023-04-27 08:00:00,34.122,34.124,34.102,34.103
2023-04-27 08:30:00,34.102,34.107,34.071,34.093
2023-04-27 09:00:00,34.095,34.111,34.072,34.081
2023-04-27 09:30:00,34.08,34.103,34.069,34.073
2023-04-27 10:00:00,34.074,34.145,34.072,34.129
2023-04-27 10:30:00,34.129,34.138,34.107,34.132
2023-04-27 11:00:00,34.132,34.141,34.109,34.133
2023-04-27 11:30:00,34.133,34.138,34.116,34.124
2023-04-27 12:00:00,34.124,34.132,34.1,34.117
2023-04-27 12:30:00,34.116,34.14,34.108,34.135
2023-04-27 13:00:00,34.136,34.14,34.11,34.114
2023-04-27 13:30:00,34.115,34.117,34.096,34.107
2023-04-27 14:00:00,34.106,34.144,34.104,34.142
2023-04-27 14:30:00,34.142,34.142,34.115,34.123
2023-04-27 15:00:00,34.125,34.126,34.086,34.087
2023-04-27 15:30:00,34.087,34.197,34.069,34.176
2023-04-27 16:00:00,34.171,34.185,34.153,34.182
2023-04-27 16:30:00,34.182,34.218,34.16,34.186
2023-04-27 17:00:00,34.185,34.195,34.15,34.177
2023-04-27 17:30:00,34.176,34.184,34.163,34.166
2023-04-27 18:00:00,34.164,34.17,34.111,34.111
2023-04-27 18:30:00,34.111,34.123,34.11,34.121
2023-04-27 19:00:00,34.12,34.144,34.118,34.142
2023-04-27 19:30:00,34.141,34.146,34.134,34.14
2023-04-27 20:00:00,34.141,34.147,34.113,34.115
2023-04-27 20:30:00,34.115,34.118,34.113,34.114
2023-04-27 21:00:00,34.114,34.127,34.114,34.115
2023-04-27 21:30:00,34.116,34.116,34.091,34.096
2023-04-27 22:00:00,34.096,34.129,34.092,34.098
2023-04-27 22:30:00,34.099,34.118,34.097,34.114
2023-04-27 23:00:00,34.115,34.116,34.092,34.097
2023-04-27 23:30:00,34.097,34.114,34.068,34.068
2023-04-28 00:00:00,34.034,34.092,34.034,34.087
2023-04-28 00:30:00,34.074,34.102,34.073,34.1
2023-04-28 01:00:00,34.1,34.115,34.095,34.108
2023-04-28 01:30:00,34.108,34.117,34.105,34.105
2023-04-28 02:00:00,34.107,34.119,34.103,34.105
2023-04-28 02:30:00,34.106,34.118,34.097,34.106
2023-04-28 03:00:00,34.106,34.126,34.088,34.112
2023-04-28 03:30:00,34.111,34.153,34.11,34.143
2023-04-28 04:00:00,34.143,34.15,34.123,34.14
2023-04-28 04:30:00,34.141,34.156,34.082,34.129
2023-04-28 05:00:00,34.129,34.136,34.115,34.123
2023-04-28 05:30:00,34.122,34.143,34.12,34.14
2023-04-28 06:00:00,34.139,34.145,34.095,34.122
2023-04-28 06:30:00,34.122,34.122,34.108,34.116
2023-04-28 07:00:00,34.117,34.178,34.103,34.166
2023-04-28 07:30:00,34.165,34.167,34.141,34.167
2023-04-28 08:00:00,34.168,34.172,34.137,34.147
2023-04-28 08:30:00,34.146,34.169,34.123,34.156
2023-04-28 09:00:00,34.157,34.176,34.149,34.161
2023-04-28 09:30:00,34.16,34.205,34.148,34.161
2023-04-28 10:00:00,34.16,34.172,34.114,34.114
2023-04-28 10:30:00,34.114,34.139,34.079,34.084
2023-04-28 11:00:00,34.082,34.12,34.057,34.093
2023-04-28 11:30:00,34.093,34.115,34.074,34.098
2023-04-28 12:00:00,34.099,34.122,34.091,34.101
2023-04-28 12:30:00,34.1,34.145,34.086,34.145
2023-04-28 13:00:00,34.144,34.149,34.107,34.115
2023-04-28 13:30:00,34.115,34.137,34.104,34.135
2023-04-28 14:00:00,34.136,34.144,34.105,34.107
2023-04-28 14:30:00,34.106,34.127,34.106,34.122
2023-04-28 15:00:00,34.121,34.133,34.107,34.115
2023-04-28 15:30:00,34.117,34.165,34.111,34.14
2023-04-28 16:00:00,34.141,34.142,34.102,34.104
2023-04-28 16:30:00,34.103,34.141,34.094,34.129
2023-04-28 17:00:00,34.131,34.153,34.126,34.141
2023-04-28 17:30:00,34.14,34.143,34.097,34.118
2023-04-28 18:00:00,34.118,34.13,34.092,34.103
2023-04-28 18:30:00,34.103,34.105,34.088,34.093
2023-04-28 19:00:00,34.092,34.116,34.092,34.106
2023-04-28 19:30:00,34.106,34.118,34.105,34.118
2023-04-28 20:00:00,34.119,34.171,34.118,34.154
2023-04-28 20:30:00,34.156,34.157,34.152,34.153
2023-04-28 21:00:00,34.153,34.159,34.153,34.154
2023-04-28 21:30:00,34.155,34.158,34.151,34.153
2023-04-28 22:00:00,34.152,34.162,34.152,34.155
2023-04-28 22:30:00,34.154,34.154,34.139,34.141
2023-04-28 23:00:00,34.14,34.149,34.138,34.139
2023-04-28 23:30:00,34.137,34.139,34.111,34.131
2023-05-01 00:00:00,34.144,34.197,34.065,34.069
2023-05-01 00:30:00,34.041,34.106,34.041,34.106
2023-05-01 01:00:00,34.103,34.111,34.101,34.111
2023-05-01 01:30:00,34.112,34.113,34.107,34.107
2023-05-01 02:00:00,34.107,34.143,34.107,34.133
2023-05-01 02:30:00,34.134,34.142,34.133,34.142
2023-05-01 03:00:00,34.141,34.194,34.139,34.191
2023-05-01 03:30:00,34.192,34.193,34.159,34.178
2023-05-01 04:00:00,34.176,34.187,34.169,34.181
2023-05-01 04:30:00,34.181,34.194,34.177,34.181
2023-05-01 05:00:00,34.182,34.208,34.18,34.202
2023-05-01 05:30:00,34.201,34.203,34.183,34.189
2023-05-01 06:00:00,34.188,34.196,34.173,34.183
2023-05-01 06:30:00,34.184,34.197,34.183,34.187
2023-05-01 07:00:00,34.187,34.202,34.17,34.177
2023-05-01 07:30:00,34.177,34.205,34.177,34.194
2023-05-01 08:00:00,34.195,34.224,34.193,34.217
2023-05-01 08:30:00,34.217,34.219,34.197,34.207
2023-05-01 09:00:00,34.208,34.226,34.177,34.195
2023-05-01 09:30:00,34.196,34.203,34.17,34.182
2023-05-01 10:00:00,34.177,34.204,34.164,34.188
2023-05-01 10:30:00,34.187,34.199,34.178,34.18
2023-05-01 11:00:00,34.181,34.217,34.181,34.214
2023-05-01 11:30:00,34.214,34.217,34.188,34.194
2023-05-01 12:00:00,34.195,34.204,34.182,34.191
2023-05-01 12:30:00,34.192,34.201,34.186,34.196
2023-05-01 13:00:00,34.196,34.202,34.188,34.198
2023-05-01 13:30:00,34.199,34.201,34.193,34.194
2023-05-01 14:00:00,34.193,34.205,34.191,34.202
2023-05-01 14:30:00,34.202,34.216,34.199,34.213
2023-05-01 15:00:00,34.214,34.222,34.17,34.171
2023-05-01 15:30:00,34.171,34.176,34.096,34.102
2023-05-01 16:00:00,34.103,34.121,34.096,34.119
2023-05-01 16:30:00,34.12,34.133,34.101,34.108
2023-05-01 17:00:00,34.11,34.227,34.096,34.214
2023-05-01 17:30:00,34.214,34.24,34.21,34.229
2023-05-01 18:00:00,34.229,34.251,34.229,34.243
2023-05-01 18:30:00,34.242,34.245,34.229,34.233
2023-05-01 19:00:00,34.234,34.236,34.221,34.234
2023-05-01 19:30:00,34.234,34.237,34.225,34.227
2023-05-01 20:00:00,34.226,34.234,34.226,34.234
2023-05-01 20:30:00,34.233,34.239,34.233,34.238
2023-05-01 21:00:00,34.236,34.238,34.235,34.235
2023-05-01 21:30:00,34.236,34.236,34.234,34.236
2023-05-01 22:00:00,34.235,34.24,34.235,34.235
2023-05-01 22:30:00,34.237,34.239,34.234,34.236
2023-05-01 23:00:00,34.236,34.24,34.235,34.238
2023-05-01 23:30:00,34.239,34.242,34.199,34.199
2023-05-02 00:00:00,34.19,34.204,34.141,34.172
2023-05-02 00:30:00,34.172,34.172,34.079,34.079
2023-05-02 01:00:00,34.087,34.21,34.087,34.209
2023-05-02 01:30:00,34.208,34.22,34.203,34.219
2023-05-02 02:00:00,34.164,34.237,34.163,34.214
2023-05-02 02:30:00,34.213,34.214,34.191,34.203
2023-05-02 03:00:00,34.204,34.207,34.166,34.201
2023-05-02 03:30:00,34.201,34.205,34.16,34.164
2023-05-02 04:00:00,34.161,34.167,34.118,34.13
2023-05-02 04:30:00,34.129,34.166,34.122,34.162
2023-05-02 05:00:00,34.162,34.196,34.162,34.183
2023-05-02 05:30:00,34.182,34.194,34.169,34.171
2023-05-02 06:00:00,34.172,34.183,34.165,34.181
2023-05-02 06:30:00,34.18,34.229,34.177,34.228
2023-05-02 07:00:00,34.226,34.226,34.197,34.212
2023-05-02 07:30:00,34.211,34.212,34.181,34.201
2023-05-02 08:00:00,34.202,34.203,34.162,34.173
2023-05-02 08:30:00,34.172,34.191,34.165,34.188
2023-05-02 09:00:00,34.189,34.19,34.151,34.167
2023-05-02 09:30:00,34.168,34.195,34.164,34.182
2023-05-02 10:00:00,34.181,34.191,34.173,34.187
2023-05-02 10:30:00,34.187,34.205,34.174,34.2
2023-05-02 11:00:00,34.201,34.244,34.201,34.217
2023-05-02 11:30:00,34.216,34.219,34.182,34.186
2023-05-02 12:00:00,34.187,34.217,34.163,34.216
2023-05-02 12:30:00,34.217,34.223,34.192,34.203
2023-05-02 13:00:00,34.203,34.217,34.201,34.202
2023-05-02 13:30:00,34.203,34.207,34.191,34.196
2023-05-02 14:00:00,34.196,34.196,34.157,34.164
2023-05-02 14:30:00,34.165,34.181,34.162,34.172
2023-05-02 15:00:00,34.173,34.187,34.169,34.184
2023-05-02 15:30:00,34.185,34.191,34.178,34.189
2023-05-02 16:00:00,34.19,34.194,34.176,34.182
2023-05-02 16:30:00,34.182,34.207,34.177,34.187
2023-05-02 17:00:00,34.186,34.19,34.132,34.135
2023-05-02 17:30:00,34.136,34.136,34.071,34.107
2023-05-02 18:00:00,34.106,34.11,34.069,34.1
2023-05-02 18:30:00,34.101,34.106,34.076,34.085
2023-05-02 19:00:00,34.083,34.086,34.058,34.069
2023-05-02 19:30:00,34.07,34.072,34.059,34.071
2023-05-02 20:00:00,34.07,34.074,34.069,34.07
2023-05-02 20:30:00,34.07,34.081,34.07,34.081
2023-05-02 21:00:00,34.08,34.101,34.079,34.084
2023-05-02 21:30:00,34.085,34.088,34.083,34.084
2023-05-02 22:00:00,34.084,34.085,34.055,34.058
2023-05-02 22:30:00,34.058,34.069,34.054,34.061
2023-05-02 23:00:00,34.062,34.07,34.062,34.064
2023-05-02 23:30:00,34.062,34.072,34.057,34.064
2023-05-03 00:00:00,34.003,34.059,34.003,34.057
2023-05-03 00:30:00,34.056,34.063,34.054,34.062
2023-05-03 01:00:00,34.061,34.083,34.061,34.078
2023-05-03 01:30:00,34.079,34.087,34.073,34.087
2023-05-03 02:00:00,34.088,34.088,34.055,34.058
2023-05-03 02:30:00,34.059,34.07,34.052,34.065
2023-05-03 03:00:00,34.062,34.093,34.052,34.08
2023-05-03 03:30:00,34.081,34.097,34.051,34.051
2023-05-03 04:00:00,34.051,34.069,33.986,34.0
2023-05-03 04:30:00,34.0,34.022,33.984,33.992
2023-05-03 05:00:00,33.99,34.053,33.988,34.046
2023-05-03 05:30:00,34.046,34.056,34.034,34.053
2023-05-03 06:00:00,34.052,34.072,34.045,34.063
2023-05-03 06:30:00,34.063,34.076,34.034,34.037
2023-05-03 07:00:00,34.037,34.056,34.032,34.054
2023-05-03 07:30:00,34.053,34.055,34.039,34.043
2023-05-03 08:00:00,34.043,34.044,34.03,34.034
2023-05-03 08:30:00,34.035,34.048,34.029,34.041
2023-05-03 09:00:00,34.04,34.041,34.024,34.032
2023-05-03 09:30:00,34.033,34.068,34.028,34.043
2023-05-03 10:00:00,34.041,34.06,34.029,34.056
2023-05-03 10:30:00,34.055,34.071,34.043,34.043
2023-05-03 11:00:00,34.044,34.049,34.016,34.016
2023-05-03 11:30:00,34.018,34.025,34.005,34.016
2023-05-03 12:00:00,34.015,34.021,34.006,34.011
2023-05-03 12:30:00,34.011,34.036,34.011,34.025
2023-05-03 13:00:00,34.026,34.044,34.022,34.041
2023-05-03 13:30:00,34.041,34.043,34.026,34.037
2023-05-03 14:00:00,34.037,34.045,34.023,34.026
2023-05-03 14:30:00,34.025,34.026,33.977,33.98
2023-05-03 15:00:00,33.981,34.011,33.973,33.993
2023-05-03 15:30:00,33.994,34.018,33.985,34.002
2023-05-03 16:00:00,34.002,34.014,33.992,33.994
2023-05-03 16:30:00,33.994,34.008,33.982,33.988
2023-05-03 17:00:00,33.989,33.998,33.973,33.974
2023-05-03 17:30:00,33.976,33.985,33.966,33.974
2023-05-03 18:00:00,33.974,33.981,33.947,33.957
2023-05-03 18:30:00,33.956,33.961,33.946,33.949
2023-05-03 19:00:00,33.948,33.95,33.937,33.946
2023-05-03 19:30:00,33.945,33.952,33.944,33.947
2023-05-03 20:00:00,33.946,33.955,33.939,33.94
2023-05-03 20:30:00,33.939,33.956,33.938,33.956
2023-05-03 21:00:00,33.946,33.953,33.872,33.907
2023-05-03 21:30:00,33.904,33.977,33.903,33.915
2023-05-03 22:00:00,33.912,34.008,33.898,33.952
2023-05-03 22:30:00,33.953,34.012,33.925,33.945
2023-05-03 23:00:00,33.943,33.954,33.939,33.944
2023-05-03 23:30:00,33.942,33.946,33.883,33.883
2023-05-04 00:00:00,33.869,33.88,33.836,33.865
2023-05-04 00:30:00,33.864,33.885,33.864,33.882
2023-05-04 01:00:00,33.841,33.908,33.827,33.907
2023-05-04 01:30:00,33.907,33.91,33.894,33.909
2023-05-04 02:00:00,33.91,33.915,33.87,33.873
2023-05-04 02:30:00,33.868,33.868,33.847,33.855
2023-05-04 03:00:00,33.856,33.872,33.784,33.872
2023-05-04 03:30:00,33.874,33.874,33.833,33.86
2023-05-04 04:00:00,33.858,33.874,33.801,33.801
2023-05-04 04:30:00,33.8,33.828,33.784,33.798
2023-05-04 05:00:00,33.799,33.808,33.778,33.789
2023-05-04 05:30:00,33.788,33.803,33.78,33.795
2023-05-04 06:00:00,33.793,33.827,33.792,33.819
2023-05-04 06:30:00,33.818,33.831,33.814,33.828
2023-05-04 07:00:00,33.828,33.829,33.807,33.81
2023-05-04 07:30:00,33.809,33.809,33.785,33.791
2023-05-04 08:00:00,33.792,33.806,33.784,33.791
2023-05-04 08:30:00,33.791,33.811,33.782,33.798
2023-05-04 09:00:00,33.799,33.818,33.794,33.813
2023-05-04 09:30:00,33.814,33.847,33.812,33.843
2023-05-04 10:00:00,33.842,33.879,33.842,33.861
2023-05-04 10:30:00,33.861,33.861,33.828,33.837
2023-05-04 11:00:00,33.837,33.845,33.798,33.817
2023-05-04 11:30:00,33.816,33.859,33.809,33.857
2023-05-04 12:00:00,33.856,33.867,33.834,33.835
2023-05-04 12:30:00,33.834,33.838,33.829,33.837
2023-05-04 13:00:00,33.836,33.843,33.816,33.827
2023-05-04 13:30:00,33.828,33.83,33.808,33.811
2023-05-04 14:00:00,33.812,33.812,33.78,33.782
2023-05-04 14:30:00,33.783,33.79,33.779,33.786
2023-05-04 15:00:00,33.787,33.823,33.781,33.819
2023-05-04 15:30:00,33.819,33.865,33.819,33.859
2023-05-04 16:00:00,33.86,33.861,33.819,33.86
2023-05-04 16:30:00,33.86,33.861,33.789,33.793
2023-05-04 17:00:00,33.791,33.805,33.771,33.775
2023-05-04 17:30:00,33.775,33.791,33.765,33.777
2023-05-04 18:00:00,33.779,33.802,33.769,33.785
2023-05-04 18:30:00,33.787,33.791,33.774,33.778
2023-05-04 19:00:00,33.776,33.78,33.765,33.777
2023-05-04 19:30:00,33.778,33.783,33.769,33.771
2023-05-04 20:00:00,33.772,33.778,33.771,33.777
2023-05-04 20:30:00,33.776,33.778,33.773,33.777
2023-05-04 21:00:00,33.777,33.795,33.777,33.782
2023-05-04 21:30:00,33.781,33.784,33.774,33.775
2023-05-04 22:00:00,33.775,33.778,33.768,33.77
2023-05-04 22:30:00,33.77,33.775,33.769,33.774
2023-05-04 23:00:00,33.774,33.779,33.769,33.776
2023-05-04 23:30:00,33.775,33.78,33.76,33.763
2023-05-05 00:00:00,33.763,33.784,33.753,33.763
2023-05-05 00:30:00,33.763,33.765,33.762,33.762
2023-05-05 01:00:00,33.763,33.775,33.759,33.774
2023-05-05 01:30:00,33.773,33.781,33.772,33.779
2023-05-05 02:00:00,33.718,33.789,33.7,33.785
2023-05-05 02:30:00,33.786,33.791,33.785,33.788
2023-05-05 03:00:00,33.789,33.792,33.78,33.783
2023-05-05 03:30:00,33.784,33.784,33.766,33.77
2023-05-05 04:00:00,33.768,33.771,33.725,33.73
2023-05-05 04:30:00,33.728,33.728,33.656,33.716
2023-05-05 05:00:00,33.715,33.741,33.702,33.723
2023-05-05 05:30:00,33.724,33.728,33.698,33.705
2023-05-05 06:00:00,33.705,33.706,33.677,33.687
2023-05-05 06:30:00,33.686,33.694,33.679,33.684
2023-05-05 07:00:00,33.684,33.691,33.671,33.671
2023-05-05 07:30:00,33.67,33.673,33.661,33.663
2023-05-05 08:00:00,33.664,33.715,33.658,33.699
2023-05-05 08:30:00,33.697,33.774,33.696,33.774
2023-05-05 09:00:00,33.774,33.788,33.742,33.785
2023-05-05 09:30:00,33.785,33.786,33.727,33.738
2023-05-05 10:00:00,33.738,33.76,33.713,33.713
2023-05-05 10:30:00,33.715,33.745,33.714,33.743
2023-05-05 11:00:00,33.742,33.761,33.734,33.756
2023-05-05 11:30:00,33.757,33.76,33.738,33.738
2023-05-05 12:00:00,33.737,33.751,33.735,33.741
2023-05-05 12:30:00,33.742,33.744,33.722,33.729
2023-05-05 13:00:00,33.728,33.73,33.715,33.725
2023-05-05 13:30:00,33.724,33.741,33.724,33.726
2023-05-05 14:00:00,33.727,33.732,33.711,33.714
2023-05-05 14:30:00,33.714,33.748,33.712,33.744
2023-05-05 15:00:00,33.743,33.768,33.664,33.687
2023-05-05 15:30:00,33.686,33.907,33.62,33.877
2023-05-05 16:00:00,33.876,33.9,33.849,33.895
2023-05-05 16:30:00,33.894,33.92,33.876,33.914
2023-05-05 17:00:00,33.914,33.932,33.862,33.864
2023-05-05 17:30:00,33.864,33.872,33.85,33.862
2023-05-05 18:00:00,33.863,33.879,33.852,33.86
2023-05-05 18:30:00,33.861,33.897,33.86,33.864
2023-05-05 19:00:00,33.861,33.868,33.859,33.865
2023-05-05 19:30:00,33.864,33.867,33.856,33.857
2023-05-05 20:00:00,33.856,33.86,33.849,33.857
2023-05-05 20:30:00,33.856,33.862,33.85,33.854
2023-05-05 21:00:00,33.855,33.859,33.838,33.838
2023-05-05 21:30:00,33.841,33.841,33.83,33.836
2023-05-05 22:00:00,33.837,33.841,33.831,33.832
2023-05-05 22:30:00,33.83,33.833,33.83,33.833
2023-05-05 23:00:00,33.834,33.845,33.831,33.831
2023-05-05 23:30:00,33.832,33.846,33.808,33.821
2023-05-08 00:00:00,33.86,33.905,33.825,33.844
2023-05-08 00:30:00,33.844,33.847,33.786,33.847
2023-05-08 01:00:00,33.85,33.86,33.848,33.856
2023-05-08 01:30:00,33.855,33.857,33.84,33.843
2023-05-08 02:00:00,33.845,33.851,33.843,33.849
2023-05-08 02:30:00,33.85,33.853,33.845,33.85
2023-05-08 03:00:00,33.852,33.872,33.837,33.863
2023-05-08 03:30:00,33.864,33.903,33.861,33.876
2023-05-08 04:00:00,33.877,33.931,33.865,33.924
2023-05-08 04:30:00,33.923,33.953,33.89,33.931
2023-05-08 05:00:00,33.93,33.984,33.927,33.966
2023-05-08 05:30:00,33.965,33.992,33.953,33.983
2023-05-08 06:00:00,33.984,34.022,33.95,33.955
2023-05-08 06:30:00,33.956,33.969,33.941,33.954
2023-05-08 07:00:00,33.955,33.962,33.921,33.943
2023-05-08 07:30:00,33.942,33.944,33.887,33.902
2023-05-08 08:00:00,33.901,33.922,33.899,33.919
2023-05-08 08:30:00,33.918,33.927,33.905,33.92
2023-05-08 09:00:00,33.921,33.931,33.879,33.889
2023-05-08 09:30:00,33.89,33.906,33.885,33.891
2023-05-08 10:00:00,33.892,33.908,33.872,33.874
2023-05-08 10:30:00,33.872,33.895,33.871,33.878
2023-05-08 11:00:00,33.879,33.879,33.845,33.849
2023-05-08 11:30:00,33.849,33.852,33.815,33.842
2023-05-08 12:00:00,33.843,33.859,33.832,33.844
2023-05-08 12:30:00,33.844,33.844,33.778,33.801
2023-05-08 13:00:00,33.8,33.825,33.799,33.817
2023-05-08 13:30:00,33.816,33.836,33.813,33.831
2023-05-08 14:00:00,33.83,33.867,33.812,33.865
2023-05-08 14:30:00,33.862,33.874,33.847,33.867
2023-05-08 15:00:00,33.868,33.892,33.85,33.891
2023-05-08 15:30:00,33.89,33.894,33.856,33.86
2023-05-08 16:00:00,33.859,33.863,33.847,33.856
2023-05-08 16:30:00,33.856,33.863,33.817,33.824
2023-05-08 17:00:00,33.823,33.837,33.816,33.826
2023-05-08 17:30:00,33.825,33.839,33.81,33.83
2023-05-08 18:00:00,33.828,33.843,33.818,33.819
2023-05-08 18:30:00,33.819,33.832,33.818,33.826
2023-05-08 19:00:00,33.827,33.834,33.818,33.83
2023-05-08 19:30:00,33.831,33.831,33.796,33.814
2023-05-08 20:00:00,33.813,33.848,33.813,33.845
2023-05-08 20:30:00,33.845,33.872,33.844,33.868
2023-05-08 21:00:00,33.869,33.894,33.852,33.861
2023-05-08 21:30:00,33.861,33.864,33.86,33.861
2023-05-08 22:00:00,33.861,33.864,33.86,33.862
2023-05-08 22:30:00,33.862,33.867,33.86,33.865
2023-05-08 23:00:00,33.865,33.868,33.861,33.866
2023-05-08 23:30:00,33.864,33.882,33.849,33.876
2023-05-09 00:00:00,33.871,33.876,33.794,33.804
2023-05-09 00:30:00,33.802,33.813,33.792,33.812
2023-05-09 01:00:00,33.812,33.821,33.805,33.818
2023-05-09 01:30:00,33.819,33.824,33.809,33.81
2023-05-09 02:00:00,33.809,33.822,33.8,33.816
2023-05-09 02:30:00,33.818,33.821,33.813,33.819
2023-05-09 03:00:00,33.82,33.888,33.82,33.867
2023-05-09 03:30:00,33.867,33.886,33.858,33.868
2023-05-09 04:00:00,33.868,33.874,33.716,33.731
2023-05-09 04:30:00,33.73,33.779,33.715,33.733
2023-05-09 05:00:00,33.733,33.744,33.711,33.729
2023-05-09 05:30:00,33.73,33.742,33.725,33.74
2023-05-09 06:00:00,33.739,33.753,33.692,33.699
2023-05-09 06:30:00,33.701,33.701,33.667,33.669
2023-05-09 07:00:00,33.67,33.689,33.657,33.671
2023-05-09 07:30:00,33.671,33.71,33.657,33.702
2023-05-09 08:00:00,33.703,33.706,33.679,33.685
2023-05-09 08:30:00,33.684,33.706,33.681,33.696
2023-05-09 09:00:00,33.695,33.717,33.685,33.702
2023-05-09 09:30:00,33.701,33.713,33.689,33.701
2023-05-09 10:00:00,33.7,33.714,33.673,33.703
2023-05-09 10:30:00,33.704,33.746,33.702,33.726
2023-05-09 11:00:00,33.726,33.731,33.714,33.725
2023-05-09 11:30:00,33.726,33.742,33.716,33.738
2023-05-09 12:00:00,33.74,33.741,33.713,33.737
2023-05-09 12:30:00,33.739,33.742,33.713,33.718
2023-05-09 13:00:00,33.716,33.719,33.675,33.689
2023-05-09 13:30:00,33.69,33.696,33.665,33.667
2023-05-09 14:00:00,33.667,33.681,33.651,33.68
2023-05-09 14:30:00,33.681,33.704,33.676,33.684
2023-05-09 15:00:00,33.684,33.691,33.674,33.681
2023-05-09 15:30:00,33.682,33.702,33.676,33.699
2023-05-09 16:00:00,33.7,33.73,33.693,33.728
2023-05-09 16:30:00,33.727,33.743,33.688,33.69
2023-05-09 17:00:00,33.691,33.709,33.685,33.7
2023-05-09 17:30:00,33.701,33.71,33.693,33.707
2023-05-09 18:00:00,33.707,33.736,33.703,33.734
2023-05-09 18:30:00,33.734,33.737,33.72,33.731
2023-05-09 19:00:00,33.731,33.731,33.704,33.706
2023-05-09 19:30:00,33.706,33.73,33.705,33.727
2023-05-09 20:00:00,33.729,33.729,33.699,33.702
2023-05-09 20:30:00,33.701,33.709,33.697,33.708
2023-05-09 21:00:00,33.707,33.71,33.707,33.708
2023-05-09 21:30:00,33.709,33.711,33.708,33.709
2023-05-09 22:00:00,33.71,33.714,33.709,33.712
2023-05-09 22:30:00,33.712,33.728,33.697,33.724
2023-05-09 23:00:00,33.723,33.723,33.71,33.711
2023-05-09 23:30:00,33.711,33.717,33.705,33.71
2023-05-10 00:00:00,33.659,33.685,33.659,33.682
2023-05-10 00:30:00,33.684,33.693,33.682,33.691
2023-05-10 01:00:00,33.691,33.704,33.691,33.7
2023-05-10 01:30:00,33.697,33.697,33.677,33.678
2023-05-10 02:00:00,33.68,33.682,33.671,33.682
2023-05-10 02:30:00,33.681,33.681,33.67,33.675
2023-05-10 03:00:00,33.675,33.682,33.651,33.669
2023-05-10 03:30:00,33.669,33.669,33.652,33.654
2023-05-10 04:00:00,33.653,33.653,33.614,33.631
2023-05-10 04:30:00,33.631,33.663,33.623,33.655
2023-05-10 05:00:00,33.654,33.66,33.643,33.652
2023-05-10 05:30:00,33.652,33.653,33.619,33.645
2023-05-10 06:00:00,33.644,33.646,33.628,33.641
2023-05-10 06:30:00,33.64,33.645,33.635,33.643
2023-05-10 07:00:00,33.644,33.651,33.641,33.644
2023-05-10 07:30:00,33.645,33.656,33.639,33.652
2023-05-10 08:00:00,33.653,33.683,33.649,33.68
2023-05-10 08:30:00,33.679,33.698,33.676,33.683
2023-05-10 09:00:00,33.682,33.694,33.674,33.689
2023-05-10 09:30:00,33.69,33.74,33.687,33.727
2023-05-10 10:00:00,33.728,33.733,33.703,33.717
2023-05-10 10:30:00,33.719,33.719,33.683,33.707
2023-05-10 11:00:00,33.708,33.723,33.698,33.717
2023-05-10 11:30:00,33.716,33.734,33.711,33.73
2023-05-10 12:00:00,33.731,33.731,33.673,33.676
2023-05-10 12:30:00,33.678,33.695,33.66,33.662
2023-05-10 13:00:00,33.662,33.663,33.639,33.649
2023-05-10 13:30:00,33.65,33.661,33.644,33.65
2023-05-10 14:00:00,33.65,33.659,33.645,33.656
2023-05-10 14:30:00,33.656,33.672,33.654,33.671
2023-05-10 15:00:00,33.67,33.695,33.661,33.674
2023-05-10 15:30:00,33.661,33.664,33.5,33.505
2023-05-10 16:00:00,33.504,33.574,33.502,33.572
2023-05-10 16:30:00,33.572,33.578,33.54,33.563
2023-05-10 17:00:00,33.564,33.571,33.526,33.548
2023-05-10 17:30:00,33.547,33.628,33.547,33.605
2023-05-10 18:00:00,33.606,33.664,33.6,33.659
2023-05-10 18:30:00,33.658,33.675,33.657,33.661
2023-05-10 19:00:00,33.658,33.662,33.631,33.637
2023-05-10 19:30:00,33.639,33.639,33.632,33.633
2023-05-10 20:00:00,33.634,33.65,33.633,33.65
2023-05-10 20:30:00,33.649,33.658,33.636,33.658
2023-05-10 21:00:00,33.658,33.66,33.655,33.657
2023-05-10 21:30:00,33.672,33.675,33.654,33.657
2023-05-10 22:00:00,33.657,33.665,33.657,33.659
2023-05-10 22:30:00,33.659,33.662,33.654,33.654
2023-05-10 23:00:00,33.654,33.661,33.653,33.66
2023-05-10 23:30:00,33.659,33.662,33.622,33.638
2023-05-11 00:00:00,33.614,33.614,33.482,33.606
2023-05-11 00:30:00,33.609,33.614,33.543,33.611
2023-05-11 01:00:00,33.609,33.628,33.608,33.628
2023-05-11 01:30:00,33.629,33.63,33.623,33.624
2023-05-11 02:00:00,33.625,33.664,33.625,33.636
2023-05-11 02:30:00,33.637,33.664,33.636,33.649
2023-05-11 03:00:00,33.651,33.653,33.576,33.58
2023-05-11 03:30:00,33.581,33.608,33.573,33.582
2023-05-11 04:00:00,33.583,33.605,33.566,33.574
2023-05-11 04:30:00,33.572,33.635,33.571,33.623
2023-05-11 05:00:00,33.623,33.633,33.602,33.625
2023-05-11 05:30:00,33.623,33.697,33.62,33.689
2023-05-11 06:00:00,33.688,33.692,33.673,33.68
2023-05-11 06:30:00,33.681,33.736,33.681,33.736
2023-05-11 07:00:00,33.735,33.738,33.705,33.721
2023-05-11 07:30:00,33.721,33.736,33.719,33.725
2023-05-11 08:00:00,33.725,33.728,33.71,33.719
2023-05-11 08:30:00,33.719,33.726,33.697,33.707
2023-05-11 09:00:00,33.707,33.743,33.701,33.735
2023-05-11 09:30:00,33.735,33.786,33.735,33.779
2023-05-11 10:00:00,33.779,33.779,33.708,33.725
2023-05-11 10:30:00,33.726,33.763,33.703,33.751
2023-05-11 11:00:00,33.751,33.772,33.742,33.752
2023-05-11 11:30:00,33.753,33.76,33.733,33.748
2023-05-11 12:00:00,33.748,33.753,33.726,33.744
2023-05-11 12:30:00,33.745,33.745,33.718,33.721
2023-05-11 13:00:00,33.722,33.735,33.714,33.729
2023-05-11 13:30:00,33.73,33.734,33.72,33.731
2023-05-11 14:00:00,33.732,33.732,33.689,33.695
2023-05-11 14:30:00,33.694,33.699,33.669,33.671
2023-05-11 15:00:00,33.672,33.68,33.664,33.664
2023-05-11 15:30:00,33.665,33.68,33.616,33.673
2023-05-11 16:00:00,33.675,33.72,33.673,33.716
2023-05-11 16:30:00,33.714,33.824,33.712,33.817
2023-05-11 17:00:00,33.817,33.83,33.804,33.817
2023-05-11 17:30:00,33.815,33.82,33.775,33.778
2023-05-11 18:00:00,33.778,33.806,33.776,33.799
2023-05-11 18:30:00,33.798,33.837,33.796,33.837
2023-05-11 19:00:00,33.835,33.838,33.82,33.827
2023-05-11 19:30:00,33.828,33.837,33.825,33.833
2023-05-11 20:00:00,33.832,33.835,33.829,33.831
2023-05-11 20:30:00,33.83,33.848,33.827,33.845
2023-05-11 21:00:00,33.844,33.847,33.843,33.846
2023-05-11 21:30:00,33.845,33.85,33.844,33.849
2023-05-11 22:00:00,33.848,33.85,33.846,33.849
2023-05-11 22:30:00,33.851,33.866,33.849,33.864
2023-05-11 23:00:00,33.862,33.869,33.86,33.867
2023-05-11 23:30:00,33.869,33.869,33.814,33.827
2023-05-12 00:00:00,33.827,33.832,33.781,33.788
2023-05-12 00:30:00,33.783,33.825,33.78,33.823
2023-05-12 01:00:00,33.822,33.826,33.821,33.825
2023-05-12 01:30:00,33.826,33.829,33.824,33.824
2023-05-12 02:00:00,33.825,33.826,33.806,33.823
2023-05-12 02:30:00,33.822,33.825,33.809,33.825
2023-05-12 03:00:00,33.826,33.835,33.812,33.824
2023-05-12 03:30:00,33.824,33.844,33.82,33.835
2023-05-12 04:00:00,33.836,33.864,33.827,33.855
2023-05-12 04:30:00,33.854,33.906,33.853,33.898
2023-05-12 05:00:00,33.897,33.922,33.891,33.897
2023-05-12 05:30:00,33.896,33.93,33.896,33.918
2023-05-12 06:00:00,33.919,33.929,33.901,33.912
2023-05-12 06:30:00,33.913,33.926,33.901,33.903
2023-05-12 07:00:00,33.904,33.908,33.87,33.88
2023-05-12 07:30:00,33.879,33.903,33.876,33.9
2023-05-12 08:00:00,33.9,33.924,33.899,33.911
2023-05-12 08:30:00,33.913,33.943,33.907,33.938
2023-05-12 09:00:00,33.939,33.948,33.934,33.936
2023-05-12 09:30:00,33.936,33.978,33.936,33.971
2023-05-12 10:00:00,33.97,33.973,33.906,33.912
2023-05-12 10:30:00,33.911,33.948,33.899,33.946
2023-05-12 11:00:00,33.946,33.987,33.935,33.978
2023-05-12 11:30:00,33.978,33.981,33.947,33.953
2023-05-12 12:00:00,33.953,33.965,33.932,33.956
2023-05-12 12:30:00,33.956,34.006,33.955,33.994
2023-05-12 13:00:00,33.994,34.0,33.982,33.995
2023-05-12 13:30:00,33.996,33.998,33.976,33.981
2023-05-12 14:00:00,33.976,33.992,33.973,33.987
2023-05-12 14:30:00,33.987,33.998,33.975,33.98
2023-05-12 15:00:00,33.98,33.987,33.966,33.976
2023-05-12 15:30:00,33.975,33.982,33.956,33.959
2023-05-12 16:00:00,33.958,33.96,33.882,33.892
2023-05-12 16:30:00,33.893,33.905,33.879,33.888
2023-05-12 17:00:00,33.891,33.967,33.873,33.963
2023-05-12 17:30:00,33.962,33.977,33.961,33.977
2023-05-12 18:00:00,33.976,33.987,33.97,33.972
2023-05-12 18:30:00,33.972,33.995,33.967,33.994
2023-05-12 19:00:00,33.993,34.002,33.988,34.0
2023-05-12 19:30:00,33.999,34.0,33.985,33.986
2023-05-12 20:00:00,33.985,33.986,33.954,33.954
2023-05-12 20:30:00,33.955,33.975,33.954,33.969
2023-05-12 21:00:00,33.972,33.991,33.966,33.99
2023-05-12 21:30:00,33.991,33.997,33.986,33.992
2023-05-12 22:00:00,33.993,33.995,33.97,33.97
2023-05-12 22:30:00,33.972,33.977,33.965,33.973
2023-05-12 23:00:00,33.972,33.984,33.965,33.983
2023-05-12 23:30:00,33.981,33.988,33.939,33.952
2023-05-15 00:00:00,33.887,33.895,33.698,33.884
2023-05-15 00:30:00,33.877,33.911,33.877,33.904
2023-05-15 01:00:00,33.905,33.91,33.903,33.904
2023-05-15 01:30:00,33.906,33.92,33.879,33.919
2023-05-15 02:00:00,33.92,33.92,33.9,33.911
2023-05-15 02:30:00,33.911,33.929,33.884,33.884
2023-05-15 03:00:00,33.883,33.892,33.842,33.85
2023-05-15 03:30:00,33.849,33.868,33.688,33.755
2023-05-15 04:00:00,33.752,33.757,33.693,33.746
2023-05-15 04:30:00,33.747,33.788,33.743,33.772
2023-05-15 05:00:00,33.772,33.876,33.767,33.854
2023-05-15 05:30:00,33.86,33.86,33.826,33.844
2023-05-15 06:00:00,33.844,33.849,33.807,33.812
2023-05-15 06:30:00,33.812,33.841,33.809,33.839
2023-05-15 07:00:00,33.839,33.849,33.823,33.827
2023-05-15 07:30:00,33.827,33.842,33.826,33.831
2023-05-15 08:00:00,33.83,33.835,33.737,33.764
2023-05-15 08:30:00,33.764,33.77,33.746,33.75
2023-05-15 09:00:00,33.75,33.77,33.723,33.736
2023-05-15 09:30:00,33.736,33.762,33.699,33.699
2023-05-15 10:00:00,33.699,33.747,33.696,33.734
2023-05-15 10:30:00,33.733,33.736,33.699,33.728
2023-05-15 11:00:00,33.728,33.734,33.708,33.712
2023-05-15 11:30:00,33.713,33.742,33.704,33.735
2023-05-15 12:00:00,33.731,33.766,33.723,33.756
2023-05-15 12:30:00,33.755,33.794,33.755,33.785
2023-05-15 13:00:00,33.784,33.812,33.772,33.792
2023-05-15 13:30:00,33.792,33.795,33.77,33.771
2023-05-15 14:00:00,33.772,33.794,33.77,33.775
2023-05-15 14:30:00,33.776,33.795,33.771,33.794
2023-05-15 15:00:00,33.793,33.829,33.791,33.81
2023-05-15 15:30:00,33.808,33.824,33.783,33.805
2023-05-15 16:00:00,33.774,33.808,33.772,33.802
2023-05-15 16:30:00,33.801,33.831,33.801,33.808
2023-05-15 17:00:00,33.807,33.831,33.797,33.803
2023-05-15 17:30:00,33.804,33.82,33.787,33.788
2023-05-15 18:00:00,33.789,33.789,33.771,33.774
2023-05-15 18:30:00,33.775,33.775,33.77,33.773
2023-05-15 19:00:00,33.772,33.773,33.771,33.772
2023-05-15 19:30:00,33.771,33.775,33.771,33.771
2023-05-15 20:00:00,33.772,33.774,33.757,33.758
2023-05-15 20:30:00,33.758,33.759,33.758,33.758
2023-05-15 21:00:00,33.763,33.795,33.756,33.757
2023-05-15 21:30:00,33.756,33.76,33.755,33.759
2023-05-15 22:00:00,33.761,33.761,33.758,33.758
2023-05-15 22:30:00,33.759,33.762,33.758,33.76
2023-05-15 23:00:00,33.778,33.787,33.753,33.758
2023-05-15 23:30:00,33.757,33.772,33.749,33.752
2023-05-16 00:00:00,33.686,33.753,33.686,33.747
2023-05-16 00:30:00,33.747,33.754,33.74,33.746
2023-05-16 01:00:00,33.746,33.755,33.746,33.754
2023-05-16 01:30:00,33.755,33.757,33.753,33.753
2023-05-16 02:00:00,33.757,33.768,33.753,33.768
2023-05-16 02:30:00,33.769,33.785,33.754,33.76
2023-05-16 03:00:00,33.761,33.764,33.714,33.734
2023-05-16 03:30:00,33.732,33.745,33.726,33.74
2023-05-16 04:00:00,33.739,33.806,33.739,33.801
2023-05-16 04:30:00,33.801,33.875,33.799,33.864
2023-05-16 05:00:00,33.865,33.933,33.863,33.925
2023-05-16 05:30:00,33.924,33.925,33.883,33.884
2023-05-16 06:00:00,33.885,33.897,33.881,33.881
2023-05-16 06:30:00,33.882,33.887,33.847,33.873
2023-05-16 07:00:00,33.872,33.887,33.87,33.881
2023-05-16 07:30:00,33.88,33.881,33.862,33.864
2023-05-16 08:00:00,33.864,33.881,33.864,33.873
2023-05-16 08:30:00,33.873,33.907,33.867,33.891
2023-05-16 09:00:00,33.89,33.909,33.883,33.908
2023-05-16 09:30:00,33.908,33.91,33.888,33.898
2023-05-16 10:00:00,33.899,33.962,33.899,33.947
2023-05-16 10:30:00,33.947,33.965,33.911,33.932
2023-05-16 11:00:00,33.931,33.95,33.918,33.943
2023-05-16 11:30:00,33.944,33.966,33.939,33.952
2023-05-16 12:00:00,33.951,33.979,33.941,33.964
2023-05-16 12:30:00,33.964,33.972,33.951,33.959
2023-05-16 13:00:00,33.958,33.971,33.925,33.95
2023-05-16 13:30:00,33.951,33.963,33.945,33.956
2023-05-16 14:00:00,33.955,33.962,33.951,33.961
2023-05-16 14:30:00,33.96,33.981,33.959,33.974
2023-05-16 15:00:00,33.973,33.996,33.97,33.97
2023-05-16 15:30:00,33.959,34.014,33.948,33.968
2023-05-16 16:00:00,33.968,33.99,33.932,33.957
2023-05-16 16:30:00,33.958,33.971,33.935,33.969
2023-05-16 17:00:00,33.968,34.016,33.967,33.985
2023-05-16 17:30:00,33.983,34.017,33.975,33.987
2023-05-16 18:00:00,33.987,34.018,33.987,34.015
2023-05-16 18:30:00,34.014,34.055,34.014,34.046
2023-05-16 19:00:00,34.045,34.061,34.044,34.06
2023-05-16 19:30:00,34.061,34.136,34.06,34.132
2023-05-16 20:00:00,34.131,34.134,34.104,34.115
2023-05-16 20:30:00,34.114,34.117,34.095,34.106
2023-05-16 21:00:00,34.105,34.123,34.088,34.09
2023-05-16 21:30:00,34.09,34.103,34.087,34.093
2023-05-16 22:00:00,34.092,34.11,34.09,34.099
2023-05-16 22:30:00,34.098,34.121,34.097,34.119
2023-05-16 23:00:00,34.119,34.13,34.111,34.116
2023-05-16 23:30:00,34.116,34.123,34.068,34.077
2023-05-17 00:00:00,33.968,33.988,33.956,33.956
2023-05-17 00:30:00,33.957,34.044,33.947,34.04
2023-05-17 01:00:00,34.039,34.072,34.035,34.069
2023-05-17 02:00:00,34.068,34.082,34.068,34.075
2023-05-17 02:30:00,34.075,34.088,34.069,34.077
2023-05-17 03:00:00,34.076,34.137,34.073,34.108
2023-05-17 03:30:00,34.109,34.152,34.095,34.123
2023-05-17 04:00:00,34.123,34.177,34.12,34.146
2023-05-17 04:30:00,34.146,34.202,34.146,34.157
2023-05-17 05:00:00,34.158,34.183,34.123,34.152
2023-05-17 05:30:00,34.154,34.173,34.134,34.152
2023-05-17 06:00:00,34.152,34.171,34.13,34.161
2023-05-17 06:30:00,34.162,34.17,34.146,34.166
2023-05-17 07:00:00,34.165,34.194,34.163,34.177
2023-05-17 07:30:00,34.176,34.199,34.176,34.191
2023-05-17 08:00:00,34.19,34.244,34.186,34.244
2023-05-17 08:30:00,34.244,34.244,34.206,34.234
2023-05-17 09:00:00,34.235,34.249,34.206,34.207
2023-05-17 09:30:00,34.208,34.228,34.208,34.222
2023-05-17 10:00:00,34.222,34.223,34.18,34.209
2023-05-17 10:30:00,34.209,34.234,34.207,34.231
2023-05-17 11:00:00,34.23,34.236,34.222,34.225
2023-05-17 11:30:00,34.225,34.247,34.221,34.241
2023-05-17 12:00:00,34.242,34.264,34.241,34.249
2023-05-17 12:30:00,34.25,34.259,34.243,34.253
2023-05-17 13:00:00,34.254,34.265,34.243,34.249
2023-05-17 13:30:00,34.251,34.273,34.247,34.271
2023-05-17 14:00:00,34.27,34.279,34.256,34.261
2023-05-17 14:30:00,34.262,34.282,34.26,34.28
2023-05-17 15:00:00,34.281,34.293,34.279,34.285
2023-05-17 15:30:00,34.283,34.293,34.255,34.269
2023-05-17 16:00:00,34.268,34.295,34.215,34.294
2023-05-17 16:30:00,34.293,34.306,34.289,34.304
2023-05-17 17:00:00,34.304,34.349,34.287,34.299
2023-05-17 17:30:00,34.299,34.311,34.281,34.289
2023-05-17 18:00:00,34.288,34.298,34.27,34.287
2023-05-17 18:30:00,34.288,34.297,34.284,34.291
2023-05-17 19:00:00,34.29,34.299,34.282,34.286
2023-05-17 19:30:00,34.285,34.285,34.217,34.245
2023-05-17 20:00:00,34.244,34.284,34.22,34.283
2023-05-17 20:30:00,34.282,34.282,34.252,34.254
2023-05-17 21:00:00,34.256,34.26,34.246,34.248
2023-05-17 21:30:00,34.247,34.268,34.245,34.259
2023-05-17 22:00:00,34.259,34.261,34.246,34.246
2023-05-17 22:30:00,34.247,34.25,34.246,34.247
2023-05-17 23:00:00,34.247,34.25,34.232,34.242
2023-05-17 23:30:00,34.241,34.245,34.209,34.209
2023-05-18 00:00:00,34.13,34.202,34.13,34.148
2023-05-18 00:30:00,34.211,34.22,34.208,34.215
2023-05-18 01:00:00,34.216,34.243,34.212,34.243
2023-05-18 01:30:00,34.242,34.254,34.217,34.254
2023-05-18 02:00:00,34.255,34.257,34.254,34.257
2023-05-18 02:30:00,34.255,34.281,34.255,34.267
2023-05-18 03:00:00,34.266,34.293,34.231,34.234
2023-05-18 03:30:00,34.234,34.252,34.161,34.214
2023-05-18 04:00:00,34.215,34.236,34.149,34.151
2023-05-18 04:30:00,34.152,34.187,34.114,34.115
2023-05-18 05:00:00,34.116,34.166,34.113,34.15
2023-05-18 05:30:00,34.151,34.166,34.132,34.157
2023-05-18 06:00:00,34.158,34.165,34.145,34.153
2023-05-18 06:30:00,34.154,34.197,34.122,34.18
2023-05-18 07:00:00,34.178,34.247,34.174,34.233
2023-05-18 07:30:00,34.233,34.29,34.231,34.283
2023-05-18 08:00:00,34.283,34.318,34.273,34.285
2023-05-18 08:30:00,34.284,34.288,34.258,34.263
2023-05-18 09:00:00,34.265,34.293,34.255,34.259
2023-05-18 09:30:00,34.26,34.303,34.252,34.287
2023-05-18 10:00:00,34.287,34.312,34.283,34.3
2023-05-18 10:30:00,34.299,34.314,34.278,34.299
2023-05-18 11:00:00,34.298,34.315,34.288,34.312
2023-05-18 11:30:00,34.312,34.331,34.31,34.315
2023-05-18 12:00:00,34.314,34.358,34.312,34.358
2023-05-18 12:30:00,34.358,34.358,34.324,34.329
2023-05-18 13:00:00,34.33,34.344,34.323,34.335
2023-05-18 13:30:00,34.338,34.338,34.326,34.333
2023-05-18 14:00:00,34.331,34.348,34.33,34.346
2023-05-18 14:30:00,34.347,34.349,34.333,34.337
2023-05-18 15:00:00,34.339,34.35,34.328,34.328
2023-05-18 15:30:00,34.328,34.4,34.328,34.393
2023-05-18 16:00:00,34.395,34.412,34.384,34.407
2023-05-18 16:30:00,34.406,34.458,34.406,34.444
2023-05-18 17:00:00,34.446,34.448,34.424,34.428
2023-05-18 17:30:00,34.428,34.458,34.421,34.449
2023-05-18 18:00:00,34.448,34.454,34.435,34.436
2023-05-18 18:30:00,34.437,34.438,34.401,34.402
2023-05-18 19:00:00,34.401,34.431,34.379,34.429
2023-05-18 19:30:00,34.428,34.466,34.426,34.458
2023-05-18 20:00:00,34.457,34.464,34.453,34.46
2023-05-18 20:30:00,34.46,34.473,34.459,34.471
2023-05-18 21:00:00,34.471,34.474,34.445,34.446
2023-05-18 21:30:00,34.447,34.458,34.426,34.426
2023-05-18 22:00:00,34.426,34.433,34.426,34.427
2023-05-18 22:30:00,34.428,34.429,34.404,34.407
2023-05-18 23:00:00,34.406,34.409,34.389,34.391
2023-05-18 23:30:00,34.39,34.403,34.379,34.397
2023-05-19 00:00:00,34.397,34.397,34.39,34.392
2023-05-19 00:30:00,34.393,34.398,34.391,34.397
2023-05-19 01:00:00,34.398,34.404,34.395,34.402
2023-05-19 01:30:00,34.403,34.416,34.402,34.415
2023-05-19 02:00:00,34.416,34.427,34.41,34.41
2023-05-19 02:30:00,34.408,34.423,34.407,34.42
2023-05-19 03:00:00,34.421,34.429,34.338,34.355
2023-05-19 03:30:00,34.355,34.465,34.355,34.458
2023-05-19 04:00:00,34.457,34.499,34.436,34.483
2023-05-19 04:30:00,34.484,34.501,34.456,34.484
2023-05-19 05:00:00,34.485,34.491,34.451,34.454
2023-05-19 05:30:00,34.453,34.466,34.426,34.437
2023-05-19 06:00:00,34.438,34.463,34.43,34.453
2023-05-19 06:30:00,34.454,34.487,34.453,34.485
2023-05-19 07:00:00,34.486,34.499,34.484,34.498
2023-05-19 07:30:00,34.498,34.518,34.493,34.517
2023-05-19 08:00:00,34.518,34.518,34.481,34.496
2023-05-19 08:30:00,34.497,34.501,34.459,34.484
2023-05-19 09:00:00,34.483,34.489,34.386,34.387
2023-05-19 09:30:00,34.386,34.465,34.386,34.455
2023-05-19 10:00:00,34.454,34.458,34.421,34.445
2023-05-19 10:30:00,34.445,34.459,34.421,34.452
2023-05-19 11:00:00,34.454,34.463,34.431,34.432
2023-05-19 11:30:00,34.433,34.45,34.375,34.43
2023-05-19 12:00:00,34.429,34.436,34.412,34.427
2023-05-19 12:30:00,34.428,34.432,34.361,34.379
2023-05-19 13:00:00,34.377,34.395,34.376,34.38
2023-05-19 13:30:00,34.381,34.388,34.372,34.379
2023-05-19 14:00:00,34.376,34.397,34.375,34.394
2023-05-19 14:30:00,34.394,34.401,34.381,34.389
2023-05-19 15:00:00,34.389,34.395,34.374,34.38
2023-05-19 15:30:00,34.379,34.388,34.359,34.385
2023-05-19 16:00:00,34.385,34.439,34.383,34.423
2023-05-19 16:30:00,34.423,34.482,34.421,34.473
2023-05-19 17:00:00,34.474,34.494,34.473,34.488
2023-05-19 17:30:00,34.487,34.505,34.484,34.495
2023-05-19 18:00:00,34.495,34.497,34.358,34.374
2023-05-19 18:30:00,34.373,34.384,34.306,34.354
2023-05-19 19:00:00,34.352,34.362,34.337,34.351
2023-05-19 19:30:00,34.352,34.354,34.325,34.337
2023-05-19 20:00:00,34.337,34.38,34.337,34.355
2023-05-19 20:30:00,34.355,34.358,34.307,34.318
2023-05-19 21:00:00,34.317,34.346,34.315,34.342
2023-05-19 21:30:00,34.343,34.356,34.339,34.348
2023-05-19 22:00:00,34.348,34.351,34.345,34.348
2023-05-19 22:30:00,34.346,34.354,34.344,34.352
2023-05-19 23:00:00,34.347,34.354,34.331,34.331
2023-05-19 23:30:00,34.33,34.36,34.264,34.27
2023-05-22 00:00:00,34.291,34.326,34.252,34.323
2023-05-22 00:30:00,34.324,34.341,34.248,34.314
2023-05-22 01:00:00,34.335,34.349,34.307,34.31
2023-05-22 01:30:00,34.31,34.331,34.301,34.312
2023-05-22 02:00:00,34.313,34.313,34.285,34.286
2023-05-22 02:30:00,34.287,34.292,34.267,34.288
2023-05-22 03:00:00,34.287,34.29,34.248,34.269
2023-05-22 03:30:00,34.27,34.295,34.264,34.281
2023-05-22 04:00:00,34.28,34.33,34.252,34.289
2023-05-22 04:30:00,34.29,34.398,34.29,34.381
2023-05-22 05:00:00,34.38,34.412,34.368,34.378
2023-05-22 05:30:00,34.377,34.409,34.375,34.399
2023-05-22 06:00:00,34.398,34.48,34.394,34.458
2023-05-22 06:30:00,34.458,34.483,34.447,34.472
2023-05-22 07:00:00,34.472,34.477,34.449,34.467
2023-05-22 07:30:00,34.467,34.478,34.464,34.472
2023-05-22 08:00:00,34.472,34.476,34.433,34.465
2023-05-22 08:30:00,34.465,34.473,34.461,34.47
2023-05-22 09:00:00,34.47,34.485,34.458,34.462
2023-05-22 09:30:00,34.462,34.471,34.456,34.464
2023-05-22 10:00:00,34.464,34.495,34.462,34.488
2023-05-22 10:30:00,34.489,34.492,34.466,34.481
2023-05-22 11:00:00,34.48,34.525,34.478,34.481
2023-05-22 11:30:00,34.481,34.489,34.428,34.429
2023-05-22 12:00:00,34.429,34.44,34.42,34.432
2023-05-22 12:30:00,34.432,34.452,34.423,34.449
2023-05-22 13:00:00,34.448,34.453,34.425,34.428
2023-05-22 13:30:00,34.429,34.445,34.409,34.434
2023-05-22 14:00:00,34.433,34.457,34.428,34.44
2023-05-22 14:30:00,34.439,34.467,34.438,34.456
2023-05-22 15:00:00,34.456,34.457,34.398,34.398
2023-05-22 15:30:00,34.399,34.42,34.377,34.41
2023-05-22 16:00:00,34.412,34.467,34.41,34.465
2023-05-22 16:30:00,34.466,34.472,34.424,34.456
2023-05-22 17:00:00,34.456,34.477,34.413,34.467
2023-05-22 17:30:00,34.467,34.484,34.457,34.482
2023-05-22 18:00:00,34.482,34.501,34.473,34.495
2023-05-22 18:30:00,34.494,34.512,34.491,34.504
2023-05-22 19:00:00,34.504,34.508,34.439,34.44
2023-05-22 19:30:00,34.438,34.475,34.434,34.461
2023-05-22 20:00:00,34.463,34.468,34.445,34.451
2023-05-22 20:30:00,34.45,34.454,34.445,34.445
2023-05-22 21:00:00,34.445,34.447,34.442,34.444
2023-05-22 21:30:00,34.445,34.454,34.444,34.446
2023-05-22 22:00:00,34.446,34.451,34.444,34.448
2023-05-22 22:30:00,34.448,34.457,34.437,34.455
2023-05-22 23:00:00,34.453,34.471,34.436,34.47
2023-05-22 23:30:00,34.472,34.473,34.387,34.408
2023-05-23 00:00:00,34.385,34.431,34.378,34.383
2023-05-23 00:30:00,34.384,34.413,34.383,34.406
2023-05-23 01:00:00,34.404,34.422,34.404,34.42
2023-05-23 01:30:00,34.421,34.452,34.412,34.451
2023-05-23 02:00:00,34.452,34.456,34.451,34.456
2023-05-23 02:30:00,34.455,34.48,34.452,34.461
2023-05-23 03:00:00,34.583,34.649,34.422,34.461
2023-05-23 03:30:00,34.459,34.473,34.421,34.445
2023-05-23 04:00:00,34.445,34.586,34.443,34.576
2023-05-23 04:30:00,34.577,34.632,34.564,34.607
2023-05-23 05:00:00,34.607,34.618,34.59,34.598
2023-05-23 05:30:00,34.599,34.601,34.569,34.583
2023-05-23 06:00:00,34.582,34.619,34.578,34.618
2023-05-23 06:30:00,34.621,34.648,34.611,34.628
2023-05-23 07:00:00,34.627,34.634,34.61,34.615
2023-05-23 07:30:00,34.616,34.639,34.614,34.633
2023-05-23 08:00:00,34.633,34.649,34.626,34.648
2023-05-23 08:30:00,34.648,34.698,34.648,34.687
2023-05-23 09:00:00,34.689,34.691,34.624,34.642
2023-05-23 09:30:00,34.642,34.654,34.608,34.634
2023-05-23 10:00:00,34.633,34.694,34.63,34.69
2023-05-23 10:30:00,34.689,34.699,34.674,34.693
2023-05-23 11:00:00,34.692,34.713,34.644,34.656
2023-05-23 11:30:00,34.657,34.69,34.657,34.678
2023-05-23 12:00:00,34.679,34.696,34.669,34.687
2023-05-23 12:30:00,34.688,34.705,34.672,34.677
2023-05-23 13:00:00,34.677,34.707,34.677,34.702
2023-05-23 13:30:00,34.699,34.727,34.692,34.726
2023-05-23 14:00:00,34.727,34.743,34.715,34.719
2023-05-23 14:30:00,34.718,34.733,34.715,34.733
2023-05-23 15:00:00,34.733,34.735,34.704,34.707
2023-05-23 15:30:00,34.706,34.732,34.705,34.715
2023-05-23 16:00:00,34.716,34.716,34.611,34.634
2023-05-23 16:30:00,34.633,34.657,34.601,34.656
2023-05-23 17:00:00,34.655,34.656,34.601,34.619
2023-05-23 17:30:00,34.618,34.63,34.6,34.602
2023-05-23 18:00:00,34.602,34.61,34.591,34.601
2023-05-23 18:30:00,34.601,34.612,34.596,34.601
2023-05-23 19:00:00,34.6,34.633,34.6,34.61
2023-05-23 19:30:00,34.61,34.612,34.579,34.58
2023-05-23 20:00:00,34.58,34.59,34.578,34.581
2023-05-23 20:30:00,34.582,34.587,34.579,34.579
2023-05-23 21:00:00,34.579,34.584,34.558,34.565
2023-05-23 21:30:00,34.564,34.572,34.56,34.563
2023-05-23 22:00:00,34.562,34.575,34.558,34.565
2023-05-23 22:30:00,34.566,34.574,34.561,34.567
2023-05-23 23:00:00,34.569,34.575,34.565,34.57
2023-05-23 23:30:00,34.571,34.595,34.56,34.595
2023-05-24 00:00:00,34.528,34.597,34.528,34.578
2023-05-24 00:30:00,34.578,34.581,34.576,34.579
2023-05-24 01:00:00,34.577,34.577,34.564,34.573
2023-05-24 01:30:00,34.574,34.583,34.558,34.583
2023-05-24 02:00:00,34.583,34.593,34.583,34.588
2023-05-24 02:30:00,34.589,34.617,34.589,34.617
2023-05-24 03:00:00,34.613,34.621,34.516,34.528
2023-05-24 03:30:00,34.528,34.595,34.515,34.593
2023-05-24 04:00:00,34.593,34.673,34.569,34.633
2023-05-24 04:30:00,34.632,34.646,34.58,34.585
2023-05-24 05:00:00,34.584,34.617,34.562,34.573
2023-05-24 05:30:00,34.573,34.6,34.572,34.586
2023-05-24 06:00:00,34.587,34.596,34.412,34.49
2023-05-24 06:30:00,34.49,34.507,34.47,34.49
2023-05-24 07:00:00,34.491,34.534,34.47,34.477
2023-05-24 07:30:00,34.477,34.5,34.466,34.495
2023-05-24 08:00:00,34.496,34.514,34.467,34.484
2023-05-24 08:30:00,34.484,34.493,34.461,34.465
2023-05-24 09:00:00,34.466,34.518,34.46,34.516
2023-05-24 09:30:00,34.517,34.581,34.515,34.578
2023-05-24 10:00:00,34.58,34.59,34.555,34.578
2023-05-24 10:30:00,34.579,34.603,34.543,34.565
2023-05-24 11:00:00,34.568,34.569,34.507,34.523
2023-05-24 11:30:00,34.522,34.53,34.489,34.497
2023-05-24 12:00:00,34.497,34.515,34.485,34.51
2023-05-24 12:30:00,34.51,34.539,34.503,34.539
2023-05-24 13:00:00,34.539,34.578,34.539,34.564
2023-05-24 13:30:00,34.564,34.584,34.562,34.575
2023-05-24 14:00:00,34.574,34.577,34.545,34.547
2023-05-24 14:30:00,34.546,34.548,34.476,34.476
2023-05-24 15:00:00,34.476,34.484,34.412,34.474
2023-05-24 15:30:00,34.475,34.507,34.469,34.477
2023-05-24 16:00:00,34.476,34.496,34.438,34.492
2023-05-24 16:30:00,34.493,34.536,34.487,34.505
2023-05-24 17:00:00,34.504,34.586,34.499,34.58
2023-05-24 17:30:00,34.581,34.588,34.555,34.587
2023-05-24 18:00:00,34.586,34.619,34.579,34.582
2023-05-24 18:30:00,34.581,34.627,34.577,34.614
2023-05-24 19:00:00,34.615,34.677,34.608,34.674
2023-05-24 19:30:00,34.673,34.682,34.642,34.656
2023-05-24 20:00:00,34.655,34.666,34.635,34.642
2023-05-24 20:30:00,34.641,34.65,34.52,34.549
2023-05-24 21:00:00,34.547,34.649,34.509,34.636
2023-05-24 21:30:00,34.635,34.652,34.62,34.647
2023-05-24 22:00:00,34.647,34.657,34.604,34.648
2023-05-24 22:30:00,34.648,34.651,34.614,34.645
2023-05-24 23:00:00,34.645,34.653,34.631,34.651
2023-05-24 23:30:00,34.65,34.65,34.596,34.613
2023-05-25 00:00:00,34.614,34.632,34.518,34.632
2023-05-25 00:30:00,34.632,34.649,34.58,34.617
2023-05-25 01:00:00,34.62,34.652,34.614,34.641
2023-05-25 01:30:00,34.642,34.647,34.623,34.625
2023-05-25 02:00:00,34.624,34.628,34.602,34.625
2023-05-25 02:30:00,34.637,34.665,34.625,34.664
2023-05-25 03:00:00,34.663,34.693,34.654,34.688
2023-05-25 03:30:00,34.691,34.698,34.662,34.679
2023-05-25 04:00:00,34.679,34.735,34.655,34.727
2023-05-25 04:30:00,34.727,34.74,34.682,34.725
2023-05-25 05:00:00,34.726,34.759,34.722,34.736
2023-05-25 05:30:00,34.737,34.743,34.708,34.729
2023-05-25 06:00:00,34.729,34.744,34.715,34.741
2023-05-25 06:30:00,34.741,34.759,34.725,34.758
2023-05-25 07:00:00,34.758,34.76,34.749,34.754
2023-05-25 07:30:00,34.753,34.757,34.745,34.746
2023-05-25 08:00:00,34.746,34.75,34.692,34.73
2023-05-25 08:30:00,34.73,34.736,34.723,34.724
2023-05-25 09:00:00,34.725,34.738,34.697,34.703
2023-05-25 09:30:00,34.703,34.713,34.672,34.69
2023-05-25 10:00:00,34.69,34.742,34.68,34.718
2023-05-25 10:30:00,34.719,34.723,34.652,34.652
2023-05-25 11:00:00,34.655,34.659,34.614,34.644
2023-05-25 11:30:00,34.643,34.646,34.598,34.617
2023-05-25 12:00:00,34.616,34.64,34.58,34.581
2023-05-25 12:30:00,34.581,34.609,34.569,34.607
2023-05-25 13:00:00,34.607,34.626,34.586,34.62
2023-05-25 13:30:00,34.62,34.644,34.618,34.638
2023-05-25 14:00:00,34.636,34.652,34.612,34.614
2023-05-25 14:30:00,34.612,34.628,34.61,34.615
2023-05-25 15:00:00,34.615,34.628,34.589,34.607
2023-05-25 15:30:00,34.608,34.742,34.608,34.711
2023-05-25 16:00:00,34.712,34.716,34.652,34.681
2023-05-25 16:30:00,34.682,34.739,34.675,34.711
2023-05-25 17:00:00,34.71,34.711,34.674,34.677
2023-05-25 17:30:00,34.678,34.709,34.664,34.706
2023-05-25 18:00:00,34.706,34.733,34.683,34.684
2023-05-25 18:30:00,34.682,34.706,34.682,34.697
2023-05-25 19:00:00,34.697,34.699,34.69,34.698
2023-05-25 19:30:00,34.697,34.705,34.688,34.698
2023-05-25 20:00:00,34.699,34.7,34.688,34.69
2023-05-25 20:30:00,34.69,34.694,34.679,34.679
2023-05-25 21:00:00,34.678,34.684,34.676,34.676
2023-05-25 21:30:00,34.678,34.696,34.675,34.696
2023-05-25 22:00:00,34.698,34.723,34.694,34.721
2023-05-25 22:30:00,34.72,34.739,34.719,34.73
2023-05-25 23:00:00,34.729,34.745,34.723,34.727
2023-05-25 23:30:00,34.725,34.745,34.651,34.668
2023-05-26 00:00:00,34.764,34.78,34.627,34.627
2023-05-26 00:30:00,34.66,34.692,34.588,34.683
2023-05-26 01:00:00,34.677,34.71,34.675,34.71
2023-05-26 01:30:00,34.709,34.71,34.708,34.71
2023-05-26 02:00:00,34.678,34.747,34.622,34.747
2023-05-26 02:30:00,34.748,34.764,34.744,34.762
2023-05-26 03:00:00,34.761,34.778,34.738,34.743
2023-05-26 03:30:00,34.743,34.776,34.687,34.706
2023-05-26 04:00:00,34.704,34.713,34.642,34.687
2023-05-26 04:30:00,34.687,34.714,34.661,34.67
2023-05-26 05:00:00,34.675,34.683,34.62,34.658
2023-05-26 05:30:00,34.657,34.685,34.65,34.674
2023-05-26 06:00:00,34.674,34.674,34.644,34.646
2023-05-26 06:30:00,34.646,34.659,34.632,34.634
2023-05-26 07:00:00,34.635,34.637,34.59,34.604
2023-05-26 07:30:00,34.603,34.625,34.584,34.623
2023-05-26 08:00:00,34.622,34.663,34.617,34.638
2023-05-26 08:30:00,34.638,34.655,34.625,34.626
2023-05-26 09:00:00,34.625,34.651,34.595,34.605
2023-05-26 09:30:00,34.606,34.625,34.598,34.609
2023-05-26 10:00:00,34.609,34.646,34.609,34.64
2023-05-26 10:30:00,34.639,34.644,34.624,34.635
2023-05-26 11:00:00,34.636,34.657,34.62,34.657
2023-05-26 11:30:00,34.657,34.677,34.652,34.657
2023-05-26 12:00:00,34.658,34.698,34.657,34.677
2023-05-26 12:30:00,34.678,34.68,34.663,34.673
2023-05-26 13:00:00,34.672,34.713,34.668,34.698
2023-05-26 13:30:00,34.699,34.7,34.649,34.669
2023-05-26 14:00:00,34.668,34.673,34.654,34.658
2023-05-26 14:30:00,34.658,34.679,34.654,34.675
2023-05-26 15:00:00,34.675,34.705,34.657,34.694
2023-05-26 15:30:00,34.691,34.756,34.691,34.717
2023-05-26 16:00:00,34.719,34.74,34.713,34.724
2023-05-26 16:30:00,34.726,34.751,34.71,34.71
2023-05-26 17:00:00,34.711,34.73,34.671,34.709
2023-05-26 17:30:00,34.708,34.795,34.702,34.77
2023-05-26 18:00:00,34.769,34.783,34.755,34.78
2023-05-26 18:30:00,34.781,34.782,34.744,34.746
2023-05-26 19:00:00,34.744,34.745,34.716,34.733
2023-05-26 19:30:00,34.732,34.776,34.727,34.734
2023-05-26 20:00:00,34.787,34.789,34.715,34.74
2023-05-26 20:30:00,34.741,34.794,34.739,34.775
2023-05-26 21:00:00,34.775,34.791,34.772,34.79
2023-05-26 21:30:00,34.79,34.791,34.761,34.771
2023-05-26 22:00:00,34.772,34.78,34.768,34.779
2023-05-26 22:30:00,34.777,34.78,34.774,34.78
2023-05-26 23:00:00,34.777,34.78,34.736,34.748
2023-05-26 23:30:00,34.747,34.748,34.445,34.445
2023-05-29 00:00:00,34.762,34.838,34.715,34.715
2023-05-29 00:30:00,34.716,34.716,34.705,34.716
2023-05-29 01:00:00,34.727,34.728,34.71,34.713
2023-05-29 01:30:00,34.714,34.765,34.712,34.763
2023-05-29 02:00:00,34.764,34.785,34.764,34.78
2023-05-29 02:30:00,34.779,34.779,34.75,34.755
2023-05-29 03:00:00,34.759,34.814,34.753,34.809
2023-05-29 03:30:00,34.808,34.836,34.805,34.824
2023-05-29 04:00:00,34.823,34.836,34.788,34.813
2023-05-29 04:30:00,34.812,34.893,34.808,34.874
2023-05-29 05:00:00,34.874,34.875,34.812,34.815
2023-05-29 05:30:00,34.815,34.825,34.774,34.799
2023-05-29 06:00:00,34.8,34.803,34.738,34.744
2023-05-29 06:30:00,34.743,34.761,34.73,34.744
2023-05-29 07:00:00,34.745,34.758,34.741,34.753
2023-05-29 07:30:00,34.754,34.755,34.721,34.736
2023-05-29 08:00:00,34.737,34.748,34.714,34.724
2023-05-29 08:30:00,34.723,34.763,34.722,34.738
2023-05-29 09:00:00,34.738,34.745,34.672,34.691
2023-05-29 09:30:00,34.69,34.705,34.659,34.668
2023-05-29 10:00:00,34.669,34.706,34.668,34.697
2023-05-29 10:30:00,34.696,34.753,34.696,34.738
2023-05-29 11:00:00,34.739,34.766,34.732,34.734
2023-05-29 11:30:00,34.734,34.741,34.723,34.732
2023-05-29 12:00:00,34.732,34.759,34.729,34.735
2023-05-29 12:30:00,34.735,34.769,34.731,34.769
2023-05-29 13:00:00,34.768,34.783,34.745,34.745
2023-05-29 13:30:00,34.744,34.758,34.733,34.749
2023-05-29 14:00:00,34.749,34.749,34.734,34.738
2023-05-29 14:30:00,34.739,34.753,34.737,34.747
2023-05-29 15:00:00,34.747,34.747,34.738,34.738
2023-05-29 15:30:00,34.739,34.74,34.727,34.729
2023-05-29 16:00:00,34.728,34.732,34.724,34.726
2023-05-29 16:30:00,34.727,34.751,34.725,34.75
2023-05-29 17:00:00,34.749,34.751,34.739,34.74
2023-05-29 17:30:00,34.741,34.744,34.739,34.742
2023-05-29 18:00:00,34.742,34.757,34.74,34.75
2023-05-29 18:30:00,34.751,34.752,34.749,34.75
2023-05-29 19:00:00,34.748,34.77,34.747,34.768
2023-05-29 19:30:00,34.769,34.769,34.766,34.767
2023-05-29 20:00:00,34.767,34.769,34.764,34.766
2023-05-29 20:30:00,34.767,34.769,34.764,34.767
2023-05-29 21:00:00,34.768,34.769,34.763,34.764
2023-05-29 21:30:00,34.767,34.767,34.747,34.749
2023-05-29 22:00:00,34.751,34.752,34.721,34.721
2023-05-29 22:30:00,34.722,34.723,34.691,34.695
2023-05-29 23:00:00,34.696,34.728,34.694,34.722
2023-05-29 23:30:00,34.72,34.721,34.651,34.651
2023-05-30 00:00:00,34.652,34.66,34.571,34.65
2023-05-30 00:30:00,34.637,34.69,34.637,34.682
2023-05-30 01:00:00,34.681,34.697,34.679,34.697
2023-05-30 01:30:00,34.698,34.709,34.696,34.709
2023-05-30 02:00:00,34.644,34.711,34.623,34.708
2023-05-30 02:30:00,34.709,34.733,34.704,34.712
2023-05-30 03:00:00,34.715,34.733,34.659,34.682
2023-05-30 03:30:00,34.682,34.71,34.666,34.669
2023-05-30 04:00:00,34.669,34.694,34.624,34.674
2023-05-30 04:30:00,34.673,34.685,34.596,34.643
2023-05-30 05:00:00,34.644,34.669,34.619,34.659
2023-05-30 05:30:00,34.659,34.687,34.653,34.672
2023-05-30 06:00:00,34.673,34.771,34.66,34.748
2023-05-30 06:30:00,34.747,34.797,34.747,34.783
2023-05-30 07:00:00,34.785,34.787,34.764,34.776
2023-05-30 07:30:00,34.777,34.777,34.748,34.772
2023-05-30 08:00:00,34.773,34.834,34.772,34.809
2023-05-30 08:30:00,34.81,34.872,34.801,34.841
2023-05-30 09:00:00,34.842,34.854,34.813,34.821
2023-05-30 09:30:00,34.822,34.823,34.769,34.823
2023-05-30 10:00:00,34.821,34.883,34.808,34.867
2023-05-30 10:30:00,34.867,34.89,34.851,34.851
2023-05-30 11:00:00,34.851,34.865,34.828,34.84
2023-05-30 11:30:00,34.84,34.856,34.794,34.801
2023-05-30 12:00:00,34.8,34.85,34.776,34.791
2023-05-30 12:30:00,34.793,34.806,34.764,34.789
2023-05-30 13:00:00,34.788,34.788,34.734,34.762
2023-05-30 13:30:00,34.761,34.764,34.743,34.75
2023-05-30 14:00:00,34.749,34.77,34.744,34.769
2023-05-30 14:30:00,34.769,34.77,34.698,34.699
2023-05-30 15:00:00,34.699,34.716,34.668,34.7
2023-05-30 15:30:00,34.698,34.722,34.691,34.71
2023-05-30 16:00:00,34.711,34.73,34.675,34.7
2023-05-30 16:30:00,34.698,34.728,34.695,34.717
2023-05-30 17:00:00,34.718,34.744,34.71,34.728
2023-05-30 17:30:00,34.727,34.737,34.692,34.73
2023-05-30 18:00:00,34.728,34.733,34.699,34.703
2023-05-30 18:30:00,34.701,34.716,34.69,34.697
2023-05-30 19:00:00,34.696,34.699,34.656,34.681
2023-05-30 19:30:00,34.68,34.71,34.674,34.709
2023-05-30 20:00:00,34.709,34.714,34.691,34.697
2023-05-30 20:30:00,34.698,34.7,34.691,34.698
2023-05-30 21:00:00,34.697,34.709,34.694,34.705
2023-05-30 21:30:00,34.706,34.707,34.695,34.696
2023-05-30 22:00:00,34.695,34.697,34.686,34.686
2023-05-30 22:30:00,34.688,34.688,34.675,34.677
2023-05-30 23:00:00,34.676,34.692,34.67,34.672
2023-05-30 23:30:00,34.671,34.672,34.645,34.656
2023-05-31 00:00:00,34.667,34.671,34.584,34.667
2023-05-31 00:30:00,34.667,34.67,34.662,34.666
2023-05-31 01:00:00,34.667,34.677,34.665,34.671
2023-05-31 01:30:00,34.672,34.675,34.666,34.668
2023-05-31 02:00:00,34.676,34.688,34.656,34.684
2023-05-31 02:30:00,34.688,34.725,34.688,34.719
2023-05-31 03:00:00,34.721,34.722,34.669,34.679
2023-05-31 03:30:00,34.677,34.692,34.617,34.678
2023-05-31 04:00:00,34.679,34.739,34.65,34.67
2023-05-31 04:30:00,34.67,34.793,34.663,34.779
2023-05-31 05:00:00,34.78,34.791,34.756,34.776
2023-05-31 05:30:00,34.776,34.783,34.744,34.783
2023-05-31 06:00:00,34.783,34.812,34.763,34.768
2023-05-31 06:30:00,34.769,34.774,34.706,34.742
2023-05-31 07:00:00,34.738,34.75,34.677,34.712
2023-05-31 07:30:00,34.712,34.714,34.694,34.705
2023-05-31 08:00:00,34.705,34.715,34.696,34.7
2023-05-31 08:30:00,34.701,34.724,34.662,34.666
2023-05-31 09:00:00,34.667,34.711,34.665,34.703
2023-05-31 09:30:00,34.705,34.736,34.681,34.699
2023-05-31 10:00:00,34.699,34.769,34.698,34.744
2023-05-31 10:30:00,34.742,34.764,34.738,34.744
2023-05-31 11:00:00,34.744,34.746,34.691,34.692
2023-05-31 11:30:00,34.693,34.784,34.692,34.774
2023-05-31 12:00:00,34.775,34.82,34.767,34.807
2023-05-31 12:30:00,34.808,34.809,34.775,34.797
2023-05-31 13:00:00,34.796,34.804,34.793,34.799
2023-05-31 13:30:00,34.8,34.8,34.777,34.777
2023-05-31 14:00:00,34.777,34.782,34.753,34.754
2023-05-31 14:30:00,34.753,34.77,34.745,34.757
2023-05-31 15:00:00,34.757,34.768,34.741,34.753
2023-05-31 15:30:00,34.751,34.757,34.743,34.747
2023-05-31 16:00:00,34.748,34.767,34.74,34.743
2023-05-31 16:30:00,34.744,34.745,34.647,34.685
2023-05-31 17:00:00,34.684,34.743,34.684,34.738
2023-05-31 17:30:00,34.737,34.737,34.641,34.728
2023-05-31 18:00:00,34.727,34.738,34.71,34.712
2023-05-31 18:30:00,34.712,34.713,34.693,34.703
2023-05-31 19:00:00,34.702,34.763,34.701,34.762
2023-05-31 19:30:00,34.762,34.785,34.756,34.756
2023-05-31 20:00:00,34.756,34.785,34.756,34.772
2023-05-31 20:30:00,34.771,34.776,34.671,34.697
2023-05-31 21:00:00,34.696,34.702,34.682,34.697
2023-05-31 21:30:00,34.697,34.703,34.684,34.697
2023-05-31 22:00:00,34.696,34.703,34.691,34.697
2023-05-31 22:30:00,34.698,34.699,34.678,34.684
2023-05-31 23:00:00,34.683,34.7,34.68,34.696
2023-05-31 23:30:00,34.695,34.701,34.67,34.67
2023-06-01 00:00:00,34.658,34.691,34.658,34.659
2023-06-01 00:30:00,34.687,34.695,34.651,34.651
2023-06-01 01:00:00,34.654,34.7,34.648,34.694
2023-06-01 01:30:00,34.694,34.699,34.681,34.693
2023-06-01 02:00:00,34.69,34.691,34.638,34.639
2023-06-01 02:30:00,34.639,34.645,34.621,34.639
2023-06-01 03:00:00,34.64,34.661,34.633,34.64
2023-06-01 03:30:00,34.642,34.674,34.638,34.672
2023-06-01 04:00:00,34.671,34.702,34.648,34.661
2023-06-01 04:30:00,34.661,34.699,34.6,34.62
2023-06-01 05:00:00,34.621,34.684,34.62,34.682
2023-06-01 05:30:00,34.682,34.704,34.67,34.681
2023-06-01 06:00:00,34.682,34.72,34.663,34.712
2023-06-01 06:30:00,34.712,34.724,34.687,34.707
2023-06-01 07:00:00,34.706,34.741,34.694,34.709
2023-06-01 07:30:00,34.706,34.732,34.69,34.729
2023-06-01 08:00:00,34.729,34.776,34.729,34.767
2023-06-01 08:30:00,34.768,34.802,34.767,34.772
2023-06-01 09:00:00,34.771,34.789,34.759,34.778
2023-06-01 09:30:00,34.779,34.803,34.771,34.785
2023-06-01 10:00:00,34.785,34.873,34.785,34.864
2023-06-01 10:30:00,34.864,34.893,34.834,34.842
2023-06-01 11:00:00,34.842,34.865,34.832,34.85
2023-06-01 11:30:00,34.849,34.857,34.802,34.809
2023-06-01 12:00:00,34.81,34.84,34.791,34.833
2023-06-01 12:30:00,34.832,34.833,34.743,34.759
2023-06-01 13:00:00,34.758,34.783,34.755,34.765
2023-06-01 13:30:00,34.765,34.765,34.734,34.735
2023-06-01 14:00:00,34.734,34.741,34.726,34.737
2023-06-01 14:30:00,34.736,34.76,34.733,34.748
2023-06-01 15:00:00,34.749,34.824,34.73,34.753
2023-06-01 15:30:00,34.752,34.762,34.699,34.703
2023-06-01 16:00:00,34.703,34.713,34.679,34.689
2023-06-01 16:30:00,34.69,34.691,34.633,34.634
2023-06-01 17:00:00,34.631,34.665,34.592,34.641
2023-06-01 17:30:00,34.638,34.659,34.628,34.633
2023-06-01 18:00:00,34.63,34.637,34.607,34.614
2023-06-01 18:30:00,34.613,34.618,34.575,34.577
2023-06-01 19:00:00,34.578,34.598,34.565,34.581
2023-06-01 19:30:00,34.58,34.585,34.569,34.585
2023-06-01 20:00:00,34.582,34.612,34.579,34.589
2023-06-01 20:30:00,34.589,34.599,34.589,34.593
2023-06-01 21:00:00,34.595,34.598,34.587,34.595
2023-06-01 21:30:00,34.596,34.602,34.589,34.599
2023-06-01 22:00:00,34.598,34.602,34.591,34.596
2023-06-01 22:30:00,34.595,34.6,34.587,34.592
2023-06-01 23:00:00,34.591,34.593,34.584,34.591
2023-06-01 23:30:00,34.59,34.593,34.543,34.553
2023-06-02 00:00:00,34.565,34.573,34.555,34.568
2023-06-02 00:30:00,34.572,34.582,34.57,34.575
2023-06-02 01:00:00,34.576,34.586,34.571,34.583
2023-06-02 01:30:00,34.583,34.593,34.58,34.586
2023-06-02 02:00:00,34.588,34.611,34.56,34.593
2023-06-02 02:30:00,34.592,34.595,34.571,34.582
2023-06-02 03:00:00,34.581,34.605,34.554,34.587
2023-06-02 03:30:00,34.587,34.62,34.568,34.617
2023-06-02 04:00:00,34.617,34.631,34.593,34.621
2023-06-02 04:30:00,34.621,34.627,34.552,34.589
2023-06-02 05:00:00,34.587,34.61,34.562,34.59
2023-06-02 05:30:00,34.591,34.607,34.558,34.56
2023-06-02 06:00:00,34.56,34.571,34.538,34.56
2023-06-02 06:30:00,34.561,34.589,34.556,34.589
2023-06-02 07:00:00,34.589,34.601,34.574,34.582
2023-06-02 07:30:00,34.581,34.621,34.566,34.619
2023-06-02 08:00:00,34.62,34.635,34.584,34.603
2023-06-02 08:30:00,34.603,34.606,34.561,34.576
2023-06-02 09:00:00,34.577,34.582,34.553,34.577
2023-06-02 09:30:00,34.578,34.595,34.565,34.589
2023-06-02 10:00:00,34.59,34.619,34.578,34.605
2023-06-02 10:30:00,34.605,34.635,34.605,34.631
2023-06-02 11:00:00,34.632,34.636,34.587,34.588
2023-06-02 11:30:00,34.588,34.591,34.507,34.528
2023-06-02 12:00:00,34.529,34.544,34.486,34.524
2023-06-02 12:30:00,34.525,34.539,34.513,34.539
2023-06-02 13:00:00,34.539,34.568,34.53,34.567
2023-06-02 13:30:00,34.566,34.578,34.555,34.575
2023-06-02 14:00:00,34.576,34.586,34.571,34.584
2023-06-02 14:30:00,34.582,34.615,34.582,34.598
2023-06-02 15:00:00,34.599,34.632,34.527,34.527
2023-06-02 15:30:00,34.516,34.684,34.492,34.646
2023-06-02 16:00:00,34.645,34.66,34.588,34.59
2023-06-02 16:30:00,34.59,34.706,34.587,34.703
2023-06-02 17:00:00,34.702,34.753,34.675,34.753
2023-06-02 17:30:00,34.755,34.755,34.693,34.715
2023-06-02 18:00:00,34.715,34.715,34.695,34.71
2023-06-02 18:30:00,34.71,34.744,34.709,34.741
2023-06-02 19:00:00,34.738,34.793,34.736,34.777
2023-06-02 19:30:00,34.777,34.793,34.769,34.788
2023-06-02 20:00:00,34.789,34.8,34.775,34.79
2023-06-02 20:30:00,34.791,34.8,34.791,34.8
2023-06-02 21:00:00,34.799,34.8,34.795,34.799
2023-06-02 21:30:00,34.798,34.801,34.791,34.797
2023-06-02 22:00:00,34.796,34.8,34.792,34.798
2023-06-02 22:30:00,34.799,34.804,34.797,34.798
2023-06-02 23:00:00,34.799,34.807,34.796,34.796
2023-06-02 23:30:00,34.797,34.802,34.765,34.784
2023-06-05 00:00:00,34.854,34.873,34.691,34.731
2023-06-05 00:30:00,34.75,34.754,34.73,34.75
2023-06-05 01:00:00,34.753,34.764,34.753,34.762
2023-06-05 01:30:00,34.763,34.779,34.759,34.776
2023-06-05 02:00:00,34.777,34.83,34.775,34.819
2023-06-05 02:30:00,34.82,34.862,34.82,34.85
2023-06-05 03:00:00,34.851,34.863,34.849,34.861
2023-06-05 03:30:00,34.86,34.871,34.856,34.868
2023-06-05 04:00:00,34.868,34.878,34.851,34.856
2023-06-05 04:30:00,34.856,34.876,34.818,34.822
2023-06-05 05:00:00,34.822,34.867,34.812,34.854
2023-06-05 05:30:00,34.853,34.867,34.839,34.847
2023-06-05 06:00:00,34.848,34.849,34.83,34.844
2023-06-05 06:30:00,34.845,34.845,34.814,34.823
2023-06-05 07:00:00,34.824,34.87,34.823,34.854
2023-06-05 07:30:00,34.853,34.86,34.845,34.852
2023-06-05 08:00:00,34.852,34.888,34.851,34.879
2023-06-05 08:30:00,34.878,34.879,34.85,34.854
2023-06-05 09:00:00,34.852,34.876,34.851,34.864
2023-06-05 09:30:00,34.863,34.877,34.857,34.873
2023-06-05 10:00:00,34.874,34.883,34.867,34.873
2023-06-05 10:30:00,34.875,34.903,34.871,34.891
2023-06-05 11:00:00,34.892,34.897,34.863,34.889
2023-06-05 11:30:00,34.889,34.896,34.877,34.889
2023-06-05 12:00:00,34.889,34.906,34.886,34.902
2023-06-05 12:30:00,34.902,34.905,34.883,34.884
2023-06-05 13:00:00,34.884,34.902,34.883,34.897
2023-06-05 13:30:00,34.897,34.898,34.889,34.89
2023-06-05 14:00:00,34.891,34.897,34.887,34.897
2023-06-05 14:30:00,34.898,34.902,34.871,34.873
2023-06-05 15:00:00,34.871,34.889,34.871,34.889
2023-06-05 15:30:00,34.889,34.907,34.873,34.874
2023-06-05 16:00:00,34.875,34.876,34.833,34.846
2023-06-05 16:30:00,34.844,34.876,34.837,34.837
2023-06-05 17:00:00,34.834,34.835,34.746,34.75
2023-06-05 17:30:00,34.75,34.781,34.749,34.778
2023-06-05 18:00:00,34.776,34.779,34.76,34.774
2023-06-05 18:30:00,34.774,34.806,34.761,34.761
2023-06-05 19:00:00,34.76,34.767,34.748,34.764
2023-06-05 19:30:00,34.765,34.784,34.765,34.781
2023-06-05 20:00:00,34.781,34.785,34.78,34.781
2023-06-05 20:30:00,34.781,34.784,34.773,34.774
2023-06-05 21:00:00,34.774,34.777,34.772,34.773
2023-06-05 21:30:00,34.772,34.778,34.77,34.775
2023-06-05 22:00:00,34.775,34.778,34.771,34.772
2023-06-05 22:30:00,34.771,34.778,34.77,34.776
2023-06-05 23:00:00,34.777,34.796,34.77,34.781
2023-06-05 23:30:00,34.773,34.779,34.712,34.712
2023-06-06 00:00:00,34.764,34.835,34.701,34.701
2023-06-06 00:30:00,34.7,34.753,34.699,34.751
2023-06-06 01:00:00,34.752,34.761,34.749,34.752
2023-06-06 01:30:00,34.751,34.758,34.751,34.758
2023-06-06 02:00:00,34.757,34.774,34.732,34.757
2023-06-06 02:30:00,34.756,34.76,34.751,34.753
2023-06-06 03:00:00,34.754,34.784,34.745,34.767
2023-06-06 03:30:00,34.766,34.833,34.76,34.805
2023-06-06 04:00:00,34.803,34.808,34.778,34.795
2023-06-06 04:30:00,34.796,34.806,34.762,34.765
2023-06-06 05:00:00,34.766,34.778,34.715,34.743
2023-06-06 05:30:00,34.742,34.766,34.742,34.756
2023-06-06 06:00:00,34.753,34.776,34.748,34.774
2023-06-06 06:30:00,34.775,34.798,34.77,34.788
2023-06-06 07:00:00,34.786,34.793,34.744,34.747
2023-06-06 07:30:00,34.745,34.748,34.725,34.733
2023-06-06 08:00:00,34.733,34.755,34.719,34.754
2023-06-06 08:30:00,34.755,34.764,34.74,34.763
2023-06-06 09:00:00,34.763,34.764,34.719,34.733
2023-06-06 09:30:00,34.732,34.74,34.726,34.734
2023-06-06 10:00:00,34.736,34.771,34.715,34.76
2023-06-06 10:30:00,34.759,34.789,34.751,34.763
2023-06-06 11:00:00,34.76,34.785,34.745,34.771
2023-06-06 11:30:00,34.771,34.797,34.765,34.785
2023-06-06 12:00:00,34.783,34.803,34.779,34.803
2023-06-06 12:30:00,34.802,34.804,34.781,34.782
2023-06-06 13:00:00,34.783,34.795,34.778,34.778
2023-06-06 13:30:00,34.778,34.779,34.758,34.765
2023-06-06 14:00:00,34.766,34.772,34.759,34.765
2023-06-06 14:30:00,34.765,34.772,34.757,34.771
2023-06-06 15:00:00,34.77,34.783,34.768,34.782
2023-06-06 15:30:00,34.782,34.811,34.782,34.8
2023-06-06 16:00:00,34.799,34.817,34.792,34.81
2023-06-06 16:30:00,34.81,34.851,34.804,34.847
2023-06-06 17:00:00,34.846,34.848,34.816,34.832
2023-06-06 17:30:00,34.832,34.838,34.827,34.832
2023-06-06 18:00:00,34.831,34.844,34.809,34.809
2023-06-06 18:30:00,34.81,34.81,34.766,34.776
2023-06-06 19:00:00,34.776,34.779,34.754,34.772
2023-06-06 19:30:00,34.772,34.774,34.759,34.765
2023-06-06 20:00:00,34.76,34.769,34.76,34.762
2023-06-06 20:30:00,34.762,34.764,34.756,34.761
2023-06-06 21:00:00,34.762,34.764,34.757,34.758
2023-06-06 21:30:00,34.761,34.768,34.757,34.765
2023-06-06 22:00:00,34.766,34.766,34.754,34.759
2023-06-06 22:30:00,34.76,34.764,34.757,34.757
2023-06-06 23:00:00,34.788,34.792,34.754,34.761
2023-06-06 23:30:00,34.759,34.772,34.737,34.744
2023-06-07 00:00:00,34.735,34.748,34.735,34.743
2023-06-07 00:30:00,34.749,34.763,34.748,34.762
2023-06-07 01:00:00,34.761,34.771,34.76,34.77
2023-06-07 01:30:00,34.764,34.774,34.764,34.771
2023-06-07 02:00:00,34.77,34.78,34.755,34.76
2023-06-07 02:30:00,34.759,34.778,34.751,34.754
2023-06-07 03:00:00,34.753,34.755,34.729,34.745
2023-06-07 03:30:00,34.744,34.766,34.708,34.724
2023-06-07 04:00:00,34.725,34.727,34.714,34.723
2023-06-07 04:30:00,34.723,34.758,34.712,34.758
2023-06-07 05:00:00,34.757,34.77,34.744,34.748
2023-06-07 05:30:00,34.747,34.777,34.739,34.746
2023-06-07 06:00:00,34.746,34.783,34.746,34.758
2023-06-07 06:30:00,34.758,34.767,34.751,34.762
2023-06-07 07:00:00,34.762,34.767,34.751,34.753
2023-06-07 07:30:00,34.753,34.764,34.745,34.757
2023-06-07 08:00:00,34.758,34.78,34.757,34.775
2023-06-07 08:30:00,34.776,34.776,34.755,34.773
2023-06-07 09:00:00,34.772,34.797,34.76,34.796
2023-06-07 09:30:00,34.796,34.8,34.781,34.781
2023-06-07 10:00:00,34.781,34.812,34.78,34.801
2023-06-07 10:30:00,34.802,34.806,34.792,34.8
2023-06-07 11:00:00,34.801,34.804,34.783,34.789
2023-06-07 11:30:00,34.788,34.797,34.778,34.78
2023-06-07 12:00:00,34.778,34.788,34.777,34.78
2023-06-07 12:30:00,34.78,34.78,34.716,34.722
2023-06-07 13:00:00,34.723,34.748,34.714,34.732
2023-06-07 13:30:00,34.731,34.737,34.7,34.715
2023-06-07 14:00:00,34.715,34.726,34.707,34.723
2023-06-07 14:30:00,34.723,34.741,34.718,34.738
2023-06-07 15:00:00,34.737,34.759,34.724,34.758
2023-06-07 15:30:00,34.759,34.759,34.728,34.734
2023-06-07 16:00:00,34.735,34.735,34.711,34.719
2023-06-07 16:30:00,34.722,34.725,34.683,34.684
2023-06-07 17:00:00,34.684,34.748,34.68,34.736
2023-06-07 17:30:00,34.735,34.767,34.717,34.756
2023-06-07 18:00:00,34.756,34.776,34.751,34.772
2023-06-07 18:30:00,34.77,34.813,34.77,34.8
2023-06-07 19:00:00,34.797,34.84,34.797,34.828
2023-06-07 19:30:00,34.831,34.857,34.825,34.849
2023-06-07 20:00:00,34.851,34.862,34.849,34.852
2023-06-07 20:30:00,34.852,34.853,34.836,34.842
2023-06-07 21:00:00,34.841,34.847,34.841,34.845
2023-06-07 21:30:00,34.845,34.851,34.842,34.843
2023-06-07 22:00:00,34.843,34.847,34.835,34.845
2023-06-07 22:30:00,34.847,34.86,34.842,34.849
2023-06-07 23:00:00,34.849,34.856,34.844,34.852
2023-06-07 23:30:00,34.851,34.855,34.804,34.804
2023-06-08 00:00:00,34.818,34.819,34.791,34.813
2023-06-08 00:30:00,34.794,34.809,34.759,34.794
2023-06-08 01:00:00,34.792,34.813,34.784,34.812
2023-06-08 01:30:00,34.813,34.836,34.812,34.831
2023-06-08 02:00:00,34.825,34.862,34.825,34.848
2023-06-08 02:30:00,34.849,34.849,34.809,34.824
2023-06-08 03:00:00,34.824,34.863,34.824,34.849
2023-06-08 03:30:00,34.849,34.856,34.82,34.835
2023-06-08 04:00:00,34.834,34.857,34.834,34.846
2023-06-08 04:30:00,34.845,34.875,34.836,34.866
2023-06-08 05:00:00,34.866,34.896,34.866,34.88
2023-06-08 05:30:00,34.879,34.889,34.871,34.874
2023-06-08 06:00:00,34.874,34.887,34.873,34.881
2023-06-08 06:30:00,34.882,34.914,34.873,34.91
2023-06-08 07:00:00,34.911,34.918,34.892,34.904
2023-06-08 07:30:00,34.905,34.908,34.889,34.892
2023-06-08 08:00:00,34.893,34.895,34.888,34.889
2023-06-08 08:30:00,34.89,34.893,34.867,34.889
2023-06-08 09:00:00,34.888,34.902,34.888,34.899
2023-06-08 09:30:00,34.899,34.899,34.845,34.877
2023-06-08 10:00:00,34.878,34.879,34.858,34.876
2023-06-08 10:30:00,34.875,34.878,34.86,34.861
2023-06-08 11:00:00,34.861,34.872,34.843,34.843
2023-06-08 11:30:00,34.844,34.848,34.825,34.836
2023-06-08 12:00:00,34.835,34.846,34.821,34.821
2023-06-08 12:30:00,34.824,34.83,34.794,34.805
2023-06-08 13:00:00,34.806,34.841,34.803,34.837
2023-06-08 13:30:00,34.836,34.842,34.824,34.838
2023-06-08 14:00:00,34.84,34.856,34.838,34.841
2023-06-08 14:30:00,34.841,34.85,34.832,34.833
2023-06-08 15:00:00,34.832,34.837,34.802,34.81
2023-06-08 15:30:00,34.81,34.815,34.742,34.755
2023-06-08 16:00:00,34.756,34.767,34.739,34.745
2023-06-08 16:30:00,34.744,34.749,34.69,34.707
2023-06-08 17:00:00,34.709,34.709,34.661,34.662
2023-06-08 17:30:00,34.663,34.678,34.631,34.654
2023-06-08 18:00:00,34.654,34.657,34.644,34.646
2023-06-08 18:30:00,34.645,34.66,34.645,34.655
2023-06-08 19:00:00,34.654,34.664,34.637,34.638
2023-06-08 19:30:00,34.639,34.644,34.626,34.628
2023-06-08 20:00:00,34.627,34.638,34.625,34.636
2023-06-08 20:30:00,34.635,34.642,34.63,34.633
2023-06-08 21:00:00,34.632,34.646,34.631,34.64
2023-06-08 21:30:00,34.639,34.65,34.636,34.645
2023-06-08 22:00:00,34.642,34.644,34.63,34.634
2023-06-08 22:30:00,34.633,34.637,34.613,34.614
2023-06-08 23:00:00,34.613,34.634,34.613,34.633
2023-06-08 23:30:00,34.632,34.637,34.596,34.598
2023-06-09 00:00:00,34.598,34.618,34.596,34.612
2023-06-09 00:30:00,34.609,34.615,34.606,34.611
2023-06-09 01:00:00,34.61,34.619,34.61,34.615
2023-06-09 01:30:00,34.617,34.619,34.612,34.612
2023-06-09 02:00:00,34.616,34.624,34.612,34.62
2023-06-09 02:30:00,34.619,34.622,34.578,34.622
2023-06-09 03:00:00,34.62,34.636,34.604,34.63
2023-06-09 03:30:00,34.629,34.629,34.59,34.599
2023-06-09 04:00:00,34.599,34.636,34.599,34.628
2023-06-09 04:30:00,34.627,34.631,34.594,34.619
2023-06-09 05:00:00,34.62,34.64,34.618,34.634
2023-06-09 05:30:00,34.633,34.655,34.632,34.649
2023-06-09 06:00:00,34.65,34.661,34.64,34.651
2023-06-09 06:30:00,34.652,34.664,34.648,34.664
2023-06-09 07:00:00,34.663,34.67,34.653,34.656
2023-06-09 07:30:00,34.656,34.661,34.628,34.635
2023-06-09 08:00:00,34.636,34.636,34.604,34.616
2023-06-09 08:30:00,34.614,34.615,34.57,34.595
2023-06-09 09:00:00,34.595,34.6,34.569,34.571
2023-06-09 09:30:00,34.571,34.573,34.544,34.557
2023-06-09 10:00:00,34.557,34.624,34.552,34.602
2023-06-09 10:30:00,34.601,34.616,34.589,34.596
2023-06-09 11:00:00,34.597,34.637,34.597,34.626
2023-06-09 11:30:00,34.626,34.643,34.587,34.604
2023-06-09 12:00:00,34.604,34.605,34.584,34.595
2023-06-09 12:30:00,34.594,34.613,34.587,34.612
2023-06-09 13:00:00,34.611,34.625,34.603,34.611
2023-06-09 13:30:00,34.609,34.616,34.609,34.611
2023-06-09 14:00:00,34.61,34.616,34.598,34.598
2023-06-09 14:30:00,34.597,34.6,34.577,34.585
2023-06-09 15:00:00,34.586,34.593,34.575,34.589
2023-06-09 15:30:00,34.588,34.588,34.563,34.577
2023-06-09 16:00:00,34.576,34.576,34.564,34.573
2023-06-09 16:30:00,34.573,34.606,34.562,34.602
2023-06-09 17:00:00,34.605,34.61,34.576,34.578
2023-06-09 17:30:00,34.579,34.589,34.568,34.579
2023-06-09 18:00:00,34.58,34.583,34.566,34.575
2023-06-09 18:30:00,34.575,34.585,34.573,34.582
2023-06-09 19:00:00,34.583,34.587,34.578,34.585
2023-06-09 19:30:00,34.584,34.587,34.58,34.58
2023-06-09 20:00:00,34.581,34.583,34.574,34.575
2023-06-09 20:30:00,34.574,34.583,34.567,34.583
2023-06-09 21:00:00,34.582,34.583,34.568,34.576
2023-06-09 21:30:00,34.575,34.576,34.572,34.573
2023-06-09 22:00:00,34.572,34.586,34.567,34.586
2023-06-09 22:30:00,34.585,34.588,34.561,34.58
2023-06-09 23:00:00,34.579,34.579,34.568,34.57
2023-06-09 23:30:00,34.567,34.568,34.484,34.484
2023-06-12 00:00:00,34.607,34.629,34.539,34.57
2023-06-12 00:30:00,34.526,34.574,34.526,34.571
2023-06-12 01:00:00,34.571,34.577,34.567,34.575
2023-06-12 01:30:00,34.57,34.575,34.57,34.572
2023-06-12 02:00:00,34.574,34.586,34.571,34.58
2023-06-12 02:30:00,34.579,34.598,34.551,34.591
2023-06-12 03:00:00,34.59,34.612,34.577,34.611
2023-06-12 03:30:00,34.611,34.626,34.598,34.61
2023-06-12 04:00:00,34.613,34.625,34.602,34.617
2023-06-12 04:30:00,34.616,34.698,34.616,34.695
2023-06-12 05:00:00,34.694,34.715,34.691,34.701
2023-06-12 05:30:00,34.7,34.745,34.696,34.696
2023-06-12 06:00:00,34.696,34.708,34.676,34.682
2023-06-12 06:30:00,34.682,34.687,34.668,34.682
2023-06-12 07:00:00,34.681,34.696,34.654,34.656
2023-06-12 07:30:00,34.656,34.68,34.653,34.667
2023-06-12 08:00:00,34.668,34.67,34.644,34.659
2023-06-12 08:30:00,34.658,34.669,34.652,34.659
2023-06-12 09:00:00,34.659,34.661,34.614,34.618
2023-06-12 09:30:00,34.618,34.629,34.604,34.604
2023-06-12 10:00:00,34.605,34.624,34.604,34.61
2023-06-12 10:30:00,34.612,34.614,34.544,34.569
2023-06-12 11:00:00,34.57,34.576,34.551,34.568
2023-06-12 11:30:00,34.567,34.579,34.556,34.564
2023-06-12 12:00:00,34.563,34.58,34.555,34.571
2023-06-12 12:30:00,34.572,34.612,34.562,34.596
2023-06-12 13:00:00,34.597,34.608,34.576,34.594
2023-06-12 13:30:00,34.594,34.595,34.568,34.575
2023-06-12 14:00:00,34.578,34.6,34.572,34.594
2023-06-12 14:30:00,34.593,34.601,34.591,34.597
2023-06-12 15:00:00,34.598,34.605,34.586,34.605
2023-06-12 15:30:00,34.606,34.626,34.605,34.623
2023-06-12 16:00:00,34.625,34.637,34.614,34.631
2023-06-12 16:30:00,34.632,34.718,34.62,34.693
2023-06-12 17:00:00,34.693,34.693,34.669,34.682
2023-06-12 17:30:00,34.683,34.691,34.673,34.675
2023-06-12 18:00:00,34.674,34.675,34.651,34.658
2023-06-12 18:30:00,34.659,34.681,34.655,34.68
2023-06-12 19:00:00,34.677,34.686,34.674,34.681
2023-06-12 19:30:00,34.682,34.685,34.67,34.679
2023-06-12 20:00:00,34.68,34.681,34.668,34.674
2023-06-12 20:30:00,34.673,34.678,34.657,34.664
2023-06-12 21:00:00,34.663,34.666,34.657,34.662
2023-06-12 21:30:00,34.662,34.665,34.647,34.652
2023-06-12 22:00:00,34.652,34.655,34.651,34.654
2023-06-12 22:30:00,34.654,34.661,34.643,34.647
2023-06-12 23:00:00,34.65,34.654,34.64,34.64
2023-06-12 23:30:00,34.639,34.645,34.605,34.626
2023-06-13 00:00:00,34.627,34.627,34.602,34.606
2023-06-13 00:30:00,34.609,34.624,34.609,34.614
2023-06-13 01:00:00,34.613,34.627,34.613,34.624
2023-06-13 01:30:00,34.627,34.628,34.627,34.628
2023-06-13 02:00:00,34.628,34.628,34.624,34.625
2023-06-13 02:30:00,34.626,34.648,34.61,34.624
2023-06-13 03:00:00,34.625,34.647,34.614,34.646
2023-06-13 03:30:00,34.647,34.669,34.646,34.657
2023-06-13 04:00:00,34.658,34.712,34.645,34.652
2023-06-13 04:30:00,34.652,34.676,34.645,34.655
2023-06-13 05:00:00,34.654,34.663,34.559,34.567
2023-06-13 05:30:00,34.565,34.57,34.503,34.519
2023-06-13 06:00:00,34.519,34.538,34.509,34.522
2023-06-13 06:30:00,34.522,34.522,34.469,34.492
2023-06-13 07:00:00,34.492,34.534,34.492,34.523
2023-06-13 07:30:00,34.524,34.524,34.503,34.514
2023-06-13 08:00:00,34.513,34.52,34.505,34.515
2023-06-13 08:30:00,34.515,34.546,34.513,34.541
2023-06-13 09:00:00,34.539,34.541,34.49,34.512
2023-06-13 09:30:00,34.512,34.557,34.497,34.551
2023-06-13 10:00:00,34.552,34.552,34.522,34.529
2023-06-13 10:30:00,34.53,34.547,34.509,34.539
2023-06-13 11:00:00,34.539,34.564,34.539,34.559
2023-06-13 11:30:00,34.559,34.559,34.513,34.543
2023-06-13 12:00:00,34.542,34.574,34.542,34.57
2023-06-13 12:30:00,34.57,34.577,34.539,34.545
2023-06-13 13:00:00,34.545,34.567,34.545,34.559
2023-06-13 13:30:00,34.56,34.565,34.552,34.559
2023-06-13 14:00:00,34.558,34.563,34.55,34.554
2023-06-13 14:30:00,34.554,34.555,34.534,34.542
2023-06-13 15:00:00,34.541,34.553,34.514,34.514
2023-06-13 15:30:00,34.512,34.522,34.449,34.491
2023-06-13 16:00:00,34.49,34.512,34.463,34.493
2023-06-13 16:30:00,34.493,34.566,34.473,34.554
2023-06-13 17:00:00,34.553,34.577,34.521,34.531
2023-06-13 17:30:00,34.53,34.542,34.501,34.509
2023-06-13 18:00:00,34.509,34.624,34.508,34.623
2023-06-13 18:30:00,34.622,34.654,34.621,34.649
2023-06-13 19:00:00,34.648,34.648,34.617,34.625
2023-06-13 19:30:00,34.624,34.626,34.618,34.62
2023-06-13 20:00:00,34.621,34.627,34.621,34.625
2023-06-13 20:30:00,34.625,34.681,34.624,34.68
2023-06-13 21:00:00,34.679,34.68,34.659,34.671
2023-06-13 21:30:00,34.67,34.691,34.67,34.69
2023-06-13 22:00:00,34.689,34.691,34.659,34.664
2023-06-13 22:30:00,34.662,34.664,34.655,34.662
2023-06-13 23:00:00,34.661,34.665,34.66,34.664
2023-06-13 23:30:00,34.66,34.664,34.643,34.649
2023-06-14 00:00:00,34.662,34.662,34.605,34.618
2023-06-14 00:30:00,34.624,34.624,34.58,34.602
2023-06-14 01:00:00,34.603,34.615,34.601,34.615
2023-06-14 01:30:00,34.615,34.628,34.615,34.628
2023-06-14 02:00:00,34.632,34.662,34.632,34.661
2023-06-14 02:30:00,34.66,34.686,34.658,34.682
2023-06-14 03:00:00,34.678,34.696,34.678,34.691
2023-06-14 03:30:00,34.691,34.692,34.664,34.676
2023-06-14 04:00:00,34.675,34.687,34.631,34.631
2023-06-14 04:30:00,34.631,34.636,34.59,34.618
2023-06-14 05:00:00,34.618,34.635,34.588,34.596
2023-06-14 05:30:00,34.597,34.606,34.586,34.595
2023-06-14 06:00:00,34.595,34.624,34.595,34.618
2023-06-14 06:30:00,34.618,34.644,34.613,34.633
2023-06-14 07:00:00,34.632,34.636,34.607,34.613
2023-06-14 07:30:00,34.612,34.619,34.592,34.619
2023-06-14 08:00:00,34.619,34.66,34.617,34.655
2023-06-14 08:30:00,34.655,34.658,34.644,34.657
2023-06-14 09:00:00,34.656,34.687,34.653,34.654
2023-06-14 09:30:00,34.653,34.671,34.651,34.656
2023-06-14 10:00:00,34.655,34.656,34.629,34.634
2023-06-14 10:30:00,34.636,34.653,34.631,34.643
2023-06-14 11:00:00,34.644,34.676,34.643,34.658
2023-06-14 11:30:00,34.657,34.669,34.654,34.662
2023-06-14 12:00:00,34.663,34.676,34.655,34.667
2023-06-14 12:30:00,34.668,34.677,34.656,34.671
2023-06-14 13:00:00,34.672,34.681,34.667,34.668
2023-06-14 13:30:00,34.666,34.694,34.666,34.692
2023-06-14 14:00:00,34.69,34.703,34.69,34.694
2023-06-14 14:30:00,34.693,34.716,34.692,34.702
2023-06-14 15:00:00,34.702,34.719,34.698,34.706
2023-06-14 15:30:00,34.711,34.711,34.623,34.626
2023-06-14 16:00:00,34.627,34.644,34.611,34.631
2023-06-14 16:30:00,34.631,34.635,34.603,34.607
2023-06-14 17:00:00,34.608,34.611,34.593,34.593
2023-06-14 17:30:00,34.594,34.611,34.593,34.607
2023-06-14 18:00:00,34.607,34.611,34.601,34.603
2023-06-14 18:30:00,34.602,34.612,34.602,34.605
2023-06-14 19:00:00,34.605,34.609,34.601,34.602
2023-06-14 19:30:00,34.602,34.609,34.601,34.603
2023-06-14 20:00:00,34.603,34.623,34.602,34.621
2023-06-14 20:30:00,34.623,34.64,34.61,34.61
2023-06-14 21:00:00,34.615,34.773,34.608,34.736
2023-06-14 21:30:00,34.734,34.741,34.617,34.653
2023-06-14 22:00:00,34.654,34.717,34.64,34.717
2023-06-14 22:30:00,34.716,34.718,34.672,34.697
2023-06-14 23:00:00,34.698,34.714,34.696,34.713
2023-06-14 23:30:00,34.712,34.712,34.648,34.654
2023-06-15 00:00:00,34.67,34.67,34.542,34.591
2023-06-15 00:30:00,34.59,34.633,34.586,34.626
2023-06-15 01:00:00,34.628,34.674,34.627,34.667
2023-06-15 01:30:00,34.668,34.669,34.666,34.666
2023-06-15 02:00:00,34.668,34.697,34.667,34.694
2023-06-15 02:30:00,34.693,34.7,34.661,34.673
2023-06-15 03:00:00,34.674,34.735,34.674,34.734
2023-06-15 03:30:00,34.734,34.79,34.729,34.766
2023-06-15 04:00:00,34.765,34.835,34.764,34.834
2023-06-15 04:30:00,34.835,34.871,34.82,34.858
2023-06-15 05:00:00,34.858,34.876,34.823,34.834
2023-06-15 05:30:00,34.835,34.843,34.813,34.813
2023-06-15 06:00:00,34.814,34.821,34.8,34.813
2023-06-15 06:30:00,34.813,34.827,34.806,34.817
2023-06-15 07:00:00,34.817,34.842,34.817,34.821
2023-06-15 07:30:00,34.821,34.824,34.804,34.817
2023-06-15 08:00:00,34.817,34.858,34.815,34.819
2023-06-15 08:30:00,34.819,34.819,34.779,34.796
2023-06-15 09:00:00,34.797,34.815,34.793,34.812
2023-06-15 09:30:00,34.811,34.829,34.805,34.813
2023-06-15 10:00:00,34.813,34.843,34.813,34.823
2023-06-15 10:30:00,34.823,34.831,34.797,34.798
2023-06-15 11:00:00,34.798,34.816,34.791,34.805
2023-06-15 11:30:00,34.806,34.826,34.804,34.82
2023-06-15 12:00:00,34.822,34.822,34.801,34.805
2023-06-15 12:30:00,34.804,34.821,34.801,34.803
2023-06-15 13:00:00,34.802,34.823,34.8,34.811
2023-06-15 13:30:00,34.813,34.816,34.796,34.815
2023-06-15 14:00:00,34.813,34.828,34.807,34.822
2023-06-15 14:30:00,34.821,34.835,34.819,34.829
2023-06-15 15:00:00,34.83,34.862,34.824,34.848
2023-06-15 15:30:00,34.849,34.866,34.809,34.829
2023-06-15 16:00:00,34.828,34.828,34.711,34.729
2023-06-15 16:30:00,34.727,34.766,34.667,34.673
2023-06-15 17:00:00,34.671,34.672,34.596,34.609
2023-06-15 17:30:00,34.605,34.643,34.601,34.639
2023-06-15 18:00:00,34.638,34.658,34.625,34.639
2023-06-15 18:30:00,34.639,34.641,34.619,34.621
2023-06-15 19:00:00,34.62,34.64,34.596,34.604
2023-06-15 19:30:00,34.604,34.618,34.596,34.601
2023-06-15 20:00:00,34.599,34.615,34.596,34.6
2023-06-15 20:30:00,34.6,34.6,34.573,34.584
2023-06-15 21:00:00,34.585,34.595,34.584,34.594
2023-06-15 21:30:00,34.591,34.595,34.588,34.59
2023-06-15 22:00:00,34.591,34.592,34.574,34.577
2023-06-15 22:30:00,34.577,34.583,34.574,34.576
2023-06-15 23:00:00,34.573,34.581,34.568,34.578
2023-06-15 23:30:00,34.576,34.58,34.548,34.555
2023-06-16 00:00:00,34.556,34.568,34.534,34.568
2023-06-16 00:30:00,34.558,34.578,34.546,34.577
2023-06-16 01:00:00,34.576,34.581,34.573,34.576
2023-06-16 01:30:00,34.577,34.583,34.575,34.581
2023-06-16 02:00:00,34.579,34.58,34.574,34.578
2023-06-16 02:30:00,34.579,34.617,34.579,34.615
2023-06-16 03:00:00,34.615,34.618,34.569,34.582
2023-06-16 03:30:00,34.581,34.634,34.579,34.624
2023-06-16 04:00:00,34.624,34.65,34.603,34.623
2023-06-16 04:30:00,34.624,34.637,34.584,34.615
2023-06-16 05:00:00,34.615,34.642,34.611,34.639
2023-06-16 05:30:00,34.64,34.699,34.637,34.694
2023-06-16 06:00:00,34.693,34.693,34.662,34.667
2023-06-16 06:30:00,34.666,34.702,34.666,34.696
2023-06-16 07:00:00,34.696,34.717,34.67,34.678
2023-06-16 07:30:00,34.678,34.685,34.656,34.664
2023-06-16 08:00:00,34.664,34.676,34.647,34.649
2023-06-16 08:30:00,34.65,34.656,34.615,34.645
2023-06-16 09:00:00,34.644,34.648,34.602,34.631
2023-06-16 09:30:00,34.631,34.653,34.602,34.643
2023-06-16 10:00:00,34.642,34.668,34.632,34.653
2023-06-16 10:30:00,34.652,34.666,34.642,34.653
2023-06-16 11:00:00,34.653,34.658,34.637,34.644
2023-06-16 11:30:00,34.645,34.646,34.626,34.641
2023-06-16 12:00:00,34.64,34.65,34.631,34.64
2023-06-16 12:30:00,34.641,34.699,34.633,34.67
2023-06-16 13:00:00,34.671,34.683,34.654,34.665
2023-06-16 13:30:00,34.666,34.671,34.658,34.669
2023-06-16 14:00:00,34.668,34.675,34.63,34.631
2023-06-16 14:30:00,34.631,34.64,34.616,34.62
2023-06-16 15:00:00,34.619,34.641,34.602,34.641
2023-06-16 15:30:00,34.64,34.657,34.633,34.637
2023-06-16 16:00:00,34.638,34.647,34.613,34.647
2023-06-16 16:30:00,34.646,34.675,34.614,34.614
2023-06-16 17:00:00,34.615,34.712,34.605,34.695
2023-06-16 17:30:00,34.694,34.702,34.653,34.679
2023-06-16 18:00:00,34.678,34.68,34.653,34.66
2023-06-16 18:30:00,34.659,34.696,34.657,34.692
2023-06-16 19:00:00,34.693,34.695,34.685,34.69
2023-06-16 19:30:00,34.69,34.692,34.682,34.682
2023-06-16 20:00:00,34.681,34.681,34.664,34.665
2023-06-16 20:30:00,34.664,34.667,34.658,34.664
2023-06-16 21:00:00,34.663,34.668,34.651,34.666
2023-06-16 21:30:00,34.667,34.669,34.659,34.666
2023-06-16 22:00:00,34.666,34.675,34.66,34.672
2023-06-16 22:30:00,34.675,34.679,34.667,34.679
2023-06-16 23:00:00,34.678,34.678,34.655,34.659
2023-06-16 23:30:00,34.657,34.673,34.325,34.329
2023-06-19 00:00:00,34.682,34.759,34.641,34.651
2023-06-19 00:30:00,34.646,34.652,34.64,34.644
2023-06-19 01:00:00,34.649,34.662,34.647,34.662
2023-06-19 01:30:00,34.662,34.664,34.658,34.664
2023-06-19 02:00:00,34.661,34.667,34.648,34.662
2023-06-19 02:30:00,34.661,34.701,34.642,34.68
2023-06-19 03:00:00,34.679,34.699,34.671,34.687
2023-06-19 03:30:00,34.692,34.757,34.686,34.735
2023-06-19 04:00:00,34.734,34.737,34.703,34.713
2023-06-19 04:30:00,34.713,34.733,34.695,34.707
2023-06-19 05:00:00,34.708,34.726,34.704,34.711
2023-06-19 05:30:00,34.712,34.729,34.698,34.727
2023-06-19 06:00:00,34.728,34.735,34.719,34.728
2023-06-19 06:30:00,34.728,34.736,34.708,34.716
2023-06-19 07:00:00,34.717,34.746,34.717,34.729
2023-06-19 07:30:00,34.729,34.738,34.718,34.72
2023-06-19 08:00:00,34.72,34.736,34.719,34.722
2023-06-19 08:30:00,34.721,34.738,34.714,34.736
2023-06-19 09:00:00,34.737,34.757,34.732,34.754
2023-06-19 09:30:00,34.754,34.766,34.742,34.763
2023-06-19 10:00:00,34.763,34.791,34.758,34.786
2023-06-19 10:30:00,34.786,34.788,34.749,34.77
2023-06-19 11:00:00,34.769,34.781,34.753,34.765
2023-06-19 11:30:00,34.761,34.775,34.754,34.772
2023-06-19 12:00:00,34.772,34.784,34.763,34.77
2023-06-19 12:30:00,34.771,34.795,34.77,34.794
2023-06-19 13:00:00,34.795,34.803,34.781,34.788
2023-06-19 13:30:00,34.787,34.798,34.774,34.782
2023-06-19 14:00:00,34.781,34.783,34.769,34.77
2023-06-19 14:30:00,34.771,34.782,34.77,34.778
2023-06-19 15:00:00,34.779,34.798,34.773,34.779
2023-06-19 15:30:00,34.779,34.8,34.775,34.798
2023-06-19 16:00:00,34.797,34.804,34.788,34.796
2023-06-19 16:30:00,34.796,34.797,34.754,34.763
2023-06-19 17:00:00,34.762,34.765,34.757,34.76
2023-06-19 17:30:00,34.759,34.76,34.739,34.744
2023-06-19 18:00:00,34.746,34.747,34.731,34.737
2023-06-19 18:30:00,34.738,34.751,34.728,34.737
2023-06-19 19:00:00,34.736,34.739,34.732,34.737
2023-06-19 19:30:00,34.736,34.747,34.73,34.74
2023-06-19 20:00:00,34.74,34.748,34.738,34.74
2023-06-19 20:30:00,34.74,34.744,34.739,34.74
2023-06-19 21:00:00,34.74,34.749,34.738,34.741
2023-06-19 21:30:00,34.741,34.742,34.74,34.741
2023-06-19 22:00:00,34.741,34.749,34.74,34.747
2023-06-19 22:30:00,34.743,34.748,34.738,34.745
2023-06-19 23:00:00,34.745,34.747,34.742,34.745
2023-06-19 23:30:00,34.737,34.737,34.725,34.734
2023-06-20 00:00:00,34.678,34.744,34.678,34.744
2023-06-20 00:30:00,34.744,34.744,34.733,34.741
2023-06-20 01:00:00,34.739,34.744,34.738,34.739
2023-06-20 01:30:00,34.743,34.749,34.741,34.743
2023-06-20 02:00:00,34.745,34.769,34.744,34.764
2023-06-20 02:30:00,34.765,34.786,34.759,34.762
2023-06-20 03:00:00,34.761,34.817,34.756,34.799
2023-06-20 03:30:00,34.798,34.815,34.766,34.777
2023-06-20 04:00:00,34.778,34.791,34.765,34.778
2023-06-20 04:30:00,34.779,34.806,34.778,34.8
2023-06-20 05:00:00,34.801,34.804,34.743,34.752
2023-06-20 05:30:00,34.753,34.766,34.739,34.749
2023-06-20 06:00:00,34.748,34.775,34.745,34.76
2023-06-20 06:30:00,34.761,34.786,34.76,34.776
2023-06-20 07:00:00,34.774,34.784,34.76,34.761
2023-06-20 07:30:00,34.76,34.771,34.752,34.766
2023-06-20 08:00:00,34.766,34.778,34.764,34.768
2023-06-20 08:30:00,34.768,34.773,34.75,34.769
2023-06-20 09:00:00,34.768,34.77,34.744,34.745
2023-06-20 09:30:00,34.745,34.748,34.712,34.726
2023-06-20 10:00:00,34.726,34.733,34.693,34.7
2023-06-20 10:30:00,34.699,34.704,34.668,34.685
2023-06-20 11:00:00,34.685,34.712,34.68,34.709
2023-06-20 11:30:00,34.71,34.725,34.698,34.717
2023-06-20 12:00:00,34.716,34.728,34.711,34.724
2023-06-20 12:30:00,34.724,34.746,34.722,34.741
2023-06-20 13:00:00,34.74,34.755,34.734,34.751
2023-06-20 13:30:00,34.753,34.753,34.736,34.744
2023-06-20 14:00:00,34.745,34.745,34.733,34.739
2023-06-20 14:30:00,34.739,34.743,34.724,34.733
2023-06-20 15:00:00,34.733,34.741,34.73,34.732
2023-06-20 15:30:00,34.733,34.784,34.733,34.77
2023-06-20 16:00:00,34.77,34.83,34.769,34.81
2023-06-20 16:30:00,34.811,34.857,34.788,34.845
2023-06-20 17:00:00,34.845,34.862,34.823,34.861
2023-06-20 17:30:00,34.862,34.868,34.831,34.832
2023-06-20 18:00:00,34.832,34.848,34.816,34.832
2023-06-20 18:30:00,34.831,34.835,34.821,34.833
2023-06-20 19:00:00,34.83,34.836,34.822,34.83
2023-06-20 19:30:00,34.829,34.83,34.822,34.825
2023-06-20 20:00:00,34.824,34.828,34.819,34.827
2023-06-20 20:30:00,34.829,34.834,34.818,34.823
2023-06-20 21:00:00,34.825,34.831,34.819,34.825
2023-06-20 21:30:00,34.824,34.835,34.821,34.827
2023-06-20 22:00:00,34.829,34.837,34.828,34.835
2023-06-20 22:30:00,34.835,34.837,34.828,34.831
2023-06-20 23:00:00,34.831,34.838,34.83,34.835
2023-06-20 23:30:00,34.834,34.843,34.821,34.824
2023-06-21 00:00:00,34.837,34.839,34.77,34.771
2023-06-21 00:30:00,34.829,34.829,34.809,34.825
2023-06-21 01:00:00,34.824,34.829,34.821,34.823
2023-06-21 01:30:00,34.824,34.834,34.822,34.834
2023-06-21 02:00:00,34.831,34.836,34.825,34.835
2023-06-21 02:30:00,34.829,34.835,34.826,34.83
2023-06-21 03:00:00,34.833,34.855,34.829,34.847
2023-06-21 03:30:00,34.846,34.861,34.824,34.855
2023-06-21 04:00:00,34.855,34.868,34.844,34.864
2023-06-21 04:30:00,34.865,34.88,34.827,34.858
2023-06-21 05:00:00,34.857,34.866,34.818,34.835
2023-06-21 05:30:00,34.834,34.857,34.825,34.854
2023-06-21 06:00:00,34.854,34.855,34.827,34.84
2023-06-21 06:30:00,34.839,34.847,34.831,34.839
2023-06-21 07:00:00,34.839,34.842,34.814,34.824
2023-06-21 07:30:00,34.823,34.827,34.813,34.823
2023-06-21 08:00:00,34.823,34.831,34.815,34.819
2023-06-21 08:30:00,34.82,34.833,34.817,34.826
2023-06-21 09:00:00,34.826,34.856,34.823,34.84
2023-06-21 09:30:00,34.84,34.857,34.839,34.855
2023-06-21 10:00:00,34.855,34.874,34.853,34.861
2023-06-21 10:30:00,34.861,34.866,34.851,34.861
2023-06-21 11:00:00,34.862,34.866,34.847,34.849
2023-06-21 11:30:00,34.85,34.866,34.845,34.857
2023-06-21 12:00:00,34.857,34.874,34.846,34.846
2023-06-21 12:30:00,34.845,34.856,34.831,34.848
2023-06-21 13:00:00,34.847,34.858,34.829,34.831
2023-06-21 13:30:00,34.832,34.839,34.819,34.833
2023-06-21 14:00:00,34.833,34.85,34.827,34.844
2023-06-21 14:30:00,34.844,34.846,34.826,34.834
2023-06-21 15:00:00,34.835,34.877,34.827,34.866
2023-06-21 15:30:00,34.866,34.887,34.843,34.868
2023-06-21 16:00:00,34.869,34.899,34.867,34.882
2023-06-21 16:30:00,34.883,34.918,34.882,34.903
2023-06-21 17:00:00,34.902,34.916,34.867,34.868
2023-06-21 17:30:00,34.867,34.879,34.84,34.861
2023-06-21 18:00:00,34.861,34.877,34.855,34.868
2023-06-21 18:30:00,34.867,34.87,34.853,34.866
2023-06-21 19:00:00,34.864,34.868,34.839,34.842
2023-06-21 19:30:00,34.841,34.842,34.822,34.829
2023-06-21 20:00:00,34.823,34.837,34.817,34.822
2023-06-21 20:30:00,34.821,34.832,34.789,34.799
2023-06-21 21:00:00,34.799,34.803,34.766,34.766
2023-06-21 21:30:00,34.766,34.778,34.76,34.777
2023-06-21 22:00:00,34.778,34.779,34.772,34.774
2023-06-21 22:30:00,34.773,34.778,34.771,34.774
2023-06-21 23:00:00,34.772,34.782,34.772,34.773
2023-06-21 23:30:00,34.771,34.778,34.751,34.764
2023-06-22 00:00:00,34.751,34.771,34.701,34.749
2023-06-22 00:30:00,34.747,34.782,34.743,34.765
2023-06-22 01:00:00,34.766,34.779,34.766,34.766
2023-06-22 01:30:00,34.765,34.781,34.765,34.772
2023-06-22 02:00:00,34.772,34.788,34.764,34.772
2023-06-22 02:30:00,34.767,34.782,34.767,34.781
2023-06-22 03:00:00,34.781,34.831,34.773,34.825
2023-06-22 03:30:00,34.824,34.833,34.805,34.81
2023-06-22 04:00:00,34.81,34.813,34.793,34.809
2023-06-22 04:30:00,34.809,34.828,34.801,34.826
2023-06-22 05:00:00,34.826,34.85,34.819,34.846
2023-06-22 05:30:00,34.847,34.847,34.83,34.836
2023-06-22 06:00:00,34.837,34.854,34.832,34.854
2023-06-22 06:30:00,34.853,34.885,34.852,34.884
2023-06-22 07:00:00,34.885,34.896,34.871,34.893
2023-06-22 07:30:00,34.894,34.896,34.876,34.891
2023-06-22 08:00:00,34.89,34.924,34.886,34.895
2023-06-22 08:30:00,34.896,34.917,34.894,34.904
2023-06-22 09:00:00,34.904,34.992,34.902,34.976
2023-06-22 09:30:00,34.977,35.039,34.963,35.031
2023-06-22 10:00:00,35.031,35.049,34.984,34.992
2023-06-22 10:30:00,34.991,35.022,34.968,34.972
2023-06-22 11:00:00,34.971,35.007,34.97,35.005
2023-06-22 11:30:00,35.006,35.038,35.002,35.021
2023-06-22 12:00:00,35.026,35.027,35.011,35.02
2023-06-22 12:30:00,35.019,35.062,35.016,35.045
2023-06-22 13:00:00,35.044,35.062,35.043,35.057
2023-06-22 13:30:00,35.056,35.06,35.045,35.054
2023-06-22 14:00:00,35.053,35.069,35.044,35.062
2023-06-22 14:30:00,35.061,35.092,35.061,35.073
2023-06-22 15:00:00,35.073,35.1,35.071,35.095
2023-06-22 15:30:00,35.095,35.097,35.051,35.091
2023-06-22 16:00:00,35.091,35.109,35.065,35.09
2023-06-22 16:30:00,35.089,35.101,35.065,35.068
2023-06-22 17:00:00,35.068,35.109,35.065,35.108
2023-06-22 17:30:00,35.108,35.119,35.09,35.09
2023-06-22 18:00:00,35.09,35.123,35.09,35.119
2023-06-22 18:30:00,35.12,35.136,35.114,35.132
2023-06-22 19:00:00,35.13,35.147,35.129,35.139
2023-06-22 19:30:00,35.138,35.147,35.136,35.146
2023-06-22 20:00:00,35.146,35.158,35.146,35.154
2023-06-22 20:30:00,35.154,35.157,35.136,35.15
2023-06-22 21:00:00,35.15,35.15,35.137,35.141
2023-06-22 21:30:00,35.14,35.152,35.137,35.146
2023-06-22 22:00:00,35.146,35.153,35.138,35.152
2023-06-22 22:30:00,35.153,35.154,35.131,35.132
2023-06-22 23:00:00,35.131,35.142,35.131,35.139
2023-06-22 23:30:00,35.137,35.146,35.087,35.087
2023-06-23 00:00:00,35.104,35.104,35.05,35.051
2023-06-23 00:30:00,35.104,35.105,35.083,35.102
2023-06-23 01:00:00,35.103,35.139,35.103,35.135
2023-06-23 01:30:00,35.135,35.142,35.132,35.136
2023-06-23 02:00:00,35.137,35.145,35.113,35.113
2023-06-23 02:30:00,35.112,35.129,35.105,35.128
2023-06-23 03:00:00,35.127,35.138,35.116,35.121
2023-06-23 03:30:00,35.122,35.126,35.095,35.105
2023-06-23 04:00:00,35.106,35.164,35.101,35.163
2023-06-23 04:30:00,35.161,35.199,35.161,35.191
2023-06-23 05:00:00,35.192,35.231,35.191,35.219
2023-06-23 05:30:00,35.22,35.251,35.206,35.216
2023-06-23 06:00:00,35.216,35.226,35.172,35.196
2023-06-23 06:30:00,35.197,35.224,35.183,35.219
2023-06-23 07:00:00,35.22,35.265,35.207,35.246
2023-06-23 07:30:00,35.246,35.254,35.199,35.205
2023-06-23 08:00:00,35.204,35.232,35.204,35.225
2023-06-23 08:30:00,35.225,35.235,35.218,35.233
2023-06-23 09:00:00,35.234,35.263,35.234,35.26
2023-06-23 09:30:00,35.26,35.284,35.254,35.272
2023-06-23 10:00:00,35.274,35.278,35.246,35.262
2023-06-23 10:30:00,35.262,35.266,35.244,35.252
2023-06-23 11:00:00,35.251,35.254,35.206,35.224
2023-06-23 11:30:00,35.225,35.24,35.21,35.219
2023-06-23 12:00:00,35.22,35.252,35.219,35.25
2023-06-23 12:30:00,35.251,35.252,35.205,35.21
2023-06-23 13:00:00,35.21,35.211,35.198,35.205
2023-06-23 13:30:00,35.206,35.219,35.198,35.21
2023-06-23 14:00:00,35.211,35.214,35.201,35.206
2023-06-23 14:30:00,35.207,35.216,35.194,35.208
2023-06-23 15:00:00,35.206,35.212,35.163,35.168
2023-06-23 15:30:00,35.169,35.192,35.098,35.122
2023-06-23 16:00:00,35.123,35.123,35.072,35.09
2023-06-23 16:30:00,35.09,35.139,35.076,35.135
2023-06-23 17:00:00,35.136,35.209,35.126,35.183
2023-06-23 17:30:00,35.182,35.245,35.182,35.222
2023-06-23 18:00:00,35.224,35.262,35.212,35.257
2023-06-23 18:30:00,35.256,35.264,35.225,35.242
2023-06-23 19:00:00,35.241,35.251,35.21,35.223
2023-06-23 19:30:00,35.222,35.258,35.222,35.256
2023-06-23 20:00:00,35.247,35.257,35.207,35.254
2023-06-23 20:30:00,35.254,35.255,35.244,35.247
2023-06-23 21:00:00,35.248,35.251,35.242,35.242
2023-06-23 21:30:00,35.242,35.247,35.24,35.245
2023-06-23 22:00:00,35.246,35.248,35.242,35.246
2023-06-23 22:30:00,35.245,35.248,35.24,35.242
2023-06-23 23:00:00,35.241,35.241,35.236,35.236
2023-06-23 23:30:00,35.237,35.238,35.096,35.096
2023-06-26 00:00:00,35.225,35.236,35.145,35.21
2023-06-26 00:30:00,35.204,35.215,35.174,35.196
2023-06-26 01:00:00,35.197,35.207,35.196,35.207
2023-06-26 01:30:00,35.208,35.211,35.206,35.211
2023-06-26 02:00:00,35.209,35.219,35.209,35.218
2023-06-26 02:30:00,35.219,35.24,35.202,35.216
2023-06-26 03:00:00,35.221,35.233,35.198,35.202
2023-06-26 03:30:00,35.202,35.203,35.142,35.165
2023-06-26 04:00:00,35.167,35.191,35.149,35.156
2023-06-26 04:30:00,35.157,35.206,35.141,35.206
2023-06-26 05:00:00,35.207,35.246,35.203,35.239
2023-06-26 05:30:00,35.239,35.275,35.214,35.231
2023-06-26 06:00:00,35.232,35.243,35.223,35.233
2023-06-26 06:30:00,35.235,35.277,35.231,35.257
2023-06-26 07:00:00,35.257,35.257,35.229,35.24
2023-06-26 07:30:00,35.239,35.251,35.204,35.222
2023-06-26 08:00:00,35.223,35.231,35.213,35.221
2023-06-26 08:30:00,35.222,35.224,35.204,35.222
2023-06-26 09:00:00,35.223,35.262,35.222,35.257
2023-06-26 09:30:00,35.258,35.276,35.254,35.254
2023-06-26 10:00:00,35.254,35.264,35.236,35.244
2023-06-26 10:30:00,35.243,35.244,35.218,35.224
2023-06-26 11:00:00,35.224,35.234,35.198,35.198
2023-06-26 11:30:00,35.194,35.209,35.181,35.187
2023-06-26 12:00:00,35.188,35.207,35.183,35.204
2023-06-26 12:30:00,35.204,35.209,35.191,35.191
2023-06-26 13:00:00,35.192,35.197,35.177,35.178
2023-06-26 13:30:00,35.177,35.183,35.171,35.177
2023-06-26 14:00:00,35.177,35.183,35.173,35.177
2023-06-26 14:30:00,35.178,35.179,35.156,35.159
2023-06-26 15:00:00,35.16,35.165,35.15,35.155
2023-06-26 15:30:00,35.154,35.16,35.147,35.152
2023-06-26 16:00:00,35.152,35.167,35.144,35.164
2023-06-26 16:30:00,35.162,35.221,35.162,35.212
2023-06-26 17:00:00,35.213,35.236,35.202,35.228
2023-06-26 17:30:00,35.227,35.253,35.225,35.241
2023-06-26 18:00:00,35.24,35.241,35.201,35.205
2023-06-26 18:30:00,35.205,35.234,35.197,35.23
2023-06-26 19:00:00,35.229,35.252,35.226,35.25
2023-06-26 19:30:00,35.25,35.253,35.224,35.23
2023-06-26 20:00:00,35.224,35.233,35.217,35.233
2023-06-26 20:30:00,35.226,35.239,35.226,35.237
2023-06-26 21:00:00,35.234,35.242,35.233,35.234
2023-06-26 21:30:00,35.233,35.239,35.226,35.226
2023-06-26 22:00:00,35.225,35.238,35.222,35.236
2023-06-26 22:30:00,35.239,35.239,35.231,35.237
2023-06-26 23:00:00,35.238,35.238,35.222,35.222
2023-06-26 23:30:00,35.221,35.223,35.182,35.189
2023-06-27 00:00:00,35.165,35.177,35.161,35.173
2023-06-27 00:30:00,35.173,35.189,35.17,35.185
2023-06-27 01:00:00,35.183,35.204,35.183,35.196
2023-06-27 01:30:00,35.199,35.203,35.194,35.202
2023-06-27 02:00:00,35.201,35.206,35.194,35.206
2023-06-27 02:30:00,35.206,35.214,35.199,35.206
2023-06-27 03:00:00,35.196,35.23,35.195,35.216
2023-06-27 03:30:00,35.22,35.254,35.206,35.242
2023-06-27 04:00:00,35.243,35.257,35.208,35.215
2023-06-27 04:30:00,35.215,35.222,35.142,35.197
2023-06-27 05:00:00,35.196,35.232,35.18,35.232
2023-06-27 05:30:00,35.233,35.243,35.199,35.218
2023-06-27 06:00:00,35.218,35.221,35.179,35.185
2023-06-27 06:30:00,35.184,35.233,35.148,35.201
2023-06-27 07:00:00,35.202,35.213,35.17,35.172
2023-06-27 07:30:00,35.173,35.19,35.172,35.186
2023-06-27 08:00:00,35.186,35.187,35.16,35.161
2023-06-27 08:30:00,35.162,35.183,35.16,35.176
2023-06-27 09:00:00,35.177,35.19,35.165,35.171
2023-06-27 09:30:00,35.17,35.184,35.165,35.183
2023-06-27 10:00:00,35.183,35.291,35.176,35.23
2023-06-27 10:30:00,35.231,35.256,35.197,35.209
2023-06-27 11:00:00,35.211,35.238,35.206,35.232
2023-06-27 11:30:00,35.233,35.26,35.223,35.256
2023-06-27 12:00:00,35.257,35.281,35.253,35.275
2023-06-27 12:30:00,35.276,35.298,35.27,35.283
2023-06-27 13:00:00,35.284,35.286,35.257,35.265
2023-06-27 13:30:00,35.266,35.268,35.249,35.259
2023-06-27 14:00:00,35.258,35.262,35.249,35.251
2023-06-27 14:30:00,35.252,35.254,35.247,35.25
2023-06-27 15:00:00,35.251,35.252,35.193,35.227
2023-06-27 15:30:00,35.226,35.236,35.169,35.199
2023-06-27 16:00:00,35.203,35.214,35.177,35.182
2023-06-27 16:30:00,35.181,35.209,35.16,35.182
2023-06-27 17:00:00,35.188,35.284,35.174,35.239
2023-06-27 17:30:00,35.238,35.28,35.233,35.268
2023-06-27 18:00:00,35.267,35.282,35.254,35.257
2023-06-27 18:30:00,35.258,35.269,35.236,35.267
2023-06-27 19:00:00,35.269,35.274,35.262,35.265
2023-06-27 19:30:00,35.264,35.274,35.255,35.27
2023-06-27 20:00:00,35.271,35.274,35.265,35.265
2023-06-27 20:30:00,35.265,35.272,35.263,35.271
2023-06-27 21:00:00,35.27,35.272,35.264,35.267
2023-06-27 21:30:00,35.265,35.267,35.262,35.263
2023-06-27 22:00:00,35.262,35.266,35.262,35.263
2023-06-27 22:30:00,35.263,35.269,35.263,35.268
2023-06-27 23:00:00,35.27,35.296,35.268,35.272
2023-06-27 23:30:00,35.27,35.271,35.213,35.213
2023-06-28 00:00:00,35.215,35.252,35.212,35.249
2023-06-28 00:30:00,35.248,35.249,35.213,35.249
2023-06-28 01:00:00,35.246,35.261,35.221,35.261
2023-06-28 01:30:00,35.26,35.272,35.258,35.263
2023-06-28 02:00:00,35.364,35.383,35.259,35.279
2023-06-28 02:30:00,35.28,35.294,35.28,35.294
2023-06-28 03:00:00,35.294,35.297,35.262,35.281
2023-06-28 03:30:00,35.281,35.335,35.273,35.314
2023-06-28 04:00:00,35.315,35.379,35.315,35.361
2023-06-28 04:30:00,35.36,35.378,35.34,35.361
2023-06-28 05:00:00,35.361,35.381,35.349,35.381
2023-06-28 05:30:00,35.382,35.382,35.362,35.373
2023-06-28 06:00:00,35.374,35.38,35.347,35.35
2023-06-28 06:30:00,35.351,35.379,35.35,35.376
2023-06-28 07:00:00,35.375,35.386,35.37,35.384
2023-06-28 07:30:00,35.385,35.459,35.383,35.438
2023-06-28 08:00:00,35.437,35.453,35.431,35.439
2023-06-28 08:30:00,35.439,35.45,35.416,35.417
2023-06-28 09:00:00,35.416,35.469,35.412,35.454
2023-06-28 09:30:00,35.451,35.461,35.424,35.436
2023-06-28 10:00:00,35.435,35.487,35.434,35.481
2023-06-28 10:30:00,35.482,35.578,35.479,35.549
2023-06-28 11:00:00,35.548,35.568,35.538,35.56
2023-06-28 11:30:00,35.559,35.583,35.554,35.574
2023-06-28 12:00:00,35.573,35.576,35.551,35.57
2023-06-28 12:30:00,35.57,35.627,35.555,35.621
2023-06-28 13:00:00,35.621,35.652,35.611,35.613
2023-06-28 13:30:00,35.611,35.618,35.595,35.599
2023-06-28 14:00:00,35.599,35.62,35.594,35.597
2023-06-28 14:30:00,35.596,35.598,35.584,35.588
2023-06-28 15:00:00,35.589,35.619,35.586,35.615
2023-06-28 15:30:00,35.614,35.623,35.603,35.621
2023-06-28 16:00:00,35.62,35.645,35.619,35.642
2023-06-28 16:30:00,35.641,35.646,35.574,35.606
2023-06-28 17:00:00,35.605,35.646,35.598,35.637
2023-06-28 17:30:00,35.635,35.639,35.6,35.619
2023-06-28 18:00:00,35.618,35.628,35.55,35.561
2023-06-28 18:30:00,35.559,35.57,35.546,35.547
2023-06-28 19:00:00,35.546,35.553,35.521,35.553
2023-06-28 19:30:00,35.553,35.564,35.546,35.555
2023-06-28 20:00:00,35.554,35.559,35.546,35.553
2023-06-28 20:30:00,35.553,35.568,35.548,35.561
2023-06-28 21:00:00,35.562,35.563,35.56,35.563
2023-06-28 21:30:00,35.563,35.581,35.56,35.564
2023-06-28 22:00:00,35.566,35.575,35.562,35.57
2023-06-28 22:30:00,35.571,35.58,35.567,35.58
2023-06-28 23:00:00,35.579,35.596,35.568,35.594
2023-06-28 23:30:00,35.595,35.599,35.529,35.529
2023-06-29 00:00:00,35.52,35.545,35.52,35.539
2023-06-29 00:30:00,35.542,35.546,35.538,35.543
2023-06-29 01:00:00,35.544,35.55,35.54,35.545
2023-06-29 01:30:00,35.546,35.55,35.539,35.545
2023-06-29 02:00:00,35.547,35.584,35.547,35.581
2023-06-29 02:30:00,35.582,35.597,35.571,35.594
2023-06-29 03:00:00,35.598,35.636,35.593,35.627
2023-06-29 03:30:00,35.625,35.634,35.599,35.612
2023-06-29 04:00:00,35.611,35.611,35.555,35.587
2023-06-29 04:30:00,35.588,35.651,35.577,35.634
2023-06-29 05:00:00,35.635,35.657,35.63,35.64
2023-06-29 05:30:00,35.641,35.653,35.63,35.647
2023-06-29 06:00:00,35.648,35.651,35.613,35.629
2023-06-29 06:30:00,35.629,35.656,35.626,35.656
2023-06-29 07:00:00,35.655,35.66,35.641,35.656
2023-06-29 07:30:00,35.655,35.666,35.642,35.655
2023-06-29 08:00:00,35.657,35.692,35.654,35.684
2023-06-29 08:30:00,35.685,35.7,35.684,35.688
2023-06-29 09:00:00,35.687,35.692,35.67,35.69
2023-06-29 09:30:00,35.689,35.697,35.653,35.669
2023-06-29 10:00:00,35.67,35.679,35.64,35.664
2023-06-29 10:30:00,35.663,35.666,35.615,35.621
2023-06-29 11:00:00,35.619,35.639,35.602,35.623
2023-06-29 11:30:00,35.624,35.649,35.623,35.634
2023-06-29 12:00:00,35.633,35.64,35.623,35.627
2023-06-29 12:30:00,35.627,35.633,35.607,35.613
2023-06-29 13:00:00,35.614,35.614,35.581,35.586
2023-06-29 13:30:00,35.585,35.59,35.579,35.58
2023-06-29 14:00:00,35.582,35.585,35.579,35.58
2023-06-29 14:30:00,35.579,35.591,35.57,35.583
2023-06-29 15:00:00,35.584,35.588,35.571,35.578
2023-06-29 15:30:00,35.569,35.739,35.568,35.707
2023-06-29 16:00:00,35.707,35.727,35.665,35.697
2023-06-29 16:30:00,35.697,35.715,35.652,35.686
2023-06-29 17:00:00,35.687,35.687,35.57,35.589
2023-06-29 17:30:00,35.588,35.631,35.584,35.592
2023-06-29 18:00:00,35.591,35.608,35.582,35.584
2023-06-29 18:30:00,35.584,35.61,35.584,35.606
2023-06-29 19:00:00,35.605,35.605,35.593,35.594
2023-06-29 19:30:00,35.594,35.602,35.579,35.585
2023-06-29 20:00:00,35.584,35.603,35.584,35.593
2023-06-29 20:30:00,35.592,35.627,35.592,35.626
2023-06-29 21:00:00,35.625,35.629,35.621,35.622
2023-06-29 21:30:00,35.623,35.629,35.61,35.627
2023-06-29 22:00:00,35.622,35.631,35.605,35.607
2023-06-29 22:30:00,35.608,35.628,35.605,35.608
2023-06-29 23:00:00,35.607,35.62,35.605,35.619
2023-06-29 23:30:00,35.615,35.617,35.586,35.601
2023-06-30 00:00:00,35.586,35.602,35.561,35.561
2023-06-30 00:30:00,35.571,35.578,35.537,35.576
2023-06-30 01:00:00,35.575,35.591,35.57,35.586
2023-06-30 01:30:00,35.589,35.615,35.584,35.611
2023-06-30 02:00:00,35.673,35.675,35.607,35.626
2023-06-30 02:30:00,35.628,35.64,35.628,35.637
2023-06-30 03:00:00,35.643,35.693,35.639,35.673
2023-06-30 03:30:00,35.672,35.677,35.628,35.645
2023-06-30 04:00:00,35.644,35.644,35.601,35.623
2023-06-30 04:30:00,35.622,35.714,35.622,35.672
2023-06-30 05:00:00,35.671,35.674,35.628,35.637
2023-06-30 05:30:00,35.637,35.662,35.621,35.659
2023-06-30 06:00:00,35.66,35.661,35.641,35.65
2023-06-30 06:30:00,35.649,35.652,35.631,35.652
2023-06-30 07:00:00,35.651,35.655,35.639,35.643
2023-06-30 07:30:00,35.643,35.651,35.632,35.632
2023-06-30 08:00:00,35.632,35.639,35.629,35.633
2023-06-30 08:30:00,35.634,35.635,35.611,35.628
2023-06-30 09:00:00,35.625,35.659,35.623,35.623
2023-06-30 09:30:00,35.622,35.626,35.511,35.522
2023-06-30 10:00:00,35.523,35.562,35.457,35.478
2023-06-30 10:30:00,35.477,35.55,35.473,35.523
2023-06-30 11:00:00,35.522,35.528,35.495,35.51
2023-06-30 11:30:00,35.511,35.557,35.494,35.494
2023-06-30 12:00:00,35.493,35.504,35.415,35.426
2023-06-30 12:30:00,35.421,35.466,35.414,35.456
2023-06-30 13:00:00,35.456,35.462,35.432,35.443
2023-06-30 13:30:00,35.443,35.455,35.412,35.42
2023-06-30 14:00:00,35.419,35.425,35.414,35.42
2023-06-30 14:30:00,35.422,35.432,35.417,35.423
2023-06-30 15:00:00,35.423,35.432,35.401,35.414
2023-06-30 15:30:00,35.407,35.418,35.346,35.35
2023-06-30 16:00:00,35.351,35.367,35.319,35.327
2023-06-30 16:30:00,35.328,35.363,35.309,35.32
2023-06-30 17:00:00,35.318,35.318,35.248,35.287
2023-06-30 17:30:00,35.286,35.355,35.281,35.329
2023-06-30 18:00:00,35.326,35.344,35.311,35.312
2023-06-30 18:30:00,35.313,35.313,35.295,35.304
2023-06-30 19:00:00,35.305,35.305,35.291,35.298
2023-06-30 19:30:00,35.298,35.306,35.295,35.301
2023-06-30 20:00:00,35.301,35.301,35.268,35.277
2023-06-30 20:30:00,35.273,35.301,35.272,35.291
2023-06-30 21:00:00,35.29,35.302,35.28,35.302
2023-06-30 21:30:00,35.289,35.301,35.289,35.298
2023-06-30 22:00:00,35.297,35.316,35.293,35.311
2023-06-30 22:30:00,35.31,35.319,35.306,35.311
2023-06-30 23:00:00,35.31,35.312,35.301,35.301
2023-06-30 23:30:00,35.3,35.326,35.245,35.263
2023-07-03 00:00:00,35.304,35.313,35.236,35.262
2023-07-03 00:30:00,35.263,35.266,35.248,35.264
2023-07-03 01:00:00,35.265,35.276,35.263,35.27
2023-07-03 01:30:00,35.271,35.281,35.24,35.271
2023-07-03 02:00:00,35.271,35.28,35.271,35.277
2023-07-03 02:30:00,35.281,35.309,35.281,35.296
2023-07-03 03:00:00,35.297,35.299,35.251,35.28
2023-07-03 03:30:00,35.279,35.31,35.271,35.308
2023-07-03 04:00:00,35.31,35.313,35.261,35.282
2023-07-03 04:30:00,35.282,35.283,35.192,35.201
2023-07-03 05:00:00,35.2,35.203,35.131,35.151
2023-07-03 05:30:00,35.151,35.18,35.151,35.171
2023-07-03 06:00:00,35.172,35.207,35.158,35.186
2023-07-03 06:30:00,35.187,35.187,35.138,35.157
2023-07-03 07:00:00,35.156,35.165,35.144,35.152
2023-07-03 07:30:00,35.152,35.166,35.138,35.143
2023-07-03 08:00:00,35.143,35.17,35.14,35.162
2023-07-03 08:30:00,35.163,35.187,35.149,35.182
2023-07-03 09:00:00,35.183,35.227,35.171,35.227
2023-07-03 09:30:00,35.229,35.233,35.172,35.183
2023-07-03 10:00:00,35.178,35.199,35.162,35.179
2023-07-03 10:30:00,35.178,35.193,35.166,35.185
2023-07-03 11:00:00,35.186,35.21,35.178,35.194
2023-07-03 11:30:00,35.194,35.217,35.177,35.191
2023-07-03 12:00:00,35.191,35.223,35.191,35.223
2023-07-03 12:30:00,35.223,35.236,35.217,35.223
2023-07-03 13:00:00,35.225,35.228,35.214,35.216
2023-07-03 13:30:00,35.216,35.216,35.193,35.198
2023-07-03 14:00:00,35.199,35.201,35.169,35.173
2023-07-03 14:30:00,35.174,35.177,35.161,35.169
2023-07-03 15:00:00,35.17,35.18,35.164,35.175
2023-07-03 15:30:00,35.175,35.18,35.046,35.053
2023-07-03 16:00:00,35.053,35.054,35.01,35.011
2023-07-03 16:30:00,35.011,35.024,35.002,35.006
2023-07-03 17:00:00,35.005,35.029,34.953,35.027
2023-07-03 17:30:00,35.027,35.027,34.97,34.972
2023-07-03 18:00:00,34.972,34.999,34.96,34.973
2023-07-03 18:30:00,34.973,34.988,34.969,34.984
2023-07-03 19:00:00,34.983,35.004,34.981,35.002
2023-07-03 19:30:00,35.002,35.029,35.002,35.029
2023-07-03 20:00:00,35.03,35.034,35.018,35.033
2023-07-03 20:30:00,35.033,35.066,35.025,35.057
2023-07-03 21:00:00,35.057,35.093,35.054,35.054
2023-07-03 21:30:00,35.054,35.056,35.048,35.048
2023-07-03 22:00:00,35.047,35.047,35.044,35.047
2023-07-03 22:30:00,35.046,35.048,34.993,35.045
2023-07-03 23:00:00,35.045,35.047,35.045,35.046
2023-07-03 23:30:00,35.047,35.047,34.957,34.957
2023-07-04 00:00:00,34.958,34.964,34.915,34.964
2023-07-04 00:30:00,34.967,34.996,34.967,34.995
2023-07-04 01:00:00,34.987,35.004,34.987,35.004
2023-07-04 01:30:00,35.002,35.002,35.002,35.002
2023-07-04 02:00:00,35.054,35.112,35.003,35.01
2023-07-04 02:30:00,35.007,35.022,34.989,35.019
2023-07-04 03:00:00,35.02,35.053,34.979,34.998
2023-07-04 03:30:00,34.999,35.017,34.974,35.017
2023-07-04 04:00:00,35.018,35.077,34.986,35.007
2023-07-04 04:30:00,35.008,35.057,35.007,35.052
2023-07-04 05:00:00,35.051,35.098,35.051,35.098
2023-07-04 05:30:00,35.099,35.11,35.072,35.076
2023-07-04 06:00:00,35.075,35.076,35.021,35.027
2023-07-04 06:30:00,35.025,35.059,35.011,35.056
2023-07-04 07:00:00,35.057,35.063,35.04,35.041
2023-07-04 07:30:00,35.041,35.054,35.016,35.019
2023-07-04 08:00:00,35.02,35.024,34.985,34.992
2023-07-04 08:30:00,34.991,34.993,34.95,34.953
2023-07-04 09:00:00,34.954,34.989,34.951,34.952
2023-07-04 09:30:00,34.951,34.952,34.908,34.92
2023-07-04 10:00:00,34.919,34.988,34.908,34.984
2023-07-04 10:30:00,34.983,35.037,34.967,34.98
2023-07-04 11:00:00,34.979,34.983,34.93,34.943
2023-07-04 11:30:00,34.942,34.955,34.866,34.872
2023-07-04 12:00:00,34.873,34.888,34.857,34.877
2023-07-04 12:30:00,34.877,34.889,34.86,34.881
2023-07-04 13:00:00,34.881,34.893,34.875,34.889
2023-07-04 13:30:00,34.891,34.905,34.881,34.898
2023-07-04 14:00:00,34.899,34.911,34.886,34.893
2023-07-04 14:30:00,34.892,34.896,34.882,34.892
2023-07-04 15:00:00,34.891,34.912,34.89,34.905
2023-07-04 15:30:00,34.906,34.909,34.883,34.884
2023-07-04 16:00:00,34.885,34.889,34.874,34.876
2023-07-04 16:30:00,34.876,34.88,34.831,34.835
2023-07-04 17:00:00,34.835,34.848,34.832,34.843
2023-07-04 17:30:00,34.842,34.878,34.842,34.849
2023-07-04 18:00:00,34.848,34.862,34.84,34.857
2023-07-04 18:30:00,34.856,34.87,34.854,34.862
2023-07-04 19:00:00,34.862,34.873,34.861,34.871
2023-07-04 19:30:00,34.873,34.903,34.871,34.9
2023-07-04 20:00:00,34.9,34.911,34.891,34.904
2023-07-04 20:30:00,34.903,34.918,34.903,34.908
2023-07-04 21:00:00,34.909,34.925,34.899,34.901
2023-07-04 21:30:00,34.901,34.906,34.872,34.898
2023-07-04 22:00:00,34.897,34.913,34.867,34.867
2023-07-04 22:30:00,34.869,34.89,34.867,34.884
2023-07-04 23:00:00,34.885,34.917,34.877,34.907
2023-07-04 23:30:00,34.905,34.91,34.852,34.852
2023-07-05 00:00:00,34.855,34.855,34.802,34.854
2023-07-05 00:30:00,34.856,34.865,34.853,34.859
2023-07-05 01:00:00,34.856,34.884,34.856,34.884
2023-07-05 01:30:00,34.885,34.886,34.866,34.869
2023-07-05 02:00:00,34.937,34.98,34.862,34.865
2023-07-05 02:30:00,34.856,34.947,34.856,34.94
2023-07-05 03:00:00,34.872,34.932,34.872,34.88
2023-07-05 03:30:00,34.88,34.943,34.867,34.882
2023-07-05 04:00:00,34.88,34.926,34.871,34.901
2023-07-05 04:30:00,34.901,34.944,34.899,34.936
2023-07-05 05:00:00,34.935,34.979,34.924,34.969
2023-07-05 05:30:00,34.968,34.973,34.92,34.938
2023-07-05 06:00:00,34.939,34.945,34.921,34.929
2023-07-05 06:30:00,34.928,34.943,34.918,34.929
2023-07-05 07:00:00,34.93,34.934,34.877,34.878
2023-07-05 07:30:00,34.877,34.878,34.828,34.843
2023-07-05 08:00:00,34.842,34.892,34.842,34.876
2023-07-05 08:30:00,34.875,34.881,34.868,34.874
2023-07-05 09:00:00,34.875,34.914,34.869,34.89
2023-07-05 09:30:00,34.891,34.905,34.874,34.898
2023-07-05 10:00:00,34.899,34.901,34.855,34.863
2023-07-05 10:30:00,34.863,34.879,34.858,34.86
2023-07-05 11:00:00,34.861,34.886,34.848,34.883
2023-07-05 11:30:00,34.884,34.898,34.871,34.878
2023-07-05 12:00:00,34.879,34.892,34.874,34.876
2023-07-05 12:30:00,34.875,34.891,34.868,34.879
2023-07-05 13:00:00,34.877,34.902,34.872,34.897
2023-07-05 13:30:00,34.896,34.906,34.896,34.898
2023-07-05 14:00:00,34.898,34.918,34.898,34.913
2023-07-05 14:30:00,34.912,34.913,34.894,34.899
2023-07-05 15:00:00,34.899,34.949,34.899,34.908
2023-07-05 15:30:00,34.908,34.911,34.881,34.899
2023-07-05 16:00:00,34.897,34.9,34.854,34.867
2023-07-05 16:30:00,34.867,34.905,34.862,34.882
2023-07-05 17:00:00,34.884,34.904,34.864,34.901
2023-07-05 17:30:00,34.899,34.945,34.899,34.936
2023-07-05 18:00:00,34.937,34.956,34.931,34.94
2023-07-05 18:30:00,34.941,35.001,34.938,34.945
2023-07-05 19:00:00,34.945,34.976,34.943,34.971
2023-07-05 19:30:00,35.005,35.009,34.966,34.973
2023-07-05 20:00:00,34.973,35.016,34.968,34.972
2023-07-05 20:30:00,34.973,35.012,34.963,34.963
2023-07-05 21:00:00,34.962,34.999,34.96,34.995
2023-07-05 21:30:00,34.996,35.005,34.98,35.005
2023-07-05 22:00:00,35.004,35.007,34.99,35.002
2023-07-05 22:30:00,35.003,35.01,34.988,35.006
2023-07-05 23:00:00,35.004,35.014,34.971,35.007
2023-07-05 23:30:00,35.009,35.012,34.977,34.995
2023-07-06 00:00:00,34.99,34.992,34.96,34.971
2023-07-06 00:30:00,34.968,35.006,34.953,35.006
2023-07-06 01:00:00,34.967,35.063,34.966,34.97
2023-07-06 01:30:00,35.054,35.054,34.97,34.974
2023-07-06 02:00:00,34.973,35.05,34.961,34.965
2023-07-06 02:30:00,34.966,35.109,34.958,35.104
2023-07-06 03:00:00,34.969,34.982,34.959,34.968
2023-07-06 03:30:00,34.969,35.005,34.958,35.003
2023-07-06 04:00:00,35.004,35.065,35.004,35.053
2023-07-06 04:30:00,35.053,35.053,35.025,35.039
2023-07-06 05:00:00,35.039,35.057,35.029,35.049
2023-07-06 05:30:00,35.048,35.133,35.048,35.102
2023-07-06 06:00:00,35.103,35.163,35.102,35.131
2023-07-06 06:30:00,35.132,35.142,35.117,35.129
2023-07-06 07:00:00,35.13,35.195,35.129,35.185
2023-07-06 07:30:00,35.185,35.217,35.146,35.153
2023-07-06 08:00:00,35.153,35.16,35.128,35.144
2023-07-06 08:30:00,35.143,35.169,35.131,35.157
2023-07-06 09:00:00,35.156,35.158,35.131,35.142
2023-07-06 09:30:00,35.14,35.153,35.103,35.104
2023-07-06 10:00:00,35.105,35.114,35.052,35.066
2023-07-06 10:30:00,35.065,35.105,35.052,35.103
2023-07-06 11:00:00,35.103,35.116,35.075,35.079
2023-07-06 11:30:00,35.079,35.104,35.078,35.094
2023-07-06 12:00:00,35.094,35.11,35.06,35.073
2023-07-06 12:30:00,35.072,35.073,35.046,35.046
2023-07-06 13:00:00,35.046,35.061,35.019,35.02
2023-07-06 13:30:00,35.019,35.047,35.003,35.034
2023-07-06 14:00:00,35.03,35.213,35.007,35.022
2023-07-06 14:30:00,35.021,35.213,35.012,35.209
2023-07-06 15:00:00,35.014,35.147,35.008,35.051
2023-07-06 15:30:00,35.052,35.203,35.047,35.167
2023-07-06 16:00:00,35.167,35.183,35.124,35.13
2023-07-06 16:30:00,35.131,35.159,35.123,35.153
2023-07-06 17:00:00,35.15,35.234,35.149,35.234
2023-07-06 17:30:00,35.233,35.246,35.195,35.205
2023-07-06 18:00:00,35.205,35.251,35.205,35.237
2023-07-06 18:30:00,35.235,35.239,35.222,35.228
2023-07-06 19:00:00,35.228,35.232,35.191,35.214
2023-07-06 19:30:00,35.215,35.217,35.201,35.206
2023-07-06 20:00:00,35.205,35.212,35.192,35.204
2023-07-06 20:30:00,35.204,35.21,35.184,35.185
2023-07-06 21:00:00,35.186,35.197,35.184,35.195
2023-07-06 21:30:00,35.184,35.197,35.183,35.187
2023-07-06 22:00:00,35.191,35.195,35.185,35.188
2023-07-06 22:30:00,35.189,35.193,35.181,35.183
2023-07-06 23:00:00,35.184,35.188,35.178,35.182
2023-07-06 23:30:00,35.182,35.198,35.16,35.16
2023-07-07 00:00:00,35.18,35.199,35.176,35.182
2023-07-07 00:30:00,35.183,35.298,35.178,35.272
2023-07-07 01:00:00,35.178,35.276,35.175,35.177
2023-07-07 01:30:00,35.177,35.263,35.176,35.179
2023-07-07 02:00:00,35.179,35.261,35.176,35.187
2023-07-07 02:30:00,35.273,35.286,35.178,35.201
2023-07-07 03:00:00,35.2,35.206,35.175,35.188
2023-07-07 03:30:00,35.187,35.296,35.183,35.27
2023-07-07 04:00:00,35.27,35.287,35.224,35.246
2023-07-07 04:30:00,35.247,35.264,35.238,35.26
2023-07-07 05:00:00,35.262,35.276,35.242,35.27
2023-07-07 05:30:00,35.271,35.286,35.261,35.267
2023-07-07 06:00:00,35.267,35.271,35.227,35.262
2023-07-07 06:30:00,35.26,35.292,35.257,35.276
2023-07-07 07:00:00,35.276,35.279,35.253,35.256
2023-07-07 07:30:00,35.255,35.266,35.237,35.264
2023-07-07 08:00:00,35.263,35.272,35.198,35.21
2023-07-07 08:30:00,35.211,35.232,35.203,35.227
2023-07-07 09:00:00,35.224,35.255,35.202,35.234
2023-07-07 09:30:00,35.234,35.234,35.184,35.223
2023-07-07 10:00:00,35.222,35.246,35.218,35.242
2023-07-07 10:30:00,35.243,35.25,35.215,35.231
2023-07-07 11:00:00,35.23,35.243,35.224,35.227
2023-07-07 11:30:00,35.228,35.231,35.169,35.169
2023-07-07 12:00:00,35.17,35.191,35.155,35.19
2023-07-07 12:30:00,35.189,35.205,35.179,35.198
2023-07-07 13:00:00,35.199,35.213,35.184,35.196
2023-07-07 13:30:00,35.194,35.256,35.185,35.237
2023-07-07 14:00:00,35.237,35.249,35.224,35.241
2023-07-07 14:30:00,35.24,35.243,35.212,35.228
2023-07-07 15:00:00,35.227,35.249,35.159,35.206
2023-07-07 15:30:00,35.198,35.201,35.087,35.152
2023-07-07 16:00:00,35.156,35.215,35.151,35.17
2023-07-07 16:30:00,35.171,35.173,35.096,35.128
2023-07-07 17:00:00,35.127,35.156,35.09,35.095
2023-07-07 17:30:00,35.097,35.103,35.061,35.072
2023-07-07 18:00:00,35.073,35.094,35.062,35.092
2023-07-07 18:30:00,35.093,35.096,35.076,35.085
2023-07-07 19:00:00,35.08,35.085,35.075,35.079
2023-07-07 19:30:00,35.078,35.137,35.078,35.102
2023-07-07 20:00:00,35.122,35.149,35.084,35.089
2023-07-07 20:30:00,35.089,35.161,35.086,35.137
2023-07-07 21:00:00,35.092,35.099,35.09,35.093
2023-07-07 21:30:00,35.094,35.102,35.093,35.101
2023-07-07 22:00:00,35.102,35.108,35.1,35.1
2023-07-07 22:30:00,35.099,35.113,35.097,35.111
2023-07-07 23:00:00,35.112,35.115,35.05,35.071
2023-07-07 23:30:00,35.068,35.098,34.844,34.844
2023-07-10 00:00:00,35.14,35.158,35.075,35.14
2023-07-10 00:30:00,35.14,35.162,35.082,35.135
2023-07-10 01:00:00,35.095,35.165,35.081,35.148
2023-07-10 01:30:00,35.149,35.157,35.093,35.108
2023-07-10 02:00:00,35.159,35.208,35.092,35.181
2023-07-10 02:30:00,35.181,35.198,35.131,35.139
2023-07-10 03:00:00,35.139,35.155,35.106,35.137
2023-07-10 03:30:00,35.138,35.165,35.125,35.132
2023-07-10 04:00:00,35.132,35.133,35.059,35.069
2023-07-10 04:30:00,35.068,35.125,35.068,35.105
2023-07-10 05:00:00,35.104,35.131,35.087,35.13
2023-07-10 05:30:00,35.129,35.183,35.112,35.116
2023-07-10 06:00:00,35.117,35.144,35.101,35.135
2023-07-10 06:30:00,35.136,35.187,35.132,35.186
2023-07-10 07:00:00,35.185,35.187,35.166,35.183
2023-07-10 07:30:00,35.171,35.2,35.163,35.2
2023-07-10 08:00:00,35.197,35.212,35.193,35.197
2023-07-10 08:30:00,35.197,35.203,35.173,35.201
2023-07-10 09:00:00,35.202,35.228,35.184,35.203
2023-07-10 09:30:00,35.203,35.205,35.178,35.179
2023-07-10 10:00:00,35.18,35.184,35.156,35.168
2023-07-10 10:30:00,35.17,35.181,35.151,35.153
2023-07-10 11:00:00,35.152,35.164,35.127,35.128
2023-07-10 11:30:00,35.127,35.143,35.125,35.133
2023-07-10 12:00:00,35.133,35.149,35.121,35.147
2023-07-10 12:30:00,35.182,35.185,35.142,35.147
2023-07-10 13:00:00,35.148,35.165,35.128,35.141
2023-07-10 13:30:00,35.14,35.149,35.128,35.132
2023-07-10 14:00:00,35.13,35.143,35.115,35.116
2023-07-10 14:30:00,35.118,35.155,35.105,35.128
2023-07-10 15:00:00,35.127,35.194,35.117,35.18
2023-07-10 15:30:00,35.179,35.226,35.178,35.206
2023-07-10 16:00:00,35.205,35.205,35.12,35.126
2023-07-10 16:30:00,35.125,35.141,35.092,35.119
2023-07-10 17:00:00,35.118,35.139,35.105,35.136
2023-07-10 17:30:00,35.137,35.157,35.129,35.138
2023-07-10 18:00:00,35.138,35.138,35.109,35.117
2023-07-10 18:30:00,35.117,35.123,35.087,35.108
2023-07-10 19:00:00,35.108,35.111,35.089,35.109
2023-07-10 19:30:00,35.108,35.111,35.089,35.103
2023-07-10 20:00:00,35.103,35.103,35.084,35.092
2023-07-10 20:30:00,35.089,35.093,35.076,35.082
2023-07-10 21:00:00,35.081,35.1,35.081,35.083
2023-07-10 21:30:00,35.092,35.098,35.078,35.08
2023-07-10 22:00:00,35.079,35.11,35.079,35.079
2023-07-10 22:30:00,35.08,35.108,35.076,35.078
2023-07-10 23:00:00,35.079,35.087,35.074,35.085
2023-07-10 23:30:00,35.084,35.084,35.055,35.055
2023-07-11 00:00:00,35.082,35.088,35.023,35.025
2023-07-11 00:30:00,35.071,35.092,34.99,35.089
2023-07-11 01:00:00,35.087,35.103,34.923,35.1
2023-07-11 01:30:00,34.954,35.102,34.953,35.076
2023-07-11 02:00:00,35.075,35.076,34.989,35.065
2023-07-11 02:30:00,35.066,35.079,34.952,35.053
2023-07-11 03:00:00,35.055,35.075,35.018,35.025
2023-07-11 03:30:00,35.024,35.032,34.979,34.982
2023-07-11 04:00:00,34.98,34.983,34.906,34.951
2023-07-11 04:30:00,34.952,34.982,34.941,34.978
2023-07-11 05:00:00,34.978,34.993,34.97,34.971
2023-07-11 05:30:00,34.971,34.974,34.873,34.891
2023-07-11 06:00:00,34.891,34.947,34.889,34.931
2023-07-11 06:30:00,34.932,34.934,34.882,34.918
2023-07-11 07:00:00,34.917,34.927,34.838,34.85
2023-07-11 07:30:00,34.849,34.864,34.821,34.845
2023-07-11 08:00:00,34.845,34.875,34.805,34.875
2023-07-11 08:30:00,34.875,34.901,34.862,34.878
2023-07-11 09:00:00,34.876,34.876,34.83,34.836
2023-07-11 09:30:00,34.837,34.85,34.757,34.784
2023-07-11 10:00:00,34.784,34.845,34.783,34.842
2023-07-11 10:30:00,34.841,34.858,34.824,34.83
2023-07-11 11:00:00,34.831,34.844,34.787,34.788
2023-07-11 11:30:00,34.787,34.845,34.787,34.832
2023-07-11 12:00:00,34.833,34.848,34.816,34.848
2023-07-11 12:30:00,34.849,34.856,34.807,34.807
2023-07-11 13:00:00,34.808,34.831,34.791,34.828
2023-07-11 13:30:00,34.829,34.833,34.759,34.762
2023-07-11 14:00:00,34.763,34.823,34.761,34.762
2023-07-11 14:30:00,34.762,34.773,34.76,34.764
2023-07-11 15:00:00,34.765,34.806,34.76,34.796
2023-07-11 15:30:00,34.797,34.842,34.787,34.82
2023-07-11 16:00:00,34.82,34.833,34.797,34.819
2023-07-11 16:30:00,34.818,34.833,34.798,34.799
2023-07-11 17:00:00,34.799,34.831,34.776,34.779
2023-07-11 17:30:00,34.775,34.789,34.774,34.787
2023-07-11 18:00:00,34.786,34.804,34.785,34.795
2023-07-11 18:30:00,34.795,34.799,34.783,34.793
2023-07-11 19:00:00,34.792,34.822,34.79,34.809
2023-07-11 19:30:00,34.813,34.814,34.791,34.791
2023-07-11 20:00:00,34.79,34.802,34.774,34.79
2023-07-11 20:30:00,34.787,34.791,34.772,34.777
2023-07-11 21:00:00,34.776,34.783,34.762,34.777
2023-07-11 21:30:00,34.778,34.784,34.775,34.775
2023-07-11 22:00:00,34.783,34.785,34.762,34.778
2023-07-11 22:30:00,34.764,34.784,34.762,34.763
2023-07-11 23:00:00,34.763,34.786,34.762,34.767
2023-07-11 23:30:00,34.768,34.778,34.738,34.741
2023-07-12 00:00:00,34.741,34.762,34.72,34.721
2023-07-12 00:30:00,34.769,34.769,34.691,34.766
2023-07-12 01:00:00,34.767,34.773,34.698,34.766
2023-07-12 01:30:00,34.766,34.78,34.663,34.779
2023-07-12 02:00:00,34.778,34.779,34.695,34.771
2023-07-12 02:30:00,34.691,34.777,34.68,34.755
2023-07-12 03:00:00,34.758,34.761,34.718,34.719
2023-07-12 03:30:00,34.719,34.721,34.688,34.712
2023-07-12 04:00:00,34.714,34.72,34.666,34.712
2023-07-12 04:30:00,34.712,34.729,34.649,34.688
2023-07-12 05:00:00,34.688,34.735,34.682,34.688
2023-07-12 05:30:00,34.689,34.69,34.665,34.679
2023-07-12 06:00:00,34.679,34.708,34.673,34.702
2023-07-12 06:30:00,34.702,34.854,34.696,34.843
2023-07-12 07:00:00,34.842,35.103,34.819,34.984
2023-07-12 07:30:00,34.984,34.992,34.868,34.893
2023-07-12 08:00:00,34.892,34.956,34.881,34.918
2023-07-12 08:30:00,34.919,34.926,34.881,34.913
2023-07-12 09:00:00,34.909,34.913,34.844,34.851
2023-07-12 09:30:00,34.851,34.917,34.84,34.885
2023-07-12 10:00:00,34.884,34.927,34.865,34.889
2023-07-12 10:30:00,34.889,34.918,34.88,34.894
2023-07-12 11:00:00,34.891,34.921,34.881,34.921
2023-07-12 11:30:00,34.923,34.924,34.902,34.91
2023-07-12 12:00:00,34.911,34.935,34.86,34.916
2023-07-12 12:30:00,34.917,34.918,34.9,34.909
2023-07-12 13:00:00,34.909,34.922,34.879,34.918
2023-07-12 13:30:00,34.919,34.926,34.718,34.917
2023-07-12 14:00:00,34.917,34.922,34.901,34.905
2023-07-12 14:30:00,34.904,34.905,34.684,34.885
2023-07-12 15:00:00,34.884,34.893,34.692,34.815
2023-07-12 15:30:00,34.813,34.843,34.728,34.813
2023-07-12 16:00:00,34.812,34.813,34.745,34.745
2023-07-12 16:30:00,34.743,34.747,34.703,34.706
2023-07-12 17:00:00,34.707,34.723,34.671,34.687
2023-07-12 17:30:00,34.688,34.688,34.63,34.636
2023-07-12 18:00:00,34.636,34.703,34.636,34.684
2023-07-12 18:30:00,34.683,34.689,34.654,34.655
2023-07-12 19:00:00,34.654,34.661,34.65,34.65
2023-07-12 19:30:00,34.65,34.674,34.637,34.646
2023-07-12 20:00:00,34.647,34.691,34.644,34.686
2023-07-12 20:30:00,34.667,34.71,34.646,34.665
2023-07-12 21:00:00,34.665,34.697,34.662,34.692
2023-07-12 21:30:00,34.665,34.696,34.66,34.664
2023-07-12 22:00:00,34.663,34.694,34.659,34.665
2023-07-12 22:30:00,34.68,34.685,34.663,34.665
2023-07-12 23:00:00,34.666,34.696,34.655,34.671
2023-07-12 23:30:00,34.648,34.691,34.614,34.618
2023-07-13 00:00:00,34.619,34.652,34.619,34.629
2023-07-13 00:30:00,34.628,34.696,34.625,34.634
2023-07-13 01:00:00,34.636,34.673,34.612,34.652
2023-07-13 01:30:00,34.662,34.668,34.561,34.566
2023-07-13 02:00:00,34.564,34.682,34.52,34.672
2023-07-13 02:30:00,34.583,34.695,34.583,34.663
2023-07-13 03:00:00,34.662,34.681,34.624,34.662
2023-07-13 03:30:00,34.661,34.698,34.646,34.656
2023-07-13 04:00:00,34.657,34.664,34.609,34.649
2023-07-13 04:30:00,34.65,34.655,34.558,34.564
2023-07-13 05:00:00,34.562,34.594,34.502,34.579
2023-07-13 05:30:00,34.58,34.649,34.579,34.64
2023-07-13 06:00:00,34.642,34.664,34.61,34.618
2023-07-13 06:30:00,34.617,34.642,34.571,34.582
2023-07-13 07:00:00,34.581,34.613,34.581,34.588
2023-07-13 07:30:00,34.587,34.636,34.566,34.635
2023-07-13 08:00:00,34.636,34.656,34.629,34.645
2023-07-13 08:30:00,34.646,34.691,34.631,34.68
2023-07-13 09:00:00,34.681,34.682,34.586,34.588
2023-07-13 09:30:00,34.587,34.617,34.567,34.572
2023-07-13 10:00:00,34.573,34.591,34.512,34.56
2023-07-13 10:30:00,34.561,34.574,34.495,34.499
2023-07-13 11:00:00,34.5,34.538,34.494,34.527
2023-07-13 11:30:00,34.526,34.556,34.502,34.553
2023-07-13 12:00:00,34.554,34.589,34.537,34.538
2023-07-13 12:30:00,34.54,34.578,34.539,34.56
2023-07-13 13:00:00,34.559,34.59,34.556,34.567
2023-07-13 13:30:00,34.566,34.605,34.554,34.554
2023-07-13 14:00:00,34.554,34.576,34.543,34.574
2023-07-13 14:30:00,34.573,34.616,34.561,34.581
2023-07-13 15:00:00,34.582,34.595,34.568,34.576
2023-07-13 15:30:00,34.577,34.665,34.533,34.617
2023-07-13 16:00:00,34.617,34.619,34.552,34.574
2023-07-13 16:30:00,34.573,34.579,34.53,34.534
2023-07-13 17:00:00,34.534,34.543,34.516,34.539
2023-07-13 17:30:00,34.54,34.54,34.507,34.511
2023-07-13 18:00:00,34.509,34.559,34.507,34.556
2023-07-13 18:30:00,34.556,34.589,34.554,34.582
2023-07-13 19:00:00,34.581,34.586,34.541,34.543
2023-07-13 19:30:00,34.545,34.565,34.538,34.546
2023-07-13 20:00:00,34.547,34.563,34.54,34.556
2023-07-13 20:30:00,34.557,34.563,34.551,34.56
2023-07-13 21:00:00,34.561,34.561,34.54,34.549
2023-07-13 21:30:00,34.549,34.553,34.528,34.528
2023-07-13 22:00:00,34.528,34.572,34.525,34.571
2023-07-13 22:30:00,34.57,34.573,34.551,34.555
2023-07-13 23:00:00,34.554,34.558,34.521,34.53
2023-07-13 23:30:00,34.529,34.534,34.483,34.493
2023-07-14 00:00:00,34.483,34.529,34.483,34.509
2023-07-14 00:30:00,34.514,34.523,34.508,34.519
2023-07-14 01:00:00,34.518,34.54,34.517,34.54
2023-07-14 01:30:00,34.539,34.555,34.534,34.554
2023-07-14 02:00:00,34.555,34.576,34.524,34.547
2023-07-14 02:30:00,34.549,34.563,34.539,34.563
2023-07-14 03:00:00,34.562,34.591,34.548,34.581
2023-07-14 03:30:00,34.581,34.636,34.555,34.555
2023-07-14 04:00:00,34.554,34.618,34.554,34.59
2023-07-14 04:30:00,34.59,34.626,34.586,34.614
2023-07-14 05:00:00,34.615,34.645,34.613,34.637
2023-07-14 05:30:00,34.637,34.673,34.622,34.626
2023-07-14 06:00:00,34.627,34.636,34.597,34.609
2023-07-14 06:30:00,34.607,34.607,34.525,34.546
2023-07-14 07:00:00,34.547,34.592,34.546,34.586
2023-07-14 07:30:00,34.588,34.592,34.558,34.564
2023-07-14 08:00:00,34.567,34.604,34.564,34.594
2023-07-14 08:30:00,34.593,34.64,34.583,34.583
2023-07-14 09:00:00,34.582,34.637,34.567,34.625
2023-07-14 09:30:00,34.624,34.655,34.623,34.642
2023-07-14 10:00:00,34.641,34.65,34.612,34.648
2023-07-14 10:30:00,34.649,34.651,34.594,34.594
2023-07-14 11:00:00,34.594,34.614,34.578,34.578
2023-07-14 11:30:00,34.573,34.593,34.572,34.591
2023-07-14 12:00:00,34.591,34.594,34.557,34.591
2023-07-14 12:30:00,34.59,34.625,34.586,34.62
2023-07-14 13:00:00,34.619,34.664,34.617,34.664
2023-07-14 13:30:00,34.662,34.683,34.662,34.663
2023-07-14 14:00:00,34.663,34.664,34.622,34.624
2023-07-14 14:30:00,34.623,34.648,34.622,34.638
2023-07-14 15:00:00,34.639,34.657,34.623,34.639
2023-07-14 15:30:00,34.638,34.681,34.622,34.675
2023-07-14 16:00:00,34.675,34.721,34.674,34.712
2023-07-14 16:30:00,34.711,34.719,34.62,34.631
2023-07-14 17:00:00,34.627,34.723,34.615,34.681
2023-07-14 17:30:00,34.681,34.698,34.636,34.638
2023-07-14 18:00:00,34.639,34.688,34.634,34.67
2023-07-14 18:30:00,34.668,34.72,34.665,34.677
2023-07-14 19:00:00,34.676,34.676,34.652,34.663
2023-07-14 19:30:00,34.662,34.667,34.644,34.655
2023-07-14 20:00:00,34.654,34.662,34.654,34.658
2023-07-14 20:30:00,34.657,34.66,34.655,34.655
2023-07-14 21:00:00,34.655,34.662,34.655,34.659
2023-07-14 21:30:00,34.658,34.659,34.64,34.644
2023-07-14 22:00:00,34.642,34.654,34.626,34.648
2023-07-14 22:30:00,34.644,34.667,34.634,34.655
2023-07-14 23:00:00,34.656,34.674,34.652,34.652
2023-07-14 23:30:00,34.653,34.663,34.48,34.48
2023-07-17 00:00:00,34.606,34.642,34.606,34.641
2023-07-17 00:30:00,34.64,34.642,34.621,34.637
2023-07-17 01:00:00,34.636,34.659,34.627,34.657
2023-07-17 01:30:00,34.656,34.691,34.65,34.676
2023-07-17 02:00:00,34.677,34.706,34.672,34.684
2023-07-17 02:30:00,34.684,34.696,34.632,34.633
2023-07-17 03:00:00,34.634,34.659,34.609,34.648
2023-07-17 03:30:00,34.647,34.651,34.623,34.648
2023-07-17 04:00:00,34.648,34.654,34.622,34.633
2023-07-17 04:30:00,34.632,34.677,34.629,34.676
2023-07-17 05:00:00,34.677,34.685,34.617,34.628
2023-07-17 05:30:00,34.627,34.646,34.627,34.644
2023-07-17 06:00:00,34.643,34.664,34.638,34.659
2023-07-17 06:30:00,34.659,34.703,34.655,34.69
2023-07-17 07:00:00,34.692,34.703,34.684,34.691
2023-07-17 07:30:00,34.692,34.714,34.687,34.707
2023-07-17 08:00:00,34.707,34.716,34.693,34.693
2023-07-17 08:30:00,34.694,34.709,34.685,34.702
2023-07-17 09:00:00,34.703,34.722,34.691,34.697
2023-07-17 09:30:00,34.696,34.696,34.665,34.668
2023-07-17 10:00:00,34.667,34.687,34.661,34.67
2023-07-17 10:30:00,34.669,34.686,34.663,34.663
2023-07-17 11:00:00,34.663,34.669,34.635,34.635
2023-07-17 11:30:00,34.636,34.64,34.605,34.622
2023-07-17 12:00:00,34.623,34.646,34.619,34.644
2023-07-17 12:30:00,34.644,34.649,34.605,34.606
2023-07-17 13:00:00,34.605,34.615,34.591,34.601
2023-07-17 13:30:00,34.602,34.604,34.594,34.6
2023-07-17 14:00:00,34.6,34.603,34.583,34.592
2023-07-17 14:30:00,34.591,34.6,34.584,34.595
2023-07-17 15:00:00,34.596,34.617,34.585,34.59
2023-07-17 15:30:00,34.589,34.646,34.589,34.624
2023-07-17 16:00:00,34.623,34.652,34.613,34.626
2023-07-17 16:30:00,34.624,34.683,34.617,34.622
2023-07-17 17:00:00,34.622,34.625,34.587,34.603
2023-07-17 17:30:00,34.603,34.605,34.571,34.573
2023-07-17 18:00:00,34.573,34.6,34.565,34.578
2023-07-17 18:30:00,34.579,34.588,34.573,34.574
2023-07-17 19:00:00,34.575,34.577,34.564,34.565
2023-07-17 19:30:00,34.566,34.569,34.564,34.569
2023-07-17 20:00:00,34.571,34.588,34.569,34.585
2023-07-17 20:30:00,34.584,34.588,34.569,34.571
2023-07-17 21:00:00,34.572,34.572,34.567,34.568
2023-07-17 21:30:00,34.569,34.584,34.567,34.572
2023-07-17 22:00:00,34.573,34.586,34.573,34.583
2023-07-17 22:30:00,34.584,34.597,34.582,34.588
2023-07-17 23:00:00,34.59,34.598,34.588,34.598
2023-07-17 23:30:00,34.596,34.597,34.565,34.576
2023-07-18 00:00:00,34.571,34.58,34.568,34.568
2023-07-18 00:30:00,34.568,34.581,34.568,34.575
2023-07-18 01:00:00,34.577,34.588,34.571,34.588
2023-07-18 01:30:00,34.588,34.59,34.586,34.589
2023-07-18 02:00:00,34.589,34.596,34.583,34.593
2023-07-18 02:30:00,34.593,34.597,34.585,34.593
2023-07-18 03:00:00,34.592,34.611,34.538,34.555
2023-07-18 03:30:00,34.556,34.557,34.5,34.51
2023-07-18 04:00:00,34.51,34.532,34.417,34.418
2023-07-18 04:30:00,34.414,34.432,34.301,34.42
2023-07-18 05:00:00,34.421,34.426,34.343,34.379
2023-07-18 05:30:00,34.378,34.381,34.3,34.302
2023-07-18 06:00:00,34.302,34.307,34.243,34.258
2023-07-18 06:30:00,34.258,34.312,34.255,34.297
2023-07-18 07:00:00,34.296,34.297,34.25,34.253
2023-07-18 07:30:00,34.251,34.283,34.242,34.278
2023-07-18 08:00:00,34.279,34.281,34.243,34.251
2023-07-18 08:30:00,34.248,34.257,34.22,34.248
2023-07-18 09:00:00,34.248,34.295,34.248,34.27
2023-07-18 09:30:00,34.271,34.279,34.217,34.217
2023-07-18 10:00:00,34.216,34.224,34.163,34.204
2023-07-18 10:30:00,34.205,34.232,34.192,34.221
2023-07-18 11:00:00,34.22,34.228,34.159,34.18
2023-07-18 11:30:00,34.181,34.246,34.179,34.223
2023-07-18 12:00:00,34.224,34.262,34.22,34.244
2023-07-18 12:30:00,34.245,34.253,34.208,34.217
2023-07-18 13:00:00,34.215,34.231,34.205,34.207
2023-07-18 13:30:00,34.206,34.209,34.162,34.172
2023-07-18 14:00:00,34.171,34.194,34.159,34.192
2023-07-18 14:30:00,34.193,34.229,34.173,34.175
2023-07-18 15:00:00,34.175,34.175,34.102,34.123
2023-07-18 15:30:00,34.123,34.206,34.083,34.124
2023-07-18 16:00:00,34.123,34.135,34.102,34.131
2023-07-18 16:30:00,34.13,34.209,34.126,34.137
2023-07-18 17:00:00,34.138,34.147,34.05,34.06
2023-07-18 17:30:00,34.059,34.077,34.008,34.018
2023-07-18 18:00:00,34.018,34.018,33.959,33.992
2023-07-18 18:30:00,33.995,34.075,33.994,34.065
2023-07-18 19:00:00,34.062,34.093,34.062,34.078
2023-07-18 19:30:00,34.08,34.11,34.076,34.096
2023-07-18 20:00:00,34.097,34.1,34.085,34.094
2023-07-18 20:30:00,34.093,34.099,34.088,34.093
2023-07-18 21:00:00,34.093,34.103,34.067,34.067
2023-07-18 21:30:00,34.069,34.077,34.062,34.074
2023-07-18 22:00:00,34.076,34.077,34.067,34.068
2023-07-18 22:30:00,34.07,34.073,34.062,34.066
2023-07-18 23:00:00,34.066,34.067,34.044,34.054
2023-07-18 23:30:00,34.053,34.077,34.05,34.055
2023-07-19 00:00:00,34.055,34.055,34.025,34.027
2023-07-19 00:30:00,34.032,34.046,34.026,34.037
2023-07-19 01:00:00,34.038,34.06,34.031,34.06
2023-07-19 01:30:00,34.061,34.071,34.053,34.07
2023-07-19 02:00:00,34.069,34.076,34.055,34.06
2023-07-19 02:30:00,34.06,34.07,34.057,34.07
2023-07-19 03:00:00,34.071,34.072,33.947,33.972
2023-07-19 03:30:00,33.972,34.042,33.96,34.005
2023-07-19 04:00:00,34.006,34.087,33.981,34.087
2023-07-19 04:30:00,34.087,34.113,34.049,34.06
2023-07-19 05:00:00,34.06,34.16,34.054,34.137
2023-07-19 05:30:00,34.136,34.138,34.068,34.09
2023-07-19 06:00:00,34.091,34.113,34.063,34.091
2023-07-19 06:30:00,34.091,34.115,34.088,34.105
2023-07-19 07:00:00,34.106,34.133,34.092,34.113
2023-07-19 07:30:00,34.114,34.178,34.099,34.147
2023-07-19 08:00:00,34.144,34.145,34.039,34.045
2023-07-19 08:30:00,34.044,34.048,33.901,33.943
2023-07-19 09:00:00,33.94,34.058,33.94,34.013
2023-07-19 09:30:00,34.013,34.093,33.986,33.988
2023-07-19 10:00:00,33.989,34.011,33.974,33.998
2023-07-19 10:30:00,33.998,34.05,33.992,34.037
2023-07-19 11:00:00,34.038,34.049,34.02,34.044
2023-07-19 11:30:00,34.043,34.085,34.042,34.07
2023-07-19 12:00:00,34.071,34.078,34.026,34.031
2023-07-19 12:30:00,34.031,34.044,34.01,34.037
2023-07-19 13:00:00,34.036,34.088,34.035,34.072
2023-07-19 13:30:00,34.072,34.145,34.071,34.14
2023-07-19 14:00:00,34.139,34.184,34.129,34.18
2023-07-19 14:30:00,34.179,34.179,34.165,34.17
2023-07-19 15:00:00,34.169,34.169,34.077,34.077
2023-07-19 15:30:00,34.092,34.141,34.084,34.134
2023-07-19 16:00:00,34.134,34.161,34.114,34.148
2023-07-19 16:30:00,34.148,34.149,34.103,34.105
2023-07-19 17:00:00,34.106,34.174,34.106,34.149
2023-07-19 17:30:00,34.15,34.159,34.1,34.134
2023-07-19 18:00:00,34.134,34.135,34.101,34.103
2023-07-19 18:30:00,34.102,34.113,34.037,34.058
2023-07-19 19:00:00,34.059,34.078,34.032,34.06
2023-07-19 19:30:00,34.057,34.059,34.049,34.057
2023-07-19 20:00:00,34.056,34.063,34.051,34.052
2023-07-19 20:30:00,34.053,34.062,34.045,34.062
2023-07-19 21:00:00,34.062,34.066,34.047,34.051
2023-07-19 21:30:00,34.051,34.058,34.051,34.053
2023-07-19 22:00:00,34.054,34.067,34.053,34.058
2023-07-19 22:30:00,34.058,34.06,34.054,34.055
2023-07-19 23:00:00,34.054,34.056,34.048,34.049
2023-07-19 23:30:00,34.049,34.053,34.011,34.016
2023-07-20 00:00:00,34.012,34.015,33.985,33.998
2023-07-20 00:30:00,34.004,34.026,34.004,34.023
2023-07-20 01:00:00,34.022,34.029,34.022,34.027
2023-07-20 01:30:00,34.028,34.035,34.025,34.025
2023-07-20 02:00:00,34.026,34.026,34.01,34.015
2023-07-20 02:30:00,34.015,34.026,34.01,34.015
2023-07-20 03:00:00,34.017,34.019,33.97,33.977
2023-07-20 03:30:00,33.978,33.98,33.907,33.922
2023-07-20 04:00:00,33.922,33.937,33.805,33.813
2023-07-20 04:30:00,33.813,33.873,33.749,33.86
2023-07-20 05:00:00,33.861,33.883,33.804,33.823
2023-07-20 05:30:00,33.824,33.874,33.821,33.828
2023-07-20 06:00:00,33.828,33.906,33.824,33.9
2023-07-20 06:30:00,33.901,34.032,33.901,34.028
2023-07-20 07:00:00,34.029,34.039,33.985,34.021
2023-07-20 07:30:00,34.022,34.038,33.96,33.961
2023-07-20 08:00:00,33.96,33.962,33.922,33.945
2023-07-20 08:30:00,33.944,33.997,33.944,33.958
2023-07-20 09:00:00,33.958,34.023,33.957,34.005
2023-07-20 09:30:00,34.006,34.073,34.004,34.03
2023-07-20 10:00:00,34.031,34.044,34.01,34.032
2023-07-20 10:30:00,34.033,34.067,34.026,34.05
2023-07-20 11:00:00,34.051,34.054,34.006,34.039
2023-07-20 11:30:00,34.038,34.047,34.031,34.035
2023-07-20 12:00:00,34.034,34.04,34.003,34.004
2023-07-20 12:30:00,34.005,34.02,33.985,33.991
2023-07-20 13:00:00,33.99,34.005,33.977,33.988
2023-07-20 13:30:00,33.987,34.011,33.983,34.003
2023-07-20 14:00:00,34.003,34.024,33.989,33.99
2023-07-20 14:30:00,33.991,33.999,33.98,33.983
2023-07-20 15:00:00,33.983,34.004,33.961,33.99
2023-07-20 15:30:00,33.989,34.076,33.986,34.054
2023-07-20 16:00:00,34.055,34.071,34.042,34.052
2023-07-20 16:30:00,34.053,34.094,34.051,34.091
2023-07-20 17:00:00,34.09,34.219,34.082,34.197
2023-07-20 17:30:00,34.196,34.248,34.196,34.202
2023-07-20 18:00:00,34.203,34.223,34.199,34.212
2023-07-20 18:30:00,34.213,34.247,34.212,34.238
2023-07-20 19:00:00,34.236,34.237,34.225,34.231
2023-07-20 19:30:00,34.23,34.246,34.226,34.228
2023-07-20 20:00:00,34.227,34.245,34.221,34.234
2023-07-20 20:30:00,34.233,34.239,34.2,34.2
2023-07-20 21:00:00,34.2,34.204,34.197,34.2
2023-07-20 21:30:00,34.201,34.203,34.196,34.199
2023-07-20 22:00:00,34.2,34.23,34.196,34.215
2023-07-20 22:30:00,34.216,34.229,34.214,34.228
2023-07-20 23:00:00,34.228,34.233,34.202,34.204
2023-07-20 23:30:00,34.204,34.206,34.14,34.156
2023-07-21 00:00:00,34.163,34.163,34.115,34.116
2023-07-21 00:30:00,34.146,34.157,34.142,34.157
2023-07-21 01:00:00,34.151,34.194,34.142,34.185
2023-07-21 01:30:00,34.184,34.189,34.177,34.184
2023-07-21 02:00:00,34.182,34.206,34.182,34.2
2023-07-21 02:30:00,34.201,34.212,34.196,34.203
2023-07-21 03:00:00,34.202,34.222,34.181,34.214
2023-07-21 03:30:00,34.215,34.279,34.203,34.243
2023-07-21 04:00:00,34.243,34.325,34.235,34.301
2023-07-21 04:30:00,34.3,34.302,34.245,34.28
2023-07-21 05:00:00,34.28,34.299,34.252,34.269
2023-07-21 05:30:00,34.268,34.286,34.227,34.253
2023-07-21 06:00:00,34.252,34.271,34.238,34.261
2023-07-21 06:30:00,34.262,34.283,34.241,34.272
2023-07-21 07:00:00,34.273,34.276,34.193,34.231
2023-07-21 07:30:00,34.23,34.233,34.192,34.221
2023-07-21 08:00:00,34.222,34.266,34.214,34.262
2023-07-21 08:30:00,34.263,34.332,34.259,34.297
2023-07-21 09:00:00,34.296,34.313,34.271,34.279
2023-07-21 09:30:00,34.276,34.314,34.274,34.3
2023-07-21 10:00:00,34.299,34.307,34.279,34.303
2023-07-21 10:30:00,34.304,34.433,34.302,34.408
2023-07-21 11:00:00,34.408,34.449,34.394,34.418
2023-07-21 11:30:00,34.417,34.472,34.412,34.469
2023-07-21 12:00:00,34.47,34.471,34.398,34.424
2023-07-21 12:30:00,34.424,34.477,34.411,34.442
2023-07-21 13:00:00,34.441,34.465,34.431,34.431
2023-07-21 13:30:00,34.431,34.466,34.423,34.438
2023-07-21 14:00:00,34.438,34.438,34.367,34.376
2023-07-21 14:30:00,34.377,34.385,34.362,34.384
2023-07-21 15:00:00,34.385,34.392,34.352,34.386
2023-07-21 15:30:00,34.385,34.398,34.364,34.395
2023-07-21 16:00:00,34.396,34.434,34.395,34.421
2023-07-21 16:30:00,34.422,34.474,34.405,34.417
2023-07-21 17:00:00,34.42,34.439,34.414,34.425
2023-07-21 17:30:00,34.423,34.441,34.403,34.435
2023-07-21 18:00:00,34.435,34.456,34.423,34.433
2023-07-21 18:30:00,34.431,34.45,34.429,34.448
2023-07-21 19:00:00,34.448,34.463,34.438,34.44
2023-07-21 19:30:00,34.44,34.444,34.424,34.438
2023-07-21 20:00:00,34.434,34.44,34.416,34.426
2023-07-21 20:30:00,34.437,34.437,34.407,34.408
2023-07-21 21:00:00,34.409,34.409,34.397,34.399
2023-07-21 21:30:00,34.399,34.405,34.397,34.405
2023-07-21 22:00:00,34.403,34.407,34.398,34.407
2023-07-21 22:30:00,34.406,34.407,34.401,34.406
2023-07-21 23:00:00,34.404,34.419,34.404,34.409
2023-07-21 23:30:00,34.402,34.421,34.287,34.287
2023-07-24 00:00:00,34.341,34.381,34.309,34.381
2023-07-24 00:30:00,34.375,34.398,34.372,34.397
2023-07-24 01:00:00,34.396,34.406,34.388,34.405
2023-07-24 01:30:00,34.404,34.417,34.381,34.411
2023-07-24 02:00:00,34.412,34.44,34.386,34.389
2023-07-24 02:30:00,34.389,34.416,34.382,34.411
2023-07-24 03:00:00,34.415,34.42,34.398,34.401
2023-07-24 03:30:00,34.4,34.486,34.384,34.472
2023-07-24 04:00:00,34.474,34.563,34.452,34.546
2023-07-24 04:30:00,34.547,34.563,34.504,34.519
2023-07-24 05:00:00,34.518,34.533,34.439,34.464
2023-07-24 05:30:00,34.463,34.515,34.463,34.512
2023-07-24 06:00:00,34.515,34.531,34.485,34.514
2023-07-24 06:30:00,34.515,34.536,34.51,34.521
2023-07-24 07:00:00,34.522,34.526,34.504,34.515
2023-07-24 07:30:00,34.514,34.518,34.482,34.488
2023-07-24 08:00:00,34.486,34.504,34.461,34.499
2023-07-24 08:30:00,34.499,34.517,34.474,34.476
2023-07-24 09:00:00,34.476,34.519,34.473,34.503
2023-07-24 09:30:00,34.502,34.506,34.456,34.457
2023-07-24 10:00:00,34.458,34.477,34.432,34.45
2023-07-24 10:30:00,34.449,34.492,34.449,34.457
2023-07-24 11:00:00,34.458,34.461,34.434,34.451
2023-07-24 11:30:00,34.452,34.481,34.447,34.472
2023-07-24 12:00:00,34.473,34.483,34.451,34.459
2023-07-24 12:30:00,34.457,34.464,34.447,34.457
2023-07-24 13:00:00,34.457,34.467,34.418,34.424
2023-07-24 13:30:00,34.425,34.445,34.419,34.432
2023-07-24 14:00:00,34.429,34.443,34.371,34.374
2023-07-24 14:30:00,34.375,34.406,34.371,34.397
2023-07-24 15:00:00,34.397,34.402,34.382,34.389
2023-07-24 15:30:00,34.388,34.398,34.369,34.395
2023-07-24 16:00:00,34.396,34.42,34.385,34.408
2023-07-24 16:30:00,34.407,34.454,34.394,34.442
2023-07-24 17:00:00,34.442,34.476,34.414,34.467
2023-07-24 17:30:00,34.467,34.476,34.413,34.421
2023-07-24 18:00:00,34.42,34.456,34.416,34.448
2023-07-24 18:30:00,34.448,34.473,34.426,34.447
2023-07-24 19:00:00,34.448,34.497,34.445,34.472
2023-07-24 19:30:00,34.471,34.483,34.463,34.468
2023-07-24 20:00:00,34.465,34.478,34.46,34.47
2023-07-24 20:30:00,34.471,34.495,34.47,34.491
2023-07-24 21:00:00,34.492,34.515,34.486,34.512
2023-07-24 21:30:00,34.513,34.523,34.511,34.517
2023-07-24 22:00:00,34.517,34.536,34.517,34.53
2023-07-24 22:30:00,34.53,34.536,34.524,34.533
2023-07-24 23:00:00,34.532,34.539,34.528,34.53
2023-07-24 23:30:00,34.532,34.538,34.501,34.507
2023-07-25 00:00:00,34.524,34.526,34.504,34.522
2023-07-25 00:30:00,34.522,34.525,34.43,34.43
2023-07-25 01:00:00,34.432,34.52,34.431,34.519
2023-07-25 01:30:00,34.52,34.536,34.514,34.536
2023-07-25 02:00:00,34.537,34.541,34.532,34.541
2023-07-25 02:30:00,34.54,34.573,34.539,34.571
2023-07-25 03:00:00,34.574,34.603,34.563,34.566
2023-07-25 03:30:00,34.565,34.584,34.5,34.531
2023-07-25 04:00:00,34.53,34.531,34.443,34.464
2023-07-25 04:30:00,34.465,34.49,34.424,34.466
2023-07-25 05:00:00,34.465,34.527,34.455,34.499
2023-07-25 05:30:00,34.498,34.538,34.476,34.518
2023-07-25 06:00:00,34.517,34.538,34.482,34.508
2023-07-25 06:30:00,34.507,34.526,34.496,34.508
2023-07-25 07:00:00,34.509,34.517,34.496,34.5
2023-07-25 07:30:00,34.503,34.534,34.5,34.523
2023-07-25 08:00:00,34.523,34.527,34.505,34.522
2023-07-25 08:30:00,34.522,34.526,34.502,34.502
2023-07-25 09:00:00,34.501,34.522,34.466,34.477
2023-07-25 09:30:00,34.478,34.524,34.478,34.512
2023-07-25 10:00:00,34.511,34.528,34.495,34.511
2023-07-25 10:30:00,34.512,34.562,34.509,34.549
2023-07-25 11:00:00,34.548,34.572,34.536,34.538
2023-07-25 11:30:00,34.535,34.547,34.48,34.497
2023-07-25 12:00:00,34.499,34.518,34.491,34.513
2023-07-25 12:30:00,34.513,34.539,34.506,34.507
2023-07-25 13:00:00,34.509,34.522,34.507,34.516
2023-07-25 13:30:00,34.52,34.526,34.515,34.525
2023-07-25 14:00:00,34.524,34.567,34.521,34.561
2023-07-25 14:30:00,34.562,34.565,34.518,34.518
2023-07-25 15:00:00,34.518,34.523,34.49,34.52
2023-07-25 15:30:00,34.521,34.543,34.501,34.508
2023-07-25 16:00:00,34.511,34.539,34.507,34.521
2023-07-25 16:30:00,34.522,34.525,34.5,34.511
2023-07-25 17:00:00,34.502,34.52,34.467,34.482
2023-07-25 17:30:00,34.483,34.495,34.445,34.45
2023-07-25 18:00:00,34.45,34.452,34.404,34.407
2023-07-25 18:30:00,34.409,34.412,34.4,34.406
2023-07-25 19:00:00,34.405,34.408,34.385,34.398
2023-07-25 19:30:00,34.399,34.412,34.396,34.405
2023-07-25 20:00:00,34.404,34.464,34.404,34.43
2023-07-25 20:30:00,34.43,34.437,34.42,34.435
2023-07-25 21:00:00,34.438,34.438,34.429,34.429
2023-07-25 21:30:00,34.427,34.445,34.423,34.444
2023-07-25 22:00:00,34.445,34.445,34.422,34.422
2023-07-25 22:30:00,34.424,34.427,34.422,34.424
2023-07-25 23:00:00,34.424,34.44,34.421,34.436
2023-07-25 23:30:00,34.434,34.434,34.405,34.408
2023-07-26 00:00:00,34.409,34.423,34.327,34.417
2023-07-26 00:30:00,34.417,34.439,34.417,34.433
2023-07-26 01:00:00,34.432,34.453,34.429,34.436
2023-07-26 01:30:00,34.437,34.448,34.422,34.44
2023-07-26 02:00:00,34.436,34.436,34.407,34.424
2023-07-26 02:30:00,34.419,34.438,34.411,34.428
2023-07-26 03:00:00,34.433,34.465,34.422,34.459
2023-07-26 03:30:00,34.459,34.507,34.456,34.47
2023-07-26 04:00:00,34.47,34.487,34.453,34.485
2023-07-26 04:30:00,34.485,34.526,34.483,34.509
2023-07-26 05:00:00,34.509,34.532,34.506,34.526
2023-07-26 05:30:00,34.527,34.548,34.482,34.484
2023-07-26 06:00:00,34.483,34.497,34.451,34.454
2023-07-26 06:30:00,34.454,34.455,34.378,34.379
2023-07-26 07:00:00,34.38,34.429,34.379,34.406
2023-07-26 07:30:00,34.407,34.41,34.367,34.41
2023-07-26 08:00:00,34.409,34.413,34.388,34.403
2023-07-26 08:30:00,34.404,34.405,34.336,34.369
2023-07-26 09:00:00,34.368,34.373,34.303,34.304
2023-07-26 09:30:00,34.303,34.319,34.258,34.279
2023-07-26 10:00:00,34.277,34.295,34.268,34.277
2023-07-26 10:30:00,34.278,34.283,34.254,34.267
2023-07-26 11:00:00,34.268,34.293,34.263,34.274
2023-07-26 11:30:00,34.275,34.276,34.219,34.228
2023-07-26 12:00:00,34.229,34.281,34.228,34.27
2023-07-26 12:30:00,34.271,34.285,34.254,34.257
2023-07-26 13:00:00,34.256,34.282,34.244,34.276
2023-07-26 13:30:00,34.276,34.29,34.255,34.271
2023-07-26 14:00:00,34.271,34.275,34.244,34.264
2023-07-26 14:30:00,34.262,34.273,34.249,34.271
2023-07-26 15:00:00,34.27,34.293,34.263,34.275
2023-07-26 15:30:00,34.274,34.28,34.259,34.266
2023-07-26 16:00:00,34.265,34.295,34.265,34.291
2023-07-26 16:30:00,34.292,34.314,34.273,34.289
2023-07-26 17:00:00,34.29,34.311,34.268,34.296
2023-07-26 17:30:00,34.296,34.315,34.281,34.304
2023-07-26 18:00:00,34.304,34.307,34.239,34.261
2023-07-26 18:30:00,34.26,34.266,34.253,34.263
2023-07-26 19:00:00,34.258,34.269,34.243,34.26
2023-07-26 19:30:00,34.262,34.268,34.247,34.259
2023-07-26 20:00:00,34.26,34.264,34.245,34.25
2023-07-26 20:30:00,34.248,34.258,34.186,34.186
2023-07-26 21:00:00,34.191,34.267,34.163,34.267
2023-07-26 21:30:00,34.267,34.268,34.162,34.162
2023-07-26 22:00:00,34.164,34.205,34.16,34.202
2023-07-26 22:30:00,34.201,34.207,34.167,34.169
2023-07-26 23:00:00,34.174,34.205,34.169,34.179
2023-07-26 23:30:00,34.178,34.184,34.151,34.174
2023-07-27 00:00:00,34.066,34.169,34.066,34.168
2023-07-27 00:30:00,34.168,34.173,34.164,34.168
2023-07-27 01:00:00,34.167,34.186,34.163,34.184
2023-07-27 01:30:00,34.183,34.214,34.173,34.211
2023-07-27 02:00:00,34.212,34.255,34.203,34.242
2023-07-27 02:30:00,34.238,34.263,34.237,34.257
2023-07-27 03:00:00,34.258,34.264,34.154,34.171
2023-07-27 03:30:00,34.173,34.189,34.122,34.13
2023-07-27 04:00:00,34.131,34.132,34.081,34.084
2023-07-27 04:30:00,34.083,34.109,34.032,34.081
2023-07-27 05:00:00,34.081,34.084,34.02,34.078
2023-07-27 05:30:00,34.078,34.119,34.054,34.116
2023-07-27 06:00:00,34.117,34.125,34.039,34.041
2023-07-27 06:30:00,34.04,34.084,34.037,34.061
2023-07-27 07:00:00,34.06,34.079,34.029,34.038
2023-07-27 07:30:00,34.035,34.075,34.033,34.073
2023-07-27 08:00:00,34.072,34.124,34.068,34.117
2023-07-27 08:30:00,34.118,34.133,34.073,34.084
2023-07-27 09:00:00,34.083,34.123,34.078,34.106
2023-07-27 09:30:00,34.107,34.14,34.093,34.12
2023-07-27 10:00:00,34.12,34.127,34.09,34.098
2023-07-27 10:30:00,34.099,34.1,34.048,34.054
2023-07-27 11:00:00,34.055,34.103,34.054,34.095
2023-07-27 11:30:00,34.096,34.103,34.084,34.089
2023-07-27 12:00:00,34.089,34.124,34.088,34.112
2023-07-27 12:30:00,34.113,34.122,34.077,34.078
2023-07-27 13:00:00,34.077,34.088,34.062,34.079
2023-07-27 13:30:00,34.079,34.084,34.061,34.077
2023-07-27 14:00:00,34.077,34.09,34.068,34.07
2023-07-27 14:30:00,34.071,34.086,34.062,34.073
2023-07-27 15:00:00,34.072,34.13,34.071,34.098
2023-07-27 15:30:00,34.099,34.267,34.094,34.245
2023-07-27 16:00:00,34.244,34.307,34.234,34.293
2023-07-27 16:30:00,34.293,34.435,34.292,34.413
2023-07-27 17:00:00,34.413,34.474,34.408,34.472
2023-07-27 17:30:00,34.473,34.486,34.425,34.434
2023-07-27 18:00:00,34.433,34.444,34.408,34.429
2023-07-27 18:30:00,34.428,34.431,34.398,34.406
2023-07-27 19:00:00,34.405,34.43,34.4,34.424
2023-07-27 19:30:00,34.425,34.449,34.425,34.44
2023-07-27 20:00:00,34.438,34.443,34.398,34.423
2023-07-27 20:30:00,34.422,34.428,34.412,34.413
2023-07-27 21:00:00,34.413,34.434,34.411,34.431
2023-07-27 21:30:00,34.432,34.48,34.43,34.461
2023-07-27 22:00:00,34.462,34.485,34.455,34.484
2023-07-27 22:30:00,34.483,34.485,34.479,34.48
2023-07-27 23:00:00,34.48,34.495,34.479,34.492
2023-07-27 23:30:00,34.495,34.496,34.433,34.439
2023-07-28 00:00:00,34.453,34.474,34.427,34.45
2023-07-28 00:30:00,34.45,34.457,34.43,34.456
2023-07-28 01:00:00,34.455,34.468,34.455,34.462
2023-07-28 01:30:00,34.462,34.462,34.444,34.445
2023-07-28 02:00:00,34.444,34.463,34.44,34.449
2023-07-28 02:30:00,34.448,34.485,34.441,34.477
2023-07-28 03:00:00,34.476,34.486,34.466,34.474
2023-07-28 03:30:00,34.475,34.544,34.467,34.53
2023-07-28 04:00:00,34.529,34.541,34.51,34.517
2023-07-28 04:30:00,34.518,34.525,34.478,34.499
2023-07-28 05:00:00,34.501,34.519,34.361,34.361
2023-07-28 05:30:00,34.36,34.46,34.36,34.409
2023-07-28 06:00:00,34.412,34.472,34.375,34.408
2023-07-28 06:30:00,34.409,34.436,34.375,34.413
2023-07-28 07:00:00,34.412,34.455,34.383,34.453
2023-07-28 07:30:00,34.454,34.467,34.453,34.464
2023-07-28 08:00:00,34.465,34.465,34.43,34.431
2023-07-28 08:30:00,34.433,34.465,34.431,34.453
2023-07-28 09:00:00,34.455,34.532,34.452,34.51
2023-07-28 09:30:00,34.511,34.534,34.489,34.51
2023-07-28 10:00:00,34.509,34.532,34.458,34.515
2023-07-28 10:30:00,34.517,34.557,34.509,34.545
2023-07-28 11:00:00,34.546,34.564,34.532,34.563
2023-07-28 11:30:00,34.563,34.568,34.504,34.536
2023-07-28 12:00:00,34.538,34.546,34.503,34.51
2023-07-28 12:30:00,34.509,34.516,34.461,34.468
2023-07-28 13:00:00,34.467,34.469,34.451,34.453
2023-07-28 13:30:00,34.454,34.467,34.415,34.426
2023-07-28 14:00:00,34.425,34.441,34.361,34.361
2023-07-28 14:30:00,34.36,34.389,34.36,34.389
2023-07-28 15:00:00,34.389,34.4,34.311,34.334
2023-07-28 15:30:00,34.335,34.382,34.255,34.351
2023-07-28 16:00:00,34.352,34.385,34.314,34.322
2023-07-28 16:30:00,34.323,34.35,34.256,34.261
2023-07-28 17:00:00,34.262,34.293,34.214,34.271
2023-07-28 17:30:00,34.271,34.287,34.26,34.27
2023-07-28 18:00:00,34.27,34.272,34.226,34.245
2023-07-28 18:30:00,34.244,34.258,34.24,34.242
2023-07-28 19:00:00,34.239,34.239,34.199,34.223
2023-07-28 19:30:00,34.224,34.243,34.22,34.232
2023-07-28 20:00:00,34.233,34.254,34.233,34.243
2023-07-28 20:30:00,34.243,34.269,34.242,34.262
2023-07-28 21:00:00,34.262,34.263,34.255,34.258
2023-07-28 21:30:00,34.257,34.257,34.229,34.242
2023-07-28 22:00:00,34.244,34.245,34.239,34.24
2023-07-28 22:30:00,34.239,34.242,34.237,34.237
2023-07-28 23:00:00,34.24,34.243,34.203,34.21
2023-07-28 23:30:00,34.223,34.223,34.15,34.16
2023-07-31 00:00:00,34.159,34.193,34.159,34.173
2023-07-31 00:30:00,34.173,34.199,34.155,34.189
2023-07-31 01:00:00,34.196,34.237,34.192,34.237
2023-07-31 01:30:00,34.234,34.255,34.211,34.243
2023-07-31 02:00:00,34.243,34.267,34.242,34.266
2023-07-31 02:30:00,34.267,34.271,34.242,34.26
2023-07-31 03:00:00,34.261,34.27,34.219,34.259
2023-07-31 03:30:00,34.26,34.28,34.185,34.193
2023-07-31 04:00:00,34.196,34.243,34.185,34.232
2023-07-31 04:30:00,34.233,34.255,34.167,34.242
2023-07-31 05:00:00,34.243,34.243,34.192,34.222
2023-07-31 05:30:00,34.222,34.282,34.222,34.277
2023-07-31 06:00:00,34.278,34.282,34.249,34.252
2023-07-31 06:30:00,34.253,34.313,34.241,34.293
2023-07-31 07:00:00,34.294,34.304,34.26,34.267
2023-07-31 07:30:00,34.268,34.27,34.24,34.252
2023-07-31 08:00:00,34.253,34.273,34.239,34.254
2023-07-31 08:30:00,34.253,34.258,34.237,34.241
2023-07-31 09:00:00,34.24,34.252,34.225,34.244
2023-07-31 09:30:00,34.245,34.29,34.237,34.268
2023-07-31 10:00:00,34.266,34.277,34.212,34.22
2023-07-31 10:30:00,34.22,34.256,34.218,34.234
2023-07-31 11:00:00,34.235,34.259,34.229,34.255
2023-07-31 11:30:00,34.254,34.276,34.23,34.248
2023-07-31 12:00:00,34.249,34.252,34.19,34.19
2023-07-31 12:30:00,34.191,34.227,34.164,34.22
2023-07-31 13:00:00,34.221,34.246,34.216,34.243
2023-07-31 13:30:00,34.243,34.245,34.209,34.221
2023-07-31 14:00:00,34.221,34.228,34.209,34.21
2023-07-31 14:30:00,34.211,34.228,34.208,34.222
2023-07-31 15:00:00,34.221,34.228,34.199,34.2
2023-07-31 15:30:00,34.201,34.203,34.14,34.159
2023-07-31 16:00:00,34.16,34.164,34.142,34.15
2023-07-31 16:30:00,34.149,34.151,34.1,34.121
2023-07-31 17:00:00,34.118,34.143,34.111,34.126
2023-07-31 17:30:00,34.124,34.138,34.112,34.136
2023-07-31 18:00:00,34.135,34.151,34.107,34.109
2023-07-31 18:30:00,34.11,34.114,34.097,34.113
2023-07-31 19:00:00,34.111,34.116,34.101,34.107
2023-07-31 19:30:00,34.108,34.109,34.1,34.108
2023-07-31 20:00:00,34.107,34.124,34.105,34.111
2023-07-31 20:30:00,34.112,34.114,34.106,34.107
2023-07-31 21:00:00,34.108,34.182,34.104,34.161
2023-07-31 21:30:00,34.162,34.211,34.161,34.199
2023-07-31 22:00:00,34.198,34.223,34.196,34.215
2023-07-31 22:30:00,34.216,34.23,34.212,34.226
2023-07-31 23:00:00,34.225,34.247,34.22,34.246
2023-07-31 23:30:00,34.247,34.256,34.132,34.132
2023-08-01 00:00:00,34.132,34.187,34.132,34.145
2023-08-01 00:30:00,34.169,34.185,34.167,34.174
2023-08-01 01:00:00,34.175,34.208,34.162,34.208
2023-08-01 01:30:00,34.209,34.239,34.206,34.239
2023-08-01 02:00:00,34.237,34.248,34.234,34.247
2023-08-01 02:30:00,34.248,34.257,34.238,34.245
2023-08-01 03:00:00,34.247,34.252,34.206,34.238
2023-08-01 03:30:00,34.237,34.271,34.205,34.257
2023-08-01 04:00:00,34.258,34.264,34.233,34.263
2023-08-01 04:30:00,34.264,34.282,34.243,34.268
2023-08-01 05:00:00,34.269,34.277,34.258,34.277
2023-08-01 05:30:00,34.276,34.276,34.209,34.219
2023-08-01 06:00:00,34.218,34.24,34.203,34.221
2023-08-01 06:30:00,34.221,34.236,34.207,34.211
2023-08-01 07:00:00,34.212,34.24,34.211,34.23
2023-08-01 07:30:00,34.229,34.252,34.213,34.219
2023-08-01 08:00:00,34.22,34.24,34.211,34.215
2023-08-01 08:30:00,34.215,34.218,34.176,34.182
2023-08-01 09:00:00,34.18,34.2,34.162,34.18
2023-08-01 09:30:00,34.177,34.177,34.146,34.146
2023-08-01 10:00:00,34.147,34.191,34.146,34.16
2023-08-01 10:30:00,34.16,34.186,34.158,34.184
2023-08-01 11:00:00,34.185,34.238,34.18,34.23
2023-08-01 11:30:00,34.231,34.263,34.231,34.251
2023-08-01 12:00:00,34.252,34.26,34.247,34.25
2023-08-01 12:30:00,34.251,34.264,34.247,34.251
2023-08-01 13:00:00,34.252,34.255,34.24,34.243
2023-08-01 13:30:00,34.244,34.247,34.21,34.219
2023-08-01 14:00:00,34.218,34.25,34.215,34.23
2023-08-01 14:30:00,34.231,34.244,34.228,34.233
2023-08-01 15:00:00,34.235,34.329,34.219,34.322
2023-08-01 15:30:00,34.323,34.362,34.303,34.357
2023-08-01 16:00:00,34.355,34.36,34.315,34.321
2023-08-01 16:30:00,34.322,34.348,34.284,34.284
2023-08-01 17:00:00,34.281,34.342,34.27,34.335
2023-08-01 17:30:00,34.335,34.37,34.303,34.37
2023-08-01 18:00:00,34.371,34.429,34.371,34.391
2023-08-01 18:30:00,34.39,34.394,34.382,34.393
2023-08-01 19:00:00,34.394,34.401,34.39,34.394
2023-08-01 19:30:00,34.395,34.415,34.394,34.398
2023-08-01 20:00:00,34.398,34.411,34.394,34.409
2023-08-01 20:30:00,34.409,34.417,34.4,34.4
2023-08-01 21:00:00,34.4,34.4,34.386,34.386
2023-08-01 21:30:00,34.387,34.387,34.375,34.38
2023-08-01 22:00:00,34.373,34.373,34.329,34.344
2023-08-01 22:30:00,34.345,34.347,34.343,34.345
2023-08-01 23:00:00,34.346,34.346,34.335,34.341
2023-08-01 23:30:00,34.34,34.342,34.229,34.28
2023-08-02 00:00:00,34.213,34.279,34.213,34.242
2023-08-02 00:30:00,34.241,34.291,34.241,34.276
2023-08-02 01:00:00,34.274,34.302,34.253,34.299
2023-08-02 01:30:00,34.299,34.321,34.278,34.316
2023-08-02 02:00:00,34.319,34.363,34.296,34.316
2023-08-02 02:30:00,34.315,34.347,34.282,34.302
2023-08-02 03:00:00,34.301,34.364,34.3,34.349
2023-08-02 03:30:00,34.35,34.356,34.32,34.339
2023-08-02 04:00:00,34.339,34.353,34.271,34.279
2023-08-02 04:30:00,34.278,34.299,34.262,34.299
2023-08-02 05:00:00,34.299,34.327,34.293,34.305
2023-08-02 05:30:00,34.306,34.41,34.297,34.409
2023-08-02 06:00:00,34.409,34.432,34.384,34.385
2023-08-02 06:30:00,34.386,34.395,34.357,34.372
2023-08-02 07:00:00,34.373,34.395,34.361,34.385
2023-08-02 07:30:00,34.384,34.387,34.36,34.361
2023-08-02 08:00:00,34.361,34.363,34.318,34.335
2023-08-02 08:30:00,34.337,34.35,34.33,34.345
2023-08-02 09:00:00,34.345,34.396,34.332,34.394
2023-08-02 09:30:00,34.395,34.421,34.313,34.313
2023-08-02 10:00:00,34.302,34.376,34.3,34.351
2023-08-02 10:30:00,34.351,34.357,34.313,34.319
2023-08-02 11:00:00,34.318,34.336,34.294,34.3
2023-08-02 11:30:00,34.299,34.299,34.236,34.259
2023-08-02 12:00:00,34.262,34.286,34.256,34.27
2023-08-02 12:30:00,34.269,34.296,34.261,34.262
2023-08-02 13:00:00,34.263,34.27,34.232,34.262
2023-08-02 13:30:00,34.263,34.287,34.249,34.267
2023-08-02 14:00:00,34.267,34.27,34.239,34.257
2023-08-02 14:30:00,34.258,34.285,34.256,34.285
2023-08-02 15:00:00,34.281,34.334,34.258,34.316
2023-08-02 15:30:00,34.316,34.36,34.301,34.334
2023-08-02 16:00:00,34.334,34.354,34.321,34.331
2023-08-02 16:30:00,34.333,34.366,34.322,34.359
2023-08-02 17:00:00,34.359,34.434,34.356,34.432
2023-08-02 17:30:00,34.432,34.524,34.422,34.513
2023-08-02 18:00:00,34.514,34.52,34.433,34.435
2023-08-02 18:30:00,34.435,34.498,34.434,34.498
2023-08-02 19:00:00,34.5,34.5,34.46,34.491
2023-08-02 19:30:00,34.491,34.497,34.462,34.468
2023-08-02 20:00:00,34.467,34.476,34.458,34.458
2023-08-02 20:30:00,34.459,34.501,34.452,34.49
2023-08-02 21:00:00,34.486,34.493,34.473,34.488
2023-08-02 21:30:00,34.487,34.502,34.487,34.491
2023-08-02 22:00:00,34.495,34.516,34.495,34.515
2023-08-02 22:30:00,34.517,34.518,34.5,34.505
2023-08-02 23:00:00,34.501,34.504,34.491,34.492
2023-08-02 23:30:00,34.493,34.496,34.446,34.446
2023-08-03 00:00:00,34.446,34.455,34.446,34.452
2023-08-03 00:30:00,34.454,34.463,34.449,34.461
2023-08-03 01:00:00,34.46,34.471,34.459,34.469
2023-08-03 01:30:00,34.471,34.473,34.463,34.471
2023-08-03 02:00:00,34.472,34.502,34.439,34.49
2023-08-03 02:30:00,34.489,34.496,34.46,34.467
2023-08-03 03:00:00,34.468,34.492,34.459,34.477
2023-08-03 03:30:00,34.476,34.504,34.437,34.471
2023-08-03 04:00:00,34.47,34.482,34.419,34.432
2023-08-03 04:30:00,34.433,34.456,34.402,34.45
2023-08-03 05:00:00,34.449,34.475,34.445,34.464
2023-08-03 05:30:00,34.464,34.491,34.464,34.481
2023-08-03 06:00:00,34.481,34.527,34.481,34.488
2023-08-03 06:30:00,34.489,34.493,34.462,34.481
2023-08-03 07:00:00,34.48,34.508,34.48,34.495
2023-08-03 07:30:00,34.494,34.546,34.494,34.533
2023-08-03 08:00:00,34.532,34.555,34.507,34.544
2023-08-03 08:30:00,34.543,34.547,34.526,34.539
2023-08-03 09:00:00,34.539,34.598,34.532,34.591
2023-08-03 09:30:00,34.59,34.667,34.569,34.658
2023-08-03 10:00:00,34.659,34.691,34.627,34.628
2023-08-03 10:30:00,34.629,34.65,34.619,34.635
2023-08-03 11:00:00,34.635,34.68,34.634,34.672
2023-08-03 11:30:00,34.672,34.681,34.654,34.656
2023-08-03 12:00:00,34.657,34.659,34.629,34.633
2023-08-03 12:30:00,34.633,34.658,34.628,34.641
2023-08-03 13:00:00,34.641,34.663,34.635,34.646
2023-08-03 13:30:00,34.647,34.693,34.647,34.683
2023-08-03 14:00:00,34.684,34.696,34.646,34.659
2023-08-03 14:30:00,34.659,34.684,34.65,34.656
2023-08-03 15:00:00,34.653,34.666,34.601,34.627
2023-08-03 15:30:00,34.628,34.648,34.575,34.634
2023-08-03 16:00:00,34.632,34.642,34.597,34.616
2023-08-03 16:30:00,34.616,34.618,34.584,34.611
2023-08-03 17:00:00,34.61,34.635,34.558,34.585
2023-08-03 17:30:00,34.588,34.609,34.569,34.608
2023-08-03 18:00:00,34.609,34.614,34.557,34.573
2023-08-03 18:30:00,34.574,34.606,34.573,34.603
2023-08-03 19:00:00,34.603,34.62,34.598,34.618
2023-08-03 19:30:00,34.619,34.62,34.569,34.577
2023-08-03 20:00:00,34.577,34.596,34.577,34.593
2023-08-03 20:30:00,34.596,34.622,34.589,34.612
2023-08-03 21:00:00,34.613,34.624,34.61,34.624
2023-08-03 21:30:00,34.624,34.625,34.618,34.624
2023-08-03 22:00:00,34.624,34.625,34.62,34.624
2023-08-03 22:30:00,34.623,34.623,34.593,34.614
2023-08-03 23:00:00,34.614,34.622,34.605,34.61
2023-08-03 23:30:00,34.609,34.615,34.592,34.615
2023-08-04 00:00:00,34.615,34.615,34.566,34.568
2023-08-04 00:30:00,34.564,34.585,34.552,34.574
2023-08-04 01:00:00,34.578,34.604,34.565,34.593
2023-08-04 01:30:00,34.593,34.594,34.568,34.568
2023-08-04 02:00:00,34.567,34.582,34.553,34.567
2023-08-04 02:30:00,34.568,34.586,34.561,34.565
2023-08-04 03:00:00,34.57,34.631,34.562,34.59
2023-08-04 03:30:00,34.591,34.626,34.543,34.559
2023-08-04 04:00:00,34.56,34.58,34.542,34.554
2023-08-04 04:30:00,34.553,34.658,34.54,34.657
2023-08-04 05:00:00,34.658,34.725,34.64,34.696
2023-08-04 05:30:00,34.697,34.718,34.669,34.718
2023-08-04 06:00:00,34.718,34.721,34.693,34.693
2023-08-04 06:30:00,34.693,34.719,34.689,34.719
2023-08-04 07:00:00,34.72,34.768,34.718,34.761
2023-08-04 07:30:00,34.76,34.767,34.742,34.746
2023-08-04 08:00:00,34.747,34.756,34.738,34.747
2023-08-04 08:30:00,34.748,34.75,34.722,34.739
2023-08-04 09:00:00,34.738,34.761,34.733,34.744
2023-08-04 09:30:00,34.744,34.761,34.743,34.756
2023-08-04 10:00:00,34.757,34.782,34.757,34.78
2023-08-04 10:30:00,34.781,34.794,34.765,34.774
2023-08-04 11:00:00,34.776,34.784,34.754,34.76
2023-08-04 11:30:00,34.761,34.788,34.761,34.772
2023-08-04 12:00:00,34.772,34.774,34.72,34.73
2023-08-04 12:30:00,34.729,34.797,34.729,34.791
2023-08-04 13:00:00,34.79,34.795,34.774,34.784
2023-08-04 13:30:00,34.784,34.808,34.782,34.797
2023-08-04 14:00:00,34.797,34.797,34.783,34.789
2023-08-04 14:30:00,34.788,34.792,34.782,34.789
2023-08-04 15:00:00,34.79,34.794,34.735,34.738
2023-08-04 15:30:00,34.766,34.785,34.646,34.67
2023-08-04 16:00:00,34.673,34.676,34.62,34.65
2023-08-04 16:30:00,34.649,34.659,34.613,34.649
2023-08-04 17:00:00,34.651,34.693,34.65,34.661
2023-08-04 17:30:00,34.663,34.686,34.638,34.671
2023-08-04 18:00:00,34.672,34.7,34.64,34.644
2023-08-04 18:30:00,34.643,34.645,34.618,34.629
2023-08-04 19:00:00,34.628,34.634,34.618,34.621
2023-08-04 19:30:00,34.619,34.62,34.608,34.611
2023-08-04 20:00:00,34.61,34.612,34.599,34.606
2023-08-04 20:30:00,34.607,34.611,34.603,34.606
2023-08-04 21:00:00,34.607,34.619,34.606,34.614
2023-08-04 21:30:00,34.614,34.622,34.609,34.614
2023-08-04 22:00:00,34.615,34.633,34.61,34.633
2023-08-04 22:30:00,34.634,34.637,34.627,34.632
2023-08-04 23:00:00,34.635,34.667,34.597,34.612
2023-08-04 23:30:00,34.611,34.641,34.454,34.454
2023-08-07 00:00:00,34.591,34.637,34.588,34.632
2023-08-07 00:30:00,34.629,34.66,34.617,34.658
2023-08-07 01:00:00,34.664,34.684,34.654,34.674
2023-08-07 01:30:00,34.673,34.686,34.662,34.667
2023-08-07 02:00:00,34.666,34.691,34.641,34.662
2023-08-07 02:30:00,34.661,34.663,34.649,34.658
2023-08-07 03:00:00,34.657,34.674,34.654,34.664
2023-08-07 03:30:00,34.664,34.669,34.616,34.622
2023-08-07 04:00:00,34.621,34.718,34.619,34.707
2023-08-07 04:30:00,34.708,34.732,34.643,34.673
2023-08-07 05:00:00,34.672,34.728,34.661,34.71
2023-08-07 05:30:00,34.711,34.744,34.705,34.719
2023-08-07 06:00:00,34.718,34.727,34.697,34.726
2023-08-07 06:30:00,34.726,34.771,34.714,34.763
2023-08-07 07:00:00,34.761,34.789,34.761,34.783
2023-08-07 07:30:00,34.784,34.794,34.773,34.79
2023-08-07 08:00:00,34.789,34.863,34.786,34.819
2023-08-07 08:30:00,34.82,34.846,34.82,34.833
2023-08-07 09:00:00,34.833,34.867,34.801,34.867
2023-08-07 09:30:00,34.866,34.874,34.848,34.869
2023-08-07 10:00:00,34.87,34.878,34.76,34.792
2023-08-07 10:30:00,34.79,34.812,34.751,34.753
2023-08-07 11:00:00,34.754,34.809,34.75,34.799
2023-08-07 11:30:00,34.796,34.807,34.761,34.762
2023-08-07 12:00:00,34.762,34.793,34.761,34.788
2023-08-07 12:30:00,34.79,34.86,34.788,34.832
2023-08-07 13:00:00,34.832,34.845,34.816,34.839
2023-08-07 13:30:00,34.839,34.866,34.829,34.843
2023-08-07 14:00:00,34.843,34.843,34.813,34.818
2023-08-07 14:30:00,34.819,34.829,34.808,34.811
2023-08-07 15:00:00,34.81,34.842,34.81,34.818
2023-08-07 15:30:00,34.818,34.826,34.797,34.803
2023-08-07 16:00:00,34.803,34.803,34.777,34.79
2023-08-07 16:30:00,34.788,34.828,34.78,34.827
2023-08-07 17:00:00,34.828,34.853,34.823,34.852
2023-08-07 17:30:00,34.851,34.869,34.845,34.858
2023-08-07 18:00:00,34.859,34.893,34.858,34.882
2023-08-07 18:30:00,34.881,34.881,34.861,34.871
2023-08-07 19:00:00,34.871,34.878,34.868,34.875
2023-08-07 19:30:00,34.875,34.879,34.872,34.872
2023-08-07 20:00:00,34.872,34.874,34.853,34.868
2023-08-07 20:30:00,34.867,34.867,34.854,34.856
2023-08-07 21:00:00,34.856,34.864,34.852,34.858
2023-08-07 21:30:00,34.859,34.866,34.856,34.86
2023-08-07 22:00:00,34.861,34.864,34.839,34.845
2023-08-07 22:30:00,34.844,34.85,34.835,34.839
2023-08-07 23:00:00,34.837,34.847,34.833,34.835
2023-08-07 23:30:00,34.828,34.836,34.773,34.773
2023-08-08 00:00:00,34.77,34.802,34.77,34.797
2023-08-08 00:30:00,34.799,34.81,34.793,34.805
2023-08-08 01:00:00,34.806,34.83,34.805,34.82
2023-08-08 01:30:00,34.829,34.83,34.82,34.83
2023-08-08 02:00:00,34.828,34.831,34.822,34.831
2023-08-08 02:30:00,34.832,34.853,34.795,34.85
2023-08-08 03:00:00,34.851,34.861,34.819,34.858
2023-08-08 03:30:00,34.858,34.886,34.848,34.878
2023-08-08 04:00:00,34.88,34.943,34.878,34.92
2023-08-08 04:30:00,34.922,34.969,34.896,34.968
2023-08-08 05:00:00,34.968,34.976,34.916,34.924
2023-08-08 05:30:00,34.924,34.956,34.913,34.93
2023-08-08 06:00:00,34.929,34.961,34.928,34.959
2023-08-08 06:30:00,34.959,34.971,34.934,34.936
2023-08-08 07:00:00,34.935,34.949,34.934,34.947
2023-08-08 07:30:00,34.945,34.95,34.929,34.93
2023-08-08 08:00:00,34.931,34.947,34.919,34.944
2023-08-08 08:30:00,34.944,34.967,34.939,34.958
2023-08-08 09:00:00,34.957,34.976,34.95,34.964
2023-08-08 09:30:00,34.963,34.997,34.96,34.995
2023-08-08 10:00:00,34.995,35.007,34.979,35.002
2023-08-08 10:30:00,35.001,35.014,34.984,34.995
2023-08-08 11:00:00,34.994,34.994,34.962,34.97
2023-08-08 11:30:00,34.971,34.975,34.942,34.944
2023-08-08 12:00:00,34.943,34.951,34.925,34.931
2023-08-08 12:30:00,34.933,34.983,34.923,34.95
2023-08-08 13:00:00,34.949,34.992,34.944,34.982
2023-08-08 13:30:00,34.983,35.014,34.98,35.004
2023-08-08 14:00:00,35.005,35.01,34.989,35.003
2023-08-08 14:30:00,35.004,35.032,35.003,35.025
2023-08-08 15:00:00,35.024,35.064,35.023,35.057
2023-08-08 15:30:00,35.056,35.063,35.035,35.054
2023-08-08 16:00:00,35.055,35.067,35.02,35.04
2023-08-08 16:30:00,35.04,35.058,35.024,35.052
2023-08-08 17:00:00,35.048,35.055,35.018,35.025
2023-08-08 17:30:00,35.025,35.038,34.995,35.036
2023-08-08 18:00:00,35.035,35.047,35.017,35.024
2023-08-08 18:30:00,35.023,35.024,35.012,35.02
2023-08-08 19:00:00,35.018,35.059,35.01,35.029
2023-08-08 19:30:00,35.029,35.032,35.009,35.028
2023-08-08 20:00:00,35.029,35.047,35.015,35.036
2023-08-08 20:30:00,35.035,35.036,35.018,35.026
2023-08-08 21:00:00,35.026,35.026,35.02,35.026
2023-08-08 21:30:00,35.026,35.027,35.018,35.021
2023-08-08 22:00:00,35.023,35.025,35.021,35.021
2023-08-08 22:30:00,35.022,35.045,35.001,35.01
2023-08-08 23:00:00,35.011,35.014,34.997,35.01
2023-08-08 23:30:00,35.009,35.012,34.974,34.982
2023-08-09 00:00:00,34.982,34.994,34.98,34.984
2023-08-09 00:30:00,34.982,35.006,34.982,35.0
2023-08-09 01:00:00,35.001,35.012,34.996,35.008
2023-08-09 01:30:00,35.007,35.02,35.005,35.015
2023-08-09 02:00:00,35.011,35.021,35.003,35.007
2023-08-09 02:30:00,35.008,35.026,35.001,35.026
2023-08-09 03:00:00,35.028,35.033,35.021,35.033
2023-08-09 03:30:00,35.033,35.074,35.031,35.068
2023-08-09 04:00:00,35.069,35.074,35.003,35.006
2023-08-09 04:30:00,35.005,35.007,34.968,34.989
2023-08-09 05:00:00,34.985,34.994,34.942,34.963
2023-08-09 05:30:00,34.964,34.979,34.933,34.935
2023-08-09 06:00:00,34.935,34.952,34.91,34.946
2023-08-09 06:30:00,34.95,34.961,34.934,34.934
2023-08-09 07:00:00,34.935,34.99,34.934,34.983
2023-08-09 07:30:00,34.982,34.984,34.952,34.963
2023-08-09 08:00:00,34.964,34.98,34.948,34.963
2023-08-09 08:30:00,34.962,35.004,34.962,34.991
2023-08-09 09:00:00,34.991,34.993,34.95,34.98
2023-08-09 09:30:00,34.981,34.981,34.944,34.95
2023-08-09 10:00:00,34.951,34.956,34.924,34.929
2023-08-09 10:30:00,34.93,34.936,34.857,34.871
2023-08-09 11:00:00,34.872,34.91,34.843,34.894
2023-08-09 11:30:00,34.894,34.923,34.893,34.909
2023-08-09 12:00:00,34.908,34.923,34.9,34.921
2023-08-09 12:30:00,34.922,34.954,34.917,34.931
2023-08-09 13:00:00,34.932,34.947,34.928,34.943
2023-08-09 13:30:00,34.943,34.964,34.893,34.927
2023-08-09 14:00:00,34.925,34.961,34.92,34.949
2023-08-09 14:30:00,34.948,34.964,34.929,34.964
2023-08-09 15:00:00,34.963,35.016,34.963,35.0
2023-08-09 15:30:00,35.0,35.006,34.967,34.973
2023-08-09 16:00:00,34.972,35.0,34.955,34.99
2023-08-09 16:30:00,34.991,35.004,34.977,34.988
2023-08-09 17:00:00,34.987,35.0,34.956,34.997
2023-08-09 17:30:00,34.997,35.06,34.996,35.044
2023-08-09 18:00:00,35.043,35.073,35.039,35.064
2023-08-09 18:30:00,35.063,35.067,35.041,35.066
2023-08-09 19:00:00,35.065,35.069,35.038,35.059
2023-08-09 19:30:00,35.061,35.067,35.046,35.061
2023-08-09 20:00:00,35.06,35.063,35.055,35.062
2023-08-09 20:30:00,35.061,35.066,35.057,35.057
2023-08-09 21:00:00,35.058,35.064,35.057,35.06
2023-08-09 21:30:00,35.06,35.075,35.058,35.073
2023-08-09 22:00:00,35.073,35.073,35.052,35.057
2023-08-09 22:30:00,35.057,35.084,35.055,35.084
2023-08-09 23:00:00,35.085,35.09,35.076,35.076
2023-08-09 23:30:00,35.077,35.085,35.03,35.052
2023-08-10 00:00:00,35.041,35.062,35.034,35.06
2023-08-10 00:30:00,35.049,35.06,35.046,35.056
2023-08-10 01:00:00,35.055,35.071,35.054,35.071
2023-08-10 01:30:00,35.071,35.08,35.071,35.08
2023-08-10 02:00:00,35.08,35.086,35.064,35.07
2023-08-10 02:30:00,35.076,35.089,35.056,35.077
2023-08-10 03:00:00,35.08,35.104,35.077,35.087
2023-08-10 03:30:00,35.088,35.107,35.041,35.07
2023-08-10 04:00:00,35.069,35.089,35.051,35.053
2023-08-10 04:30:00,35.052,35.061,35.02,35.053
2023-08-10 05:00:00,35.053,35.067,35.038,35.061
2023-08-10 05:30:00,35.06,35.098,35.06,35.094
2023-08-10 06:00:00,35.095,35.105,35.085,35.103
2023-08-10 06:30:00,35.103,35.135,35.099,35.134
2023-08-10 07:00:00,35.134,35.143,35.105,35.124
2023-08-10 07:30:00,35.124,35.157,35.122,35.15
2023-08-10 08:00:00,35.15,35.156,35.128,35.128
2023-08-10 08:30:00,35.129,35.142,35.121,35.139
2023-08-10 09:00:00,35.139,35.142,35.096,35.1
2023-08-10 09:30:00,35.099,35.113,35.09,35.094
2023-08-10 10:00:00,35.096,35.096,35.045,35.065
2023-08-10 10:30:00,35.065,35.094,35.06,35.083
2023-08-10 11:00:00,35.084,35.085,35.036,35.054
2023-08-10 11:30:00,35.054,35.089,35.022,35.08
2023-08-10 12:00:00,35.081,35.104,35.075,35.094
2023-08-10 12:30:00,35.094,35.117,35.091,35.104
2023-08-10 13:00:00,35.102,35.11,35.089,35.099
2023-08-10 13:30:00,35.099,35.102,35.06,35.078
2023-08-10 14:00:00,35.079,35.083,35.047,35.053
2023-08-10 14:30:00,35.053,35.059,35.026,35.029
2023-08-10 15:00:00,35.028,35.03,34.984,34.984
2023-08-10 15:30:00,34.988,35.036,34.867,34.92
2023-08-10 16:00:00,34.919,35.017,34.908,34.993
2023-08-10 16:30:00,34.993,35.027,34.976,34.993
2023-08-10 17:00:00,34.993,35.083,34.989,35.057
2023-08-10 17:30:00,35.056,35.127,35.056,35.116
2023-08-10 18:00:00,35.116,35.134,35.083,35.088
2023-08-10 18:30:00,35.086,35.095,35.071,35.072
2023-08-10 19:00:00,35.073,35.073,35.038,35.07
2023-08-10 19:30:00,35.071,35.076,35.037,35.041
2023-08-10 20:00:00,35.042,35.078,35.023,35.078
2023-08-10 20:30:00,35.078,35.123,35.069,35.115
2023-08-10 21:00:00,35.115,35.129,35.112,35.126
2023-08-10 21:30:00,35.126,35.128,35.108,35.108
2023-08-10 22:00:00,35.107,35.132,35.107,35.129
2023-08-10 22:30:00,35.128,35.131,35.127,35.13
2023-08-10 23:00:00,35.131,35.132,35.119,35.12
2023-08-10 23:30:00,35.119,35.122,35.089,35.092
2023-08-11 00:00:00,35.105,35.108,35.014,35.032
2023-08-11 00:30:00,35.032,35.081,35.032,35.078
2023-08-11 01:00:00,35.077,35.091,35.071,35.088
2023-08-11 01:30:00,35.088,35.097,35.088,35.092
2023-08-11 02:00:00,35.092,35.13,35.092,35.105
2023-08-11 02:30:00,35.106,35.134,35.105,35.131
2023-08-11 03:00:00,35.13,35.161,35.13,35.151
2023-08-11 03:30:00,35.151,35.167,35.144,35.149
2023-08-11 04:00:00,35.149,35.152,35.082,35.117
2023-08-11 04:30:00,35.115,35.125,35.092,35.115
2023-08-11 05:00:00,35.115,35.157,35.115,35.15
2023-08-11 05:30:00,35.149,35.181,35.149,35.173
2023-08-11 06:00:00,35.172,35.175,35.145,35.168
2023-08-11 06:30:00,35.169,35.191,35.141,35.152
2023-08-11 07:00:00,35.153,35.17,35.142,35.16
2023-08-11 07:30:00,35.161,35.164,35.126,35.129
2023-08-11 08:00:00,35.128,35.14,35.1,35.115
2023-08-11 08:30:00,35.114,35.119,35.07,35.102
2023-08-11 09:00:00,35.101,35.119,35.08,35.105
2023-08-11 09:30:00,35.106,35.12,35.089,35.12
2023-08-11 10:00:00,35.119,35.122,35.082,35.082
2023-08-11 10:30:00,35.082,35.091,35.019,35.075
2023-08-11 11:00:00,35.075,35.085,35.045,35.063
2023-08-11 11:30:00,35.064,35.107,35.05,35.052
2023-08-11 12:00:00,35.05,35.065,35.025,35.063
2023-08-11 12:30:00,35.06,35.081,35.044,35.081
2023-08-11 13:00:00,35.081,35.083,35.06,35.063
2023-08-11 13:30:00,35.062,35.072,35.051,35.066
2023-08-11 14:00:00,35.065,35.071,35.048,35.05
2023-08-11 14:30:00,35.05,35.053,35.043,35.043
2023-08-11 15:00:00,35.044,35.047,35.028,35.032
2023-08-11 15:30:00,35.033,35.124,35.015,35.094
2023-08-11 16:00:00,35.093,35.095,35.035,35.052
2023-08-11 16:30:00,35.053,35.056,35.035,35.052
2023-08-11 17:00:00,35.05,35.074,35.028,35.042
2023-08-11 17:30:00,35.043,35.091,35.033,35.077
2023-08-11 18:00:00,35.077,35.133,35.065,35.13
2023-08-11 18:30:00,35.131,35.139,35.123,35.126
2023-08-11 19:00:00,35.126,35.146,35.113,35.133
2023-08-11 19:30:00,35.133,35.154,35.132,35.144
2023-08-11 20:00:00,35.145,35.147,35.13,35.13
2023-08-11 20:30:00,35.131,35.145,35.131,35.14
2023-08-11 21:00:00,35.14,35.141,35.13,35.131
2023-08-11 21:30:00,35.126,35.143,35.125,35.14
2023-08-11 22:00:00,35.14,35.141,35.123,35.124
2023-08-11 22:30:00,35.125,35.138,35.12,35.138
2023-08-11 23:00:00,35.127,35.13,35.109,35.111
2023-08-11 23:30:00,35.115,35.115,34.783,34.783
2023-08-14 00:00:00,35.028,35.063,34.961,35.06
2023-08-14 00:30:00,35.043,35.069,35.036,35.06
2023-08-14 01:00:00,35.062,35.08,35.057,35.075
2023-08-14 01:30:00,35.071,35.092,35.068,35.091
2023-08-14 02:00:00,35.09,35.111,35.086,35.11
2023-08-14 02:30:00,35.109,35.12,35.109,35.119
2023-08-14 03:00:00,35.12,35.174,35.117,35.173
2023-08-14 03:30:00,35.175,35.199,35.165,35.18
2023-08-14 04:00:00,35.181,35.197,35.159,35.179
2023-08-14 04:30:00,35.178,35.188,35.148,35.152
2023-08-14 05:00:00,35.153,35.182,35.15,35.179
2023-08-14 05:30:00,35.18,35.18,35.16,35.174
2023-08-14 06:00:00,35.173,35.193,35.173,35.192
2023-08-14 06:30:00,35.192,35.195,35.181,35.181
2023-08-14 07:00:00,35.18,35.185,35.161,35.178
2023-08-14 07:30:00,35.178,35.186,35.176,35.179
2023-08-14 08:00:00,35.18,35.193,35.174,35.175
2023-08-14 08:30:00,35.174,35.183,35.143,35.145
2023-08-14 09:00:00,35.147,35.165,35.143,35.153
2023-08-14 09:30:00,35.152,35.169,35.152,35.16
2023-08-14 10:00:00,35.16,35.171,35.154,35.166
2023-08-14 10:30:00,35.167,35.167,35.139,35.146
2023-08-14 11:00:00,35.146,35.147,35.122,35.132
2023-08-14 11:30:00,35.131,35.16,35.128,35.16
2023-08-14 12:00:00,35.161,35.163,35.136,35.157
2023-08-14 12:30:00,35.156,35.179,35.156,35.165
2023-08-14 13:00:00,35.166,35.168,35.158,35.161
2023-08-14 13:30:00,35.163,35.167,35.153,35.164
2023-08-14 14:00:00,35.163,35.179,35.163,35.173
2023-08-14 14:30:00,35.172,35.179,35.163,35.169
2023-08-14 15:00:00,35.173,35.251,35.169,35.246
2023-08-14 15:30:00,35.246,35.256,35.229,35.247
2023-08-14 16:00:00,35.248,35.299,35.241,35.297
2023-08-14 16:30:00,35.298,35.336,35.296,35.321
2023-08-14 17:00:00,35.32,35.328,35.261,35.292
2023-08-14 17:30:00,35.293,35.294,35.256,35.285
2023-08-14 18:00:00,35.286,35.287,35.218,35.232
2023-08-14 18:30:00,35.231,35.242,35.228,35.24
2023-08-14 19:00:00,35.241,35.243,35.215,35.228
2023-08-14 19:30:00,35.229,35.233,35.215,35.227
2023-08-14 20:00:00,35.23,35.232,35.224,35.229
2023-08-14 20:30:00,35.228,35.236,35.226,35.23
2023-08-14 21:00:00,35.229,35.229,35.219,35.219
2023-08-14 21:30:00,35.22,35.229,35.219,35.226
2023-08-14 22:00:00,35.227,35.24,35.226,35.236
2023-08-14 22:30:00,35.236,35.237,35.23,35.232
2023-08-14 23:00:00,35.231,35.239,35.231,35.234
2023-08-14 23:30:00,35.231,35.232,35.201,35.229
2023-08-15 00:00:00,35.207,35.229,35.189,35.229
2023-08-15 00:30:00,35.225,35.228,35.2,35.225
2023-08-15 01:00:00,35.226,35.237,35.225,35.237
2023-08-15 01:30:00,35.238,35.252,35.237,35.251
2023-08-15 02:00:00,35.252,35.26,35.243,35.243
2023-08-15 02:30:00,35.242,35.263,35.223,35.229
2023-08-15 03:00:00,35.234,35.261,35.224,35.257
2023-08-15 03:30:00,35.257,35.29,35.253,35.254
2023-08-15 04:00:00,35.254,35.32,35.253,35.288
2023-08-15 04:30:00,35.29,35.342,35.25,35.283
2023-08-15 05:00:00,35.283,35.296,35.259,35.266
2023-08-15 05:30:00,35.267,35.294,35.258,35.279
2023-08-15 06:00:00,35.279,35.284,35.265,35.27
2023-08-15 06:30:00,35.271,35.292,35.26,35.281
2023-08-15 07:00:00,35.28,35.291,35.269,35.286
2023-08-15 07:30:00,35.284,35.298,35.281,35.296
2023-08-15 08:00:00,35.297,35.324,35.295,35.316
2023-08-15 08:30:00,35.317,35.325,35.305,35.307
2023-08-15 09:00:00,35.308,35.31,35.278,35.295
2023-08-15 09:30:00,35.294,35.342,35.287,35.333
2023-08-15 10:00:00,35.332,35.375,35.322,35.369
2023-08-15 10:30:00,35.37,35.395,35.342,35.37
2023-08-15 11:00:00,35.37,35.388,35.36,35.377
2023-08-15 11:30:00,35.377,35.383,35.351,35.376
2023-08-15 12:00:00,35.373,35.387,35.362,35.371
2023-08-15 12:30:00,35.37,35.389,35.341,35.389
2023-08-15 13:00:00,35.389,35.399,35.378,35.397
2023-08-15 13:30:00,35.397,35.404,35.382,35.391
2023-08-15 14:00:00,35.39,35.397,35.383,35.387
2023-08-15 14:30:00,35.386,35.395,35.376,35.389
2023-08-15 15:00:00,35.388,35.425,35.356,35.356
2023-08-15 15:30:00,35.361,35.449,35.347,35.401
2023-08-15 16:00:00,35.4,35.428,35.361,35.378
2023-08-15 16:30:00,35.378,35.434,35.34,35.353
2023-08-15 17:00:00,35.354,35.393,35.339,35.369
2023-08-15 17:30:00,35.368,35.37,35.313,35.33
2023-08-15 18:00:00,35.329,35.381,35.325,35.359
2023-08-15 18:30:00,35.36,35.399,35.353,35.383
2023-08-15 19:00:00,35.382,35.402,35.355,35.373
2023-08-15 19:30:00,35.372,35.388,35.363,35.386
2023-08-15 20:00:00,35.387,35.388,35.384,35.385
2023-08-15 20:30:00,35.385,35.386,35.37,35.37
2023-08-15 21:00:00,35.369,35.38,35.369,35.379
2023-08-15 21:30:00,35.378,35.393,35.369,35.392
2023-08-15 22:00:00,35.392,35.395,35.388,35.394
2023-08-15 22:30:00,35.394,35.417,35.39,35.402
2023-08-15 23:00:00,35.401,35.404,35.393,35.401
2023-08-15 23:30:00,35.397,35.399,35.317,35.322
2023-08-16 00:00:00,35.325,35.329,35.307,35.326
2023-08-16 00:30:00,35.326,35.355,35.318,35.351
2023-08-16 01:00:00,35.347,35.381,35.342,35.381
2023-08-16 01:30:00,35.382,35.396,35.381,35.39
2023-08-16 02:00:00,35.392,35.414,35.376,35.414
2023-08-16 02:30:00,35.414,35.43,35.383,35.419
2023-08-16 03:00:00,35.419,35.466,35.392,35.459
2023-08-16 03:30:00,35.457,35.467,35.44,35.455
2023-08-16 04:00:00,35.454,35.487,35.433,35.439
2023-08-16 04:30:00,35.439,35.439,35.408,35.433
2023-08-16 05:00:00,35.432,35.466,35.432,35.454
2023-08-16 05:30:00,35.453,35.492,35.453,35.478
2023-08-16 06:00:00,35.478,35.486,35.457,35.467
2023-08-16 06:30:00,35.467,35.472,35.457,35.471
2023-08-16 07:00:00,35.472,35.477,35.459,35.462
2023-08-16 07:30:00,35.463,35.478,35.462,35.462
2023-08-16 08:00:00,35.463,35.476,35.446,35.465
2023-08-16 08:30:00,35.465,35.465,35.394,35.407
2023-08-16 09:00:00,35.408,35.426,35.324,35.324
2023-08-16 09:30:00,35.323,35.358,35.323,35.353
2023-08-16 10:00:00,35.354,35.36,35.321,35.34
2023-08-16 10:30:00,35.341,35.345,35.284,35.289
2023-08-16 11:00:00,35.29,35.352,35.289,35.319
2023-08-16 11:30:00,35.32,35.336,35.313,35.316
2023-08-16 12:00:00,35.317,35.356,35.316,35.343
2023-08-16 12:30:00,35.343,35.385,35.337,35.366
2023-08-16 13:00:00,35.367,35.385,35.353,35.363
2023-08-16 13:30:00,35.363,35.382,35.357,35.358
2023-08-16 14:00:00,35.358,35.371,35.357,35.371
2023-08-16 14:30:00,35.371,35.372,35.358,35.365
2023-08-16 15:00:00,35.365,35.383,35.348,35.375
2023-08-16 15:30:00,35.375,35.391,35.367,35.376
2023-08-16 16:00:00,35.377,35.378,35.34,35.349
2023-08-16 16:30:00,35.349,35.351,35.3,35.32
2023-08-16 17:00:00,35.321,35.339,35.309,35.323
2023-08-16 17:30:00,35.321,35.337,35.32,35.332
2023-08-16 18:00:00,35.333,35.355,35.327,35.344
2023-08-16 18:30:00,35.344,35.369,35.337,35.368
2023-08-16 19:00:00,35.364,35.394,35.358,35.394
2023-08-16 19:30:00,35.393,35.405,35.38,35.4
2023-08-16 20:00:00,35.4,35.454,35.4,35.454
2023-08-16 20:30:00,35.456,35.482,35.445,35.445
2023-08-16 21:00:00,35.447,35.489,35.429,35.472
2023-08-16 21:30:00,35.471,35.486,35.46,35.485
2023-08-16 22:00:00,35.488,35.498,35.488,35.493
2023-08-16 22:30:00,35.493,35.506,35.491,35.5
2023-08-16 23:00:00,35.499,35.5,35.497,35.499
2023-08-16 23:30:00,35.497,35.506,35.461,35.474
2023-08-17 00:00:00,35.472,35.472,35.373,35.373
2023-08-17 00:30:00,35.468,35.483,35.456,35.465
2023-08-17 01:00:00,35.466,35.472,35.462,35.466
2023-08-17 01:30:00,35.467,35.472,35.464,35.465
2023-08-17 02:00:00,35.467,35.481,35.466,35.48
2023-08-17 02:30:00,35.484,35.499,35.47,35.499
2023-08-17 03:00:00,35.5,35.518,35.498,35.516
2023-08-17 03:30:00,35.517,35.547,35.496,35.547
2023-08-17 04:00:00,35.547,35.575,35.528,35.563
2023-08-17 04:30:00,35.562,35.574,35.53,35.547
2023-08-17 05:00:00,35.548,35.564,35.54,35.563
2023-08-17 05:30:00,35.562,35.583,35.561,35.57
2023-08-17 06:00:00,35.571,35.583,35.563,35.572
2023-08-17 06:30:00,35.572,35.59,35.57,35.587
2023-08-17 07:00:00,35.59,35.597,35.558,35.559
2023-08-17 07:30:00,35.561,35.568,35.518,35.534
2023-08-17 08:00:00,35.536,35.547,35.518,35.543
2023-08-17 08:30:00,35.543,35.556,35.518,35.52
2023-08-17 09:00:00,35.519,35.534,35.476,35.485
2023-08-17 09:30:00,35.486,35.5,35.433,35.445
2023-08-17 10:00:00,35.444,35.486,35.434,35.47
2023-08-17 10:30:00,35.468,35.483,35.468,35.473
2023-08-17 11:00:00,35.472,35.481,35.454,35.48
2023-08-17 11:30:00,35.479,35.501,35.46,35.499
2023-08-17 12:00:00,35.498,35.524,35.485,35.503
2023-08-17 12:30:00,35.505,35.506,35.435,35.435
2023-08-17 13:00:00,35.435,35.456,35.399,35.433
2023-08-17 13:30:00,35.433,35.444,35.412,35.418
2023-08-17 14:00:00,35.419,35.427,35.383,35.387
2023-08-17 14:30:00,35.386,35.39,35.354,35.359
2023-08-17 15:00:00,35.36,35.423,35.353,35.381
2023-08-17 15:30:00,35.374,35.447,35.366,35.376
2023-08-17 16:00:00,35.375,35.375,35.352,35.361
2023-08-17 16:30:00,35.363,35.446,35.357,35.444
2023-08-17 17:00:00,35.443,35.504,35.442,35.502
2023-08-17 17:30:00,35.502,35.515,35.486,35.488
2023-08-17 18:00:00,35.492,35.501,35.436,35.471
2023-08-17 18:30:00,35.471,35.519,35.456,35.518
2023-08-17 19:00:00,35.517,35.527,35.476,35.482
2023-08-17 19:30:00,35.482,35.518,35.472,35.479
2023-08-17 20:00:00,35.478,35.533,35.475,35.532
2023-08-17 20:30:00,35.533,35.542,35.522,35.532
2023-08-17 21:00:00,35.533,35.534,35.513,35.513
2023-08-17 21:30:00,35.513,35.53,35.512,35.525
2023-08-17 22:00:00,35.526,35.532,35.523,35.53
2023-08-17 22:30:00,35.529,35.532,35.474,35.474
2023-08-17 23:00:00,35.477,35.494,35.477,35.494
2023-08-17 23:30:00,35.493,35.505,35.43,35.436
2023-08-18 00:00:00,35.436,35.455,35.436,35.451
2023-08-18 00:30:00,35.448,35.456,35.441,35.455
2023-08-18 01:00:00,35.457,35.484,35.45,35.484
2023-08-18 01:30:00,35.485,35.494,35.484,35.485
2023-08-18 02:00:00,35.485,35.517,35.485,35.495
2023-08-18 02:30:00,35.496,35.502,35.464,35.468
2023-08-18 03:00:00,35.469,35.483,35.419,35.425
2023-08-18 03:30:00,35.426,35.426,35.351,35.367
2023-08-18 04:00:00,35.367,35.406,35.353,35.361
2023-08-18 04:30:00,35.361,35.375,35.33,35.374
2023-08-18 05:00:00,35.374,35.395,35.351,35.379
2023-08-18 05:30:00,35.378,35.419,35.377,35.41
2023-08-18 06:00:00,35.411,35.446,35.409,35.428
2023-08-18 06:30:00,35.427,35.432,35.391,35.416
2023-08-18 07:00:00,35.416,35.434,35.399,35.423
2023-08-18 07:30:00,35.424,35.445,35.414,35.425
2023-08-18 08:00:00,35.425,35.442,35.419,35.432
2023-08-18 08:30:00,35.432,35.437,35.388,35.396
2023-08-18 09:00:00,35.395,35.42,35.377,35.401
2023-08-18 09:30:00,35.4,35.419,35.393,35.41
2023-08-18 10:00:00,35.409,35.412,35.366,35.375
2023-08-18 10:30:00,35.374,35.387,35.356,35.375
2023-08-18 11:00:00,35.375,35.394,35.353,35.386
2023-08-18 11:30:00,35.385,35.413,35.374,35.385
2023-08-18 12:00:00,35.387,35.395,35.371,35.371
2023-08-18 12:30:00,35.372,35.385,35.363,35.37
2023-08-18 13:00:00,35.371,35.373,35.332,35.346
2023-08-18 13:30:00,35.346,35.371,35.34,35.369
2023-08-18 14:00:00,35.37,35.377,35.351,35.356
2023-08-18 14:30:00,35.355,35.366,35.34,35.344
2023-08-18 15:00:00,35.343,35.405,35.338,35.396
2023-08-18 15:30:00,35.395,35.416,35.382,35.39
2023-08-18 16:00:00,35.388,35.401,35.353,35.361
2023-08-18 16:30:00,35.362,35.382,35.343,35.357
2023-08-18 17:00:00,35.356,35.363,35.349,35.358
2023-08-18 17:30:00,35.359,35.394,35.358,35.388
2023-08-18 18:00:00,35.389,35.411,35.37,35.384
2023-08-18 18:30:00,35.383,35.384,35.357,35.361
2023-08-18 19:00:00,35.358,35.39,35.35,35.368
2023-08-18 19:30:00,35.368,35.422,35.352,35.398
2023-08-18 20:00:00,35.397,35.425,35.393,35.425
2023-08-18 20:30:00,35.425,35.426,35.388,35.392
2023-08-18 21:00:00,35.393,35.395,35.392,35.393
2023-08-18 21:30:00,35.392,35.397,35.389,35.391
2023-08-18 22:00:00,35.39,35.407,35.39,35.404
2023-08-18 22:30:00,35.405,35.416,35.399,35.402
2023-08-18 23:00:00,35.402,35.421,35.4,35.409
2023-08-18 23:30:00,35.408,35.41,35.33,35.338
2023-08-21 00:00:00,35.344,35.347,35.344,35.347
2023-08-21 00:30:00,35.354,35.363,35.346,35.357
2023-08-21 01:00:00,35.356,35.366,35.349,35.36
2023-08-21 01:30:00,35.362,35.372,35.357,35.362
2023-08-21 02:00:00,35.363,35.389,35.356,35.386
2023-08-21 02:30:00,35.387,35.402,35.359,35.375
2023-08-21 03:00:00,35.376,35.377,35.35,35.352
2023-08-21 03:30:00,35.353,35.369,35.35,35.362
2023-08-21 04:00:00,35.363,35.424,35.36,35.381
2023-08-21 04:30:00,35.382,35.398,35.36,35.374
2023-08-21 05:00:00,35.375,35.38,35.269,35.284
2023-08-21 05:30:00,35.283,35.34,35.281,35.33
2023-08-21 06:00:00,35.329,35.365,35.306,35.324
2023-08-21 06:30:00,35.326,35.326,35.312,35.323
2023-08-21 07:00:00,35.322,35.333,35.279,35.284
2023-08-21 07:30:00,35.28,35.284,35.25,35.261
2023-08-21 08:00:00,35.261,35.273,35.215,35.245
2023-08-21 08:30:00,35.243,35.278,35.243,35.271
2023-08-21 09:00:00,35.27,35.284,35.262,35.268
2023-08-21 09:30:00,35.267,35.296,35.264,35.267
2023-08-21 10:00:00,35.267,35.274,35.238,35.26
2023-08-21 10:30:00,35.261,35.268,35.249,35.25
2023-08-21 11:00:00,35.251,35.266,35.233,35.257
2023-08-21 11:30:00,35.258,35.258,35.212,35.216
2023-08-21 12:00:00,35.217,35.226,35.161,35.168
2023-08-21 12:30:00,35.167,35.19,35.152,35.169
2023-08-21 13:00:00,35.169,35.193,35.162,35.187
2023-08-21 13:30:00,35.188,35.196,35.175,35.184
2023-08-21 14:00:00,35.184,35.189,35.158,35.16
2023-08-21 14:30:00,35.16,35.161,35.108,35.116
2023-08-21 15:00:00,35.116,35.151,35.103,35.146
2023-08-21 15:30:00,35.145,35.152,35.102,35.128
2023-08-21 16:00:00,35.128,35.149,35.118,35.144
2023-08-21 16:30:00,35.143,35.212,35.133,35.205
2023-08-21 17:00:00,35.206,35.287,35.195,35.271
2023-08-21 17:30:00,35.272,35.306,35.263,35.293
2023-08-21 18:00:00,35.294,35.303,35.261,35.266
2023-08-21 18:30:00,35.266,35.269,35.251,35.251
2023-08-21 19:00:00,35.254,35.255,35.229,35.229
2023-08-21 19:30:00,35.231,35.24,35.228,35.229
2023-08-21 20:00:00,35.23,35.234,35.218,35.221
2023-08-21 20:30:00,35.222,35.225,35.22,35.224
2023-08-21 21:00:00,35.223,35.224,35.196,35.199
2023-08-21 21:30:00,35.198,35.204,35.196,35.198
2023-08-21 22:00:00,35.199,35.207,35.197,35.201
2023-08-21 22:30:00,35.201,35.222,35.198,35.214
2023-08-21 23:00:00,35.213,35.213,35.197,35.198
2023-08-21 23:30:00,35.197,35.207,35.163,35.165
2023-08-22 00:00:00,35.165,35.167,35.121,35.166
2023-08-22 00:30:00,35.182,35.191,35.164,35.189
2023-08-22 01:00:00,35.194,35.194,35.172,35.184
2023-08-22 01:30:00,35.184,35.192,35.184,35.188
2023-08-22 02:00:00,35.188,35.195,35.182,35.191
2023-08-22 02:30:00,35.189,35.199,35.172,35.178
2023-08-22 03:00:00,35.179,35.197,35.169,35.176
2023-08-22 03:30:00,35.176,35.188,35.12,35.13
2023-08-22 04:00:00,35.13,35.154,35.064,35.079
2023-08-22 04:30:00,35.08,35.12,35.058,35.099
2023-08-22 05:00:00,35.099,35.099,35.057,35.066
2023-08-22 05:30:00,35.065,35.108,35.057,35.082
2023-08-22 06:00:00,35.083,35.093,35.052,35.08
2023-08-22 06:30:00,35.08,35.095,35.075,35.095
2023-08-22 07:00:00,35.096,35.124,35.085,35.124
2023-08-22 07:30:00,35.124,35.153,35.122,35.133
2023-08-22 08:00:00,35.132,35.138,35.103,35.112
2023-08-22 08:30:00,35.112,35.143,35.112,35.117
2023-08-22 09:00:00,35.117,35.118,35.066,35.082
2023-08-22 09:30:00,35.081,35.125,35.074,35.114
2023-08-22 10:00:00,35.114,35.123,35.063,35.068
2023-08-22 10:30:00,35.067,35.08,34.992,34.999
2023-08-22 11:00:00,34.998,35.066,34.996,35.052
2023-08-22 11:30:00,35.053,35.055,34.964,34.967
2023-08-22 12:00:00,34.966,34.98,34.911,34.972
2023-08-22 12:30:00,34.973,34.974,34.923,34.953
2023-08-22 13:00:00,34.953,34.993,34.93,34.975
2023-08-22 13:30:00,34.973,35.002,34.956,34.998
2023-08-22 14:00:00,34.998,35.032,34.997,35.03
2023-08-22 14:30:00,35.028,35.033,35.004,35.017
2023-08-22 15:00:00,35.018,35.03,35.005,35.025
2023-08-22 15:30:00,35.027,35.056,35.013,35.046
2023-08-22 16:00:00,35.047,35.062,35.023,35.04
2023-08-22 16:30:00,35.039,35.117,35.034,35.11
2023-08-22 17:00:00,35.111,35.111,35.055,35.082
2023-08-22 17:30:00,35.08,35.084,35.047,35.072
2023-08-22 18:00:00,35.072,35.078,35.052,35.054
2023-08-22 18:30:00,35.053,35.053,34.99,35.004
2023-08-22 19:00:00,35.005,35.032,34.993,35.019
2023-08-22 19:30:00,35.018,35.022,35.017,35.018
2023-08-22 20:00:00,35.019,35.061,35.017,35.032
2023-08-22 20:30:00,35.033,35.062,35.023,35.054
2023-08-22 21:00:00,35.051,35.054,35.028,35.03
2023-08-22 21:30:00,35.028,35.032,34.995,35.006
2023-08-22 22:00:00,35.007,35.012,35.004,35.009
2023-08-22 22:30:00,35.008,35.012,34.998,35.007
2023-08-22 23:00:00,35.007,35.009,34.985,34.986
2023-08-22 23:30:00,34.984,34.996,34.965,34.965
2023-08-23 00:00:00,34.955,34.988,34.952,34.965
2023-08-23 00:30:00,34.97,34.996,34.965,34.992
2023-08-23 01:00:00,34.991,35.0,34.988,34.994
2023-08-23 01:30:00,34.995,35.012,34.982,35.011
2023-08-23 02:00:00,35.012,35.023,34.993,35.017
2023-08-23 02:30:00,35.016,35.024,35.007,35.017
2023-08-23 03:00:00,35.018,35.027,34.973,34.975
2023-08-23 03:30:00,34.976,35.013,34.959,34.989
2023-08-23 04:00:00,34.987,35.004,34.903,34.908
2023-08-23 04:30:00,34.909,34.936,34.879,34.888
2023-08-23 05:00:00,34.889,34.914,34.87,34.901
2023-08-23 05:30:00,34.901,34.923,34.883,34.916
2023-08-23 06:00:00,34.917,34.96,34.916,34.955
2023-08-23 06:30:00,34.954,34.954,34.909,34.933
2023-08-23 07:00:00,34.934,34.939,34.91,34.918
2023-08-23 07:30:00,34.919,34.933,34.898,34.903
2023-08-23 08:00:00,34.902,34.923,34.891,34.92
2023-08-23 08:30:00,34.919,34.94,34.912,34.915
2023-08-23 09:00:00,34.916,34.943,34.915,34.942
2023-08-23 09:30:00,34.942,34.98,34.933,34.977
2023-08-23 10:00:00,34.977,34.997,34.958,34.978
2023-08-23 10:30:00,34.977,35.046,34.977,34.983
2023-08-23 11:00:00,34.984,35.012,34.966,35.005
2023-08-23 11:30:00,35.007,35.031,35.004,35.02
2023-08-23 12:00:00,35.018,35.064,35.014,35.06
2023-08-23 12:30:00,35.059,35.079,35.053,35.061
2023-08-23 13:00:00,35.06,35.09,35.055,35.088
2023-08-23 13:30:00,35.088,35.123,35.087,35.111
2023-08-23 14:00:00,35.108,35.121,35.093,35.093
2023-08-23 14:30:00,35.093,35.112,35.08,35.107
2023-08-23 15:00:00,35.106,35.117,35.085,35.087
2023-08-23 15:30:00,35.086,35.111,35.067,35.111
2023-08-23 16:00:00,35.111,35.115,35.033,35.045
2023-08-23 16:30:00,35.044,35.052,34.927,34.938
2023-08-23 17:00:00,34.937,34.971,34.932,34.941
2023-08-23 17:30:00,34.942,34.971,34.94,34.97
2023-08-23 18:00:00,34.97,34.971,34.935,34.946
2023-08-23 18:30:00,34.946,34.954,34.945,34.947
2023-08-23 19:00:00,34.946,34.96,34.938,34.939
2023-08-23 19:30:00,34.939,34.945,34.928,34.938
2023-08-23 20:00:00,34.937,34.947,34.931,34.934
2023-08-23 20:30:00,34.933,34.941,34.928,34.932
2023-08-23 21:00:00,34.935,34.945,34.93,34.934
2023-08-23 21:30:00,34.933,34.945,34.933,34.94
2023-08-23 22:00:00,34.943,34.944,34.937,34.938
2023-08-23 22:30:00,34.938,34.945,34.936,34.939
2023-08-23 23:00:00,34.938,34.948,34.918,34.919
2023-08-23 23:30:00,34.926,34.927,34.88,34.88
2023-08-24 00:00:00,34.868,34.909,34.868,34.904
2023-08-24 00:30:00,34.908,34.921,34.904,34.92
2023-08-24 01:00:00,34.919,34.953,34.884,34.938
2023-08-24 01:30:00,34.943,34.946,34.938,34.939
2023-08-24 02:00:00,34.938,34.941,34.92,34.932
2023-08-24 02:30:00,34.932,34.948,34.924,34.937
2023-08-24 03:00:00,34.934,34.935,34.86,34.871
2023-08-24 03:30:00,34.872,34.892,34.84,34.841
2023-08-24 04:00:00,34.842,34.934,34.833,34.93
2023-08-24 04:30:00,34.931,34.944,34.891,34.943
2023-08-24 05:00:00,34.944,34.97,34.928,34.96
2023-08-24 05:30:00,34.959,34.959,34.901,34.912
2023-08-24 06:00:00,34.913,34.929,34.854,34.863
2023-08-24 06:30:00,34.86,34.895,34.858,34.872
2023-08-24 07:00:00,34.873,34.904,34.872,34.902
2023-08-24 07:30:00,34.903,34.912,34.853,34.858
2023-08-24 08:00:00,34.858,34.87,34.852,34.864
2023-08-24 08:30:00,34.863,34.885,34.863,34.882
2023-08-24 09:00:00,34.881,34.901,34.876,34.898
2023-08-24 09:30:00,34.899,34.915,34.891,34.906
2023-08-24 10:00:00,34.905,34.908,34.851,34.864
2023-08-24 10:30:00,34.865,34.906,34.864,34.898
2023-08-24 11:00:00,34.898,34.933,34.888,34.931
2023-08-24 11:30:00,34.932,34.973,34.931,34.968
2023-08-24 12:00:00,34.968,34.968,34.941,34.952
2023-08-24 12:30:00,34.952,35.011,34.95,34.996
2023-08-24 13:00:00,34.996,34.998,34.974,34.986
2023-08-24 13:30:00,34.986,34.996,34.963,34.967
2023-08-24 14:00:00,34.97,34.983,34.965,34.976
2023-08-24 14:30:00,34.977,35.027,34.976,35.024
2023-08-24 15:00:00,35.024,35.035,34.96,34.962
2023-08-24 15:30:00,34.96,35.02,34.958,35.013
2023-08-24 16:00:00,35.013,35.027,35.009,35.017
2023-08-24 16:30:00,35.016,35.023,34.961,34.966
2023-08-24 17:00:00,34.965,34.982,34.929,34.956
2023-08-24 17:30:00,34.956,34.977,34.929,34.951
2023-08-24 18:00:00,34.951,34.972,34.943,34.971
2023-08-24 18:30:00,34.971,34.982,34.961,34.963
2023-08-24 19:00:00,34.96,34.974,34.955,34.971
2023-08-24 19:30:00,34.971,34.988,34.971,34.984
2023-08-24 20:00:00,34.984,34.989,34.972,34.972
2023-08-24 20:30:00,34.973,35.004,34.972,35.003
2023-08-24 21:00:00,35.003,35.003,34.984,34.986
2023-08-24 21:30:00,34.986,35.02,34.986,35.015
2023-08-24 22:00:00,35.015,35.016,35.014,35.015
2023-08-24 22:30:00,35.015,35.021,35.011,35.017
2023-08-24 23:00:00,35.018,35.02,35.009,35.016
2023-08-24 23:30:00,35.014,35.014,34.939,34.939
2023-08-25 00:00:00,34.95,34.955,34.873,34.939
2023-08-25 00:30:00,34.939,34.966,34.939,34.961
2023-08-25 01:00:00,34.962,34.978,34.962,34.978
2023-08-25 01:30:00,34.979,34.992,34.977,34.992
2023-08-25 02:00:00,34.991,35.024,34.991,35.019
2023-08-25 02:30:00,35.021,35.034,35.014,35.033
2023-08-25 03:00:00,35.033,35.055,35.025,35.052
2023-08-25 03:30:00,35.052,35.078,35.001,35.041
2023-08-25 04:00:00,35.04,35.076,35.028,35.035
2023-08-25 04:30:00,35.036,35.065,35.034,35.059
2023-08-25 05:00:00,35.059,35.082,35.056,35.067
2023-08-25 05:30:00,35.067,35.115,35.062,35.083
2023-08-25 06:00:00,35.081,35.159,35.073,35.11
2023-08-25 06:30:00,35.11,35.187,35.109,35.187
2023-08-25 07:00:00,35.186,35.186,35.136,35.153
2023-08-25 07:30:00,35.153,35.158,35.129,35.129
2023-08-25 08:00:00,35.13,35.141,35.121,35.125
2023-08-25 08:30:00,35.124,35.134,35.084,35.1
2023-08-25 09:00:00,35.098,35.131,35.095,35.103
2023-08-25 09:30:00,35.105,35.144,35.094,35.125
2023-08-25 10:00:00,35.124,35.127,35.108,35.121
2023-08-25 10:30:00,35.121,35.135,35.096,35.123
2023-08-25 11:00:00,35.124,35.132,35.117,35.125
2023-08-25 11:30:00,35.124,35.135,35.102,35.103
2023-08-25 12:00:00,35.104,35.108,35.094,35.101
2023-08-25 12:30:00,35.102,35.11,35.094,35.098
2023-08-25 13:00:00,35.099,35.122,35.096,35.108
2023-08-25 13:30:00,35.108,35.11,35.084,35.085
2023-08-25 14:00:00,35.086,35.093,35.08,35.083
2023-08-25 14:30:00,35.081,35.094,35.068,35.073
2023-08-25 15:00:00,35.071,35.073,35.033,35.044
2023-08-25 15:30:00,35.045,35.071,35.041,35.065
2023-08-25 16:00:00,35.065,35.099,35.064,35.085
2023-08-25 16:30:00,35.087,35.126,35.083,35.084
2023-08-25 17:00:00,35.083,35.128,35.002,35.123
2023-08-25 17:30:00,35.122,35.181,35.117,35.174
2023-08-25 18:00:00,35.174,35.192,35.125,35.131
2023-08-25 18:30:00,35.132,35.144,35.093,35.138
2023-08-25 19:00:00,35.137,35.137,35.115,35.127
2023-08-25 19:30:00,35.127,35.14,35.125,35.135
2023-08-25 20:00:00,35.135,35.135,35.121,35.131
2023-08-25 20:30:00,35.131,35.135,35.128,35.128
2023-08-25 21:00:00,35.128,35.133,35.115,35.12
2023-08-25 21:30:00,35.122,35.159,35.116,35.136
2023-08-25 22:00:00,35.135,35.135,35.098,35.116
2023-08-25 22:30:00,35.118,35.121,35.101,35.118
2023-08-25 23:00:00,35.118,35.122,35.116,35.122
2023-08-25 23:30:00,35.121,35.121,35.062,35.062
2023-08-28 00:00:00,35.09,35.118,35.086,35.109
2023-08-28 00:30:00,35.108,35.108,35.056,35.105
2023-08-28 01:00:00,35.105,35.107,35.098,35.101
2023-08-28 01:30:00,35.1,35.105,35.086,35.089
2023-08-28 02:00:00,35.086,35.116,35.078,35.094
2023-08-28 02:30:00,35.093,35.1,35.075,35.1
2023-08-28 03:00:00,35.101,35.107,35.078,35.093
2023-08-28 03:30:00,35.093,35.125,35.079,35.124
2023-08-28 04:00:00,35.123,35.125,35.091,35.118
2023-08-28 04:30:00,35.117,35.201,35.115,35.2
2023-08-28 05:00:00,35.199,35.235,35.184,35.232
2023-08-28 05:30:00,35.233,35.26,35.225,35.255
2023-08-28 06:00:00,35.254,35.275,35.234,35.242
2023-08-28 06:30:00,35.243,35.285,35.241,35.257
2023-08-28 07:00:00,35.257,35.27,35.233,35.26
2023-08-28 07:30:00,35.259,35.272,35.249,35.258
2023-08-28 08:00:00,35.259,35.264,35.211,35.223
2023-08-28 08:30:00,35.224,35.238,35.204,35.235
2023-08-28 09:00:00,35.234,35.246,35.211,35.244
2023-08-28 09:30:00,35.244,35.254,35.218,35.237
2023-08-28 10:00:00,35.238,35.283,35.235,35.275
2023-08-28 10:30:00,35.275,35.285,35.254,35.272
2023-08-28 11:00:00,35.273,35.286,35.262,35.278
2023-08-28 11:30:00,35.278,35.28,35.252,35.262
2023-08-28 12:00:00,35.261,35.266,35.252,35.264
2023-08-28 12:30:00,35.264,35.266,35.244,35.26
2023-08-28 13:00:00,35.261,35.268,35.254,35.261
2023-08-28 13:30:00,35.262,35.273,35.257,35.269
2023-08-28 14:00:00,35.269,35.288,35.26,35.283
2023-08-28 14:30:00,35.282,35.293,35.275,35.291
2023-08-28 15:00:00,35.291,35.292,35.262,35.266
2023-08-28 15:30:00,35.267,35.271,35.236,35.246
2023-08-28 16:00:00,35.248,35.277,35.24,35.265
2023-08-28 16:30:00,35.264,35.281,35.229,35.246
2023-08-28 17:00:00,35.247,35.256,35.225,35.227
2023-08-28 17:30:00,35.228,35.255,35.228,35.245
2023-08-28 18:00:00,35.245,35.256,35.218,35.226
2023-08-28 18:30:00,35.224,35.226,35.179,35.187
2023-08-28 19:00:00,35.184,35.217,35.183,35.206
2023-08-28 19:30:00,35.207,35.215,35.207,35.211
2023-08-28 20:00:00,35.211,35.238,35.211,35.235
2023-08-28 20:30:00,35.236,35.24,35.23,35.236
2023-08-28 21:00:00,35.235,35.239,35.234,35.236
2023-08-28 21:30:00,35.237,35.254,35.237,35.254
2023-08-28 22:00:00,35.255,35.258,35.233,35.233
2023-08-28 22:30:00,35.235,35.25,35.229,35.236
2023-08-28 23:00:00,35.235,35.24,35.23,35.234
2023-08-28 23:30:00,35.233,35.236,35.179,35.186
2023-08-29 00:00:00,35.187,35.187,35.146,35.186
2023-08-29 00:30:00,35.188,35.203,35.188,35.196
2023-08-29 01:00:00,35.198,35.215,35.194,35.214
2023-08-29 01:30:00,35.212,35.235,35.208,35.226
2023-08-29 02:00:00,35.227,35.227,35.214,35.216
2023-08-29 02:30:00,35.217,35.234,35.213,35.229
2023-08-29 03:00:00,35.231,35.231,35.177,35.206
2023-08-29 03:30:00,35.206,35.265,35.204,35.259
2023-08-29 04:00:00,35.26,35.261,35.213,35.24
2023-08-29 04:30:00,35.239,35.242,35.197,35.227
2023-08-29 05:00:00,35.226,35.234,35.214,35.224
2023-08-29 05:30:00,35.225,35.225,35.158,35.158
2023-08-29 06:00:00,35.158,35.181,35.139,35.143
2023-08-29 06:30:00,35.144,35.176,35.14,35.164
2023-08-29 07:00:00,35.165,35.185,35.16,35.174
2023-08-29 07:30:00,35.172,35.177,35.163,35.171
2023-08-29 08:00:00,35.17,35.177,35.162,35.167
2023-08-29 08:30:00,35.167,35.168,35.144,35.161
2023-08-29 09:00:00,35.162,35.188,35.16,35.172
2023-08-29 09:30:00,35.173,35.185,35.16,35.179
2023-08-29 10:00:00,35.18,35.18,35.163,35.166
2023-08-29 10:30:00,35.165,35.173,35.139,35.168
2023-08-29 11:00:00,35.167,35.17,35.143,35.155
2023-08-29 11:30:00,35.156,35.16,35.12,35.146
2023-08-29 12:00:00,35.145,35.165,35.137,35.153
2023-08-29 12:30:00,35.152,35.154,35.116,35.128
2023-08-29 13:00:00,35.128,35.163,35.119,35.163
2023-08-29 13:30:00,35.162,35.174,35.148,35.172
2023-08-29 14:00:00,35.172,35.185,35.169,35.183
2023-08-29 14:30:00,35.182,35.206,35.173,35.205
2023-08-29 15:00:00,35.206,35.234,35.193,35.222
2023-08-29 15:30:00,35.221,35.234,35.203,35.219
2023-08-29 16:00:00,35.219,35.227,35.205,35.22
2023-08-29 16:30:00,35.221,35.233,35.189,35.189
2023-08-29 17:00:00,35.19,35.19,35.032,35.043
2023-08-29 17:30:00,35.042,35.084,35.027,35.051
2023-08-29 18:00:00,35.053,35.055,35.015,35.029
2023-08-29 18:30:00,35.028,35.038,35.011,35.021
2023-08-29 19:00:00,35.019,35.025,35.0,35.021
2023-08-29 19:30:00,35.021,35.039,35.008,35.009
2023-08-29 20:00:00,35.01,35.014,34.983,34.993
2023-08-29 20:30:00,34.993,35.008,34.982,34.997
2023-08-29 21:00:00,34.997,35.048,34.997,35.039
2023-08-29 21:30:00,35.03,35.033,35.01,35.013
2023-08-29 22:00:00,35.012,35.019,34.988,34.996
2023-08-29 22:30:00,34.995,34.999,34.986,34.988
2023-08-29 23:00:00,34.987,34.991,34.981,34.983
2023-08-29 23:30:00,34.984,35.021,34.975,34.978
2023-08-30 00:00:00,34.979,34.987,34.929,34.973
2023-08-30 00:30:00,34.973,34.99,34.973,34.986
2023-08-30 01:00:00,34.984,34.995,34.965,34.994
2023-08-30 01:30:00,34.995,35.014,34.986,35.006
2023-08-30 02:00:00,35.005,35.03,35.003,35.02
2023-08-30 02:30:00,35.02,35.032,34.996,35.012
2023-08-30 03:00:00,35.019,35.025,35.0,35.011
2023-08-30 03:30:00,35.012,35.023,34.987,35.006
2023-08-30 04:00:00,35.005,35.026,34.984,34.99
2023-08-30 04:30:00,34.991,35.056,34.99,35.052
2023-08-30 05:00:00,35.053,35.085,35.046,35.057
2023-08-30 05:30:00,35.056,35.096,35.056,35.091
2023-08-30 06:00:00,35.09,35.096,35.072,35.078
2023-08-30 06:30:00,35.078,35.095,35.076,35.092
2023-08-30 07:00:00,35.091,35.101,35.077,35.099
2023-08-30 07:30:00,35.098,35.116,35.098,35.109
2023-08-30 08:00:00,35.108,35.113,35.099,35.105
2023-08-30 08:30:00,35.105,35.111,35.1,35.105
2023-08-30 09:00:00,35.105,35.107,35.064,35.073
2023-08-30 09:30:00,35.073,35.116,35.07,35.095
2023-08-30 10:00:00,35.097,35.127,35.094,35.119
2023-08-30 10:30:00,35.12,35.121,35.093,35.11
2023-08-30 11:00:00,35.111,35.126,35.103,35.113
2023-08-30 11:30:00,35.112,35.126,35.104,35.109
2023-08-30 12:00:00,35.11,35.119,35.083,35.086
2023-08-30 12:30:00,35.086,35.107,35.078,35.09
2023-08-30 13:00:00,35.091,35.112,35.085,35.103
2023-08-30 13:30:00,35.102,35.108,35.091,35.092
2023-08-30 14:00:00,35.092,35.1,35.075,35.076
2023-08-30 14:30:00,35.076,35.078,35.044,35.05
2023-08-30 15:00:00,35.049,35.079,35.002,35.012
2023-08-30 15:30:00,35.013,35.017,34.959,34.962
2023-08-30 16:00:00,34.964,34.98,34.953,34.973
2023-08-30 16:30:00,34.972,34.978,34.944,34.946
2023-08-30 17:00:00,34.947,34.978,34.941,34.968
2023-08-30 17:30:00,34.967,34.98,34.957,34.973
2023-08-30 18:00:00,34.974,34.983,34.956,34.965
2023-08-30 18:30:00,34.966,34.98,34.965,34.971
2023-08-30 19:00:00,34.97,34.994,34.969,34.993
2023-08-30 19:30:00,34.992,34.995,34.976,34.987
2023-08-30 20:00:00,34.988,34.989,34.968,34.976
2023-08-30 20:30:00,34.974,34.999,34.973,34.995
2023-08-30 21:00:00,34.997,35.0,34.987,34.996
2023-08-30 21:30:00,34.996,35.008,34.992,34.992
2023-08-30 22:00:00,34.989,35.0,34.979,34.989
2023-08-30 22:30:00,34.989,35.03,34.986,35.03
2023-08-30 23:00:00,35.028,35.035,35.016,35.034
2023-08-30 23:30:00,35.035,35.038,34.991,35.005
2023-08-31 00:00:00,35.013,35.013,34.892,35.0
2023-08-31 00:30:00,35.001,35.003,34.938,34.951
2023-08-31 01:00:00,34.949,34.996,34.924,34.995
2023-08-31 01:30:00,34.996,34.997,34.989,34.99
2023-08-31 02:00:00,34.989,35.033,34.989,35.032
2023-08-31 02:30:00,35.032,35.05,34.995,35.019
2023-08-31 03:00:00,35.021,35.034,34.976,34.993
2023-08-31 03:30:00,34.993,35.0,34.928,34.958
2023-08-31 04:00:00,34.956,34.956,34.923,34.935
2023-08-31 04:30:00,34.936,34.938,34.881,34.895
2023-08-31 05:00:00,34.896,34.942,34.887,34.938
2023-08-31 05:30:00,34.938,34.946,34.924,34.935
2023-08-31 06:00:00,34.935,34.945,34.928,34.945
2023-08-31 06:30:00,34.944,34.965,34.943,34.962
2023-08-31 07:00:00,34.961,34.962,34.935,34.946
2023-08-31 07:30:00,34.945,34.95,34.918,34.925
2023-08-31 08:00:00,34.926,34.946,34.917,34.93
2023-08-31 08:30:00,34.931,34.941,34.92,34.921
2023-08-31 09:00:00,34.92,34.922,34.883,34.909
2023-08-31 09:30:00,34.91,34.914,34.888,34.909
2023-08-31 10:00:00,34.908,34.938,34.904,34.924
2023-08-31 10:30:00,34.923,34.947,34.922,34.942
2023-08-31 11:00:00,34.941,34.964,34.93,34.944
2023-08-31 11:30:00,34.945,34.991,34.938,34.983
2023-08-31 12:00:00,34.983,34.983,34.956,34.959
2023-08-31 12:30:00,34.959,35.023,34.958,35.005
2023-08-31 13:00:00,35.004,35.007,34.984,34.991
2023-08-31 13:30:00,34.989,34.996,34.972,34.979
2023-08-31 14:00:00,34.98,34.995,34.979,34.99
2023-08-31 14:30:00,34.991,34.999,34.965,34.965
2023-08-31 15:00:00,34.966,34.973,34.923,34.935
2023-08-31 15:30:00,34.932,34.99,34.919,34.936
2023-08-31 16:00:00,34.937,34.978,34.928,34.975
2023-08-31 16:30:00,34.974,35.026,34.971,35.016
2023-08-31 17:00:00,35.014,35.03,35.001,35.002
2023-08-31 17:30:00,35.002,35.014,34.986,34.993
2023-08-31 18:00:00,34.991,35.017,34.982,34.993
2023-08-31 18:30:00,34.994,35.008,34.991,35.003
2023-08-31 19:00:00,35.0,35.012,34.996,35.009
2023-08-31 19:30:00,35.006,35.007,34.995,35.0
2023-08-31 20:00:00,35.0,35.005,34.994,34.995
2023-08-31 20:30:00,34.995,34.997,34.99,34.997
2023-08-31 21:00:00,34.996,34.998,34.994,34.995
2023-08-31 21:30:00,34.994,35.021,34.994,35.02
2023-08-31 22:00:00,35.018,35.022,35.018,35.019
2023-08-31 22:30:00,35.019,35.024,35.018,35.02
2023-08-31 23:00:00,35.019,35.023,35.01,35.011
2023-08-31 23:30:00,35.01,35.026,35.001,35.01
2023-09-01 00:00:00,35.006,35.008,34.974,34.974
2023-09-01 00:30:00,34.997,34.997,34.986,34.995
2023-09-01 01:00:00,34.996,35.008,34.993,35.008
2023-09-01 01:30:00,35.008,35.03,35.005,35.02
2023-09-01 02:00:00,35.019,35.02,35.014,35.017
2023-09-01 02:30:00,35.018,35.027,35.0,35.006
2023-09-01 03:00:00,35.007,35.017,34.991,35.011
2023-09-01 03:30:00,35.007,35.069,35.007,35.036
2023-09-01 04:00:00,35.036,35.04,34.919,34.956
2023-09-01 04:30:00,34.958,35.017,34.958,35.015
2023-09-01 05:00:00,35.014,35.035,35.008,35.013
2023-09-01 05:30:00,35.01,35.08,34.986,35.07
2023-09-01 06:00:00,35.071,35.091,35.043,35.048
2023-09-01 06:30:00,35.049,35.066,35.042,35.059
2023-09-01 07:00:00,35.057,35.071,35.04,35.044
2023-09-01 07:30:00,35.043,35.059,35.022,35.04
2023-09-01 08:00:00,35.04,35.054,35.032,35.033
2023-09-01 08:30:00,35.034,35.08,35.033,35.062
2023-09-01 09:00:00,35.061,35.087,35.044,35.079
2023-09-01 09:30:00,35.081,35.094,35.053,35.059
2023-09-01 10:00:00,35.058,35.072,35.035,35.04
2023-09-01 10:30:00,35.039,35.058,35.023,35.045
2023-09-01 11:00:00,35.046,35.054,35.03,35.037
2023-09-01 11:30:00,35.037,35.041,35.003,35.003
2023-09-01 12:00:00,35.003,35.012,34.993,34.999
2023-09-01 12:30:00,34.998,35.006,34.985,34.996
2023-09-01 13:00:00,34.995,35.011,34.99,35.007
2023-09-01 13:30:00,35.007,35.007,34.982,34.988
2023-09-01 14:00:00,34.989,34.994,34.964,34.983
2023-09-01 14:30:00,34.982,35.007,34.979,34.985
2023-09-01 15:00:00,34.982,34.988,34.958,34.958
2023-09-01 15:30:00,34.987,34.993,34.894,34.933
2023-09-01 16:00:00,34.93,34.966,34.917,34.936
2023-09-01 16:30:00,34.935,35.021,34.922,34.977
2023-09-01 17:00:00,34.979,35.116,34.972,35.114
2023-09-01 17:30:00,35.117,35.149,35.053,35.058
2023-09-01 18:00:00,35.057,35.113,35.046,35.105
2023-09-01 18:30:00,35.106,35.125,35.102,35.124
2023-09-01 19:00:00,35.122,35.135,35.095,35.099
2023-09-01 19:30:00,35.1,35.112,35.087,35.09
2023-09-01 20:00:00,35.089,35.096,35.07,35.075
2023-09-01 20:30:00,35.074,35.08,35.073,35.077
2023-09-01 21:00:00,35.079,35.122,35.076,35.122
2023-09-01 21:30:00,35.123,35.137,35.122,35.131
2023-09-01 22:00:00,35.132,35.132,35.077,35.08
2023-09-01 22:30:00,35.081,35.116,35.067,35.098
2023-09-01 23:00:00,35.098,35.113,35.059,35.061
2023-09-01 23:30:00,35.06,35.069,35.014,35.021
2023-09-04 00:00:00,35.069,35.076,35.066,35.066
2023-09-04 00:30:00,35.069,35.079,35.063,35.074
2023-09-04 01:00:00,35.068,35.079,35.058,35.079
2023-09-04 01:30:00,35.08,35.103,35.075,35.098
2023-09-04 02:00:00,35.097,35.099,35.088,35.098
2023-09-04 02:30:00,35.093,35.113,35.079,35.107
2023-09-04 03:00:00,35.113,35.134,35.099,35.133
2023-09-04 03:30:00,35.132,35.137,35.081,35.114
2023-09-04 04:00:00,35.114,35.117,35.058,35.079
2023-09-04 04:30:00,35.079,35.145,35.07,35.134
2023-09-04 05:00:00,35.134,35.135,35.103,35.112
2023-09-04 05:30:00,35.113,35.126,35.1,35.11
2023-09-04 06:00:00,35.109,35.132,35.103,35.132
2023-09-04 06:30:00,35.131,35.135,35.123,35.131
2023-09-04 07:00:00,35.13,35.166,35.129,35.155
2023-09-04 07:30:00,35.154,35.163,35.144,35.15
2023-09-04 08:00:00,35.15,35.154,35.14,35.146
2023-09-04 08:30:00,35.146,35.149,35.13,35.141
2023-09-04 09:00:00,35.139,35.159,35.131,35.15
2023-09-04 09:30:00,35.151,35.176,35.145,35.174
2023-09-04 10:00:00,35.173,35.195,35.172,35.186
2023-09-04 10:30:00,35.185,35.259,35.185,35.25
2023-09-04 11:00:00,35.251,35.251,35.215,35.229
2023-09-04 11:30:00,35.228,35.232,35.215,35.218
2023-09-04 12:00:00,35.218,35.226,35.205,35.215
2023-09-04 12:30:00,35.214,35.235,35.196,35.22
2023-09-04 13:00:00,35.22,35.222,35.201,35.206
2023-09-04 13:30:00,35.203,35.203,35.19,35.194
2023-09-04 14:00:00,35.197,35.201,35.19,35.196
2023-09-04 14:30:00,35.195,35.21,35.195,35.206
2023-09-04 15:00:00,35.205,35.21,35.203,35.204
2023-09-04 15:30:00,35.205,35.214,35.203,35.213
2023-09-04 16:00:00,35.212,35.219,35.198,35.211
2023-09-04 16:30:00,35.21,35.234,35.209,35.231
2023-09-04 17:00:00,35.23,35.256,35.224,35.25
2023-09-04 17:30:00,35.249,35.255,35.24,35.251
2023-09-04 18:00:00,35.252,35.252,35.246,35.25
2023-09-04 18:30:00,35.25,35.25,35.239,35.245
2023-09-04 19:00:00,35.243,35.248,35.243,35.247
2023-09-04 19:30:00,35.248,35.248,35.24,35.243
2023-09-04 20:00:00,35.244,35.25,35.241,35.246
2023-09-04 20:30:00,35.245,35.249,35.238,35.248
2023-09-04 21:00:00,35.248,35.25,35.241,35.242
2023-09-04 21:30:00,35.238,35.245,35.234,35.245
2023-09-04 22:00:00,35.234,35.245,35.234,35.245
2023-09-04 22:30:00,35.245,35.25,35.228,35.25
2023-09-04 23:00:00,35.252,35.254,35.238,35.253
2023-09-04 23:30:00,35.255,35.257,35.204,35.233
2023-09-05 00:00:00,35.212,35.233,35.21,35.23
2023-09-05 00:30:00,35.23,35.235,35.215,35.234
2023-09-05 01:00:00,35.232,35.252,35.212,35.219
2023-09-05 01:30:00,35.22,35.223,35.213,35.217
2023-09-05 02:00:00,35.218,35.254,35.216,35.252
2023-09-05 02:30:00,35.252,35.271,35.246,35.262
2023-09-05 03:00:00,35.262,35.291,35.259,35.287
2023-09-05 03:30:00,35.287,35.297,35.258,35.281
2023-09-05 04:00:00,35.28,35.309,35.275,35.286
2023-09-05 04:30:00,35.286,35.403,35.283,35.378
2023-09-05 05:00:00,35.379,35.399,35.367,35.399
2023-09-05 05:30:00,35.398,35.431,35.389,35.41
2023-09-05 06:00:00,35.409,35.422,35.402,35.407
2023-09-05 06:30:00,35.406,35.414,35.368,35.391
2023-09-05 07:00:00,35.39,35.411,35.383,35.387
2023-09-05 07:30:00,35.388,35.389,35.36,35.361
2023-09-05 08:00:00,35.36,35.386,35.353,35.375
2023-09-05 08:30:00,35.375,35.391,35.368,35.388
2023-09-05 09:00:00,35.387,35.42,35.381,35.42
2023-09-05 09:30:00,35.42,35.429,35.406,35.417
2023-09-05 10:00:00,35.418,35.426,35.405,35.416
2023-09-05 10:30:00,35.417,35.454,35.414,35.451
2023-09-05 11:00:00,35.452,35.475,35.45,35.466
2023-09-05 11:30:00,35.465,35.467,35.432,35.446
2023-09-05 12:00:00,35.444,35.465,35.43,35.465
2023-09-05 12:30:00,35.465,35.468,35.451,35.462
2023-09-05 13:00:00,35.463,35.484,35.461,35.481
2023-09-05 13:30:00,35.482,35.489,35.477,35.485
2023-09-05 14:00:00,35.486,35.488,35.479,35.484
2023-09-05 14:30:00,35.483,35.485,35.472,35.481
2023-09-05 15:00:00,35.481,35.491,35.477,35.484
2023-09-05 15:30:00,35.483,35.49,35.434,35.444
2023-09-05 16:00:00,35.444,35.465,35.433,35.436
2023-09-05 16:30:00,35.436,35.47,35.429,35.447
2023-09-05 17:00:00,35.446,35.486,35.446,35.473
2023-09-05 17:30:00,35.47,35.484,35.457,35.481
2023-09-05 18:00:00,35.479,35.489,35.47,35.477
2023-09-05 18:30:00,35.478,35.482,35.469,35.474
2023-09-05 19:00:00,35.472,35.475,35.462,35.474
2023-09-05 19:30:00,35.474,35.483,35.469,35.481
2023-09-05 20:00:00,35.481,35.487,35.471,35.472
2023-09-05 20:30:00,35.472,35.482,35.471,35.481
2023-09-05 21:00:00,35.481,35.483,35.474,35.48
2023-09-05 21:30:00,35.481,35.488,35.48,35.485
2023-09-05 22:00:00,35.485,35.489,35.482,35.483
2023-09-05 22:30:00,35.483,35.487,35.478,35.479
2023-09-05 23:00:00,35.48,35.48,35.467,35.467
2023-09-05 23:30:00,35.466,35.482,35.428,35.435
2023-09-06 00:00:00,35.44,35.44,35.435,35.437
2023-09-06 00:30:00,35.44,35.443,35.432,35.436
2023-09-06 01:00:00,35.437,35.445,35.434,35.442
2023-09-06 01:30:00,35.444,35.462,35.441,35.46
2023-09-06 02:00:00,35.461,35.461,35.45,35.456
2023-09-06 02:30:00,35.456,35.461,35.436,35.454
2023-09-06 03:00:00,35.455,35.488,35.451,35.484
2023-09-06 03:30:00,35.485,35.548,35.482,35.544
2023-09-06 04:00:00,35.544,35.581,35.528,35.544
2023-09-06 04:30:00,35.545,35.552,35.523,35.545
2023-09-06 05:00:00,35.544,35.55,35.494,35.495
2023-09-06 05:30:00,35.495,35.517,35.485,35.496
2023-09-06 06:00:00,35.495,35.505,35.442,35.457
2023-09-06 06:30:00,35.458,35.48,35.457,35.474
2023-09-06 07:00:00,35.474,35.48,35.448,35.45
2023-09-06 07:30:00,35.451,35.465,35.425,35.43
2023-09-06 08:00:00,35.429,35.458,35.429,35.435
2023-09-06 08:30:00,35.435,35.446,35.413,35.425
2023-09-06 09:00:00,35.426,35.465,35.423,35.452
2023-09-06 09:30:00,35.452,35.496,35.451,35.496
2023-09-06 10:00:00,35.495,35.51,35.488,35.503
2023-09-06 10:30:00,35.505,35.534,35.494,35.531
2023-09-06 11:00:00,35.532,35.532,35.498,35.503
2023-09-06 11:30:00,35.503,35.525,35.491,35.491
2023-09-06 12:00:00,35.492,35.51,35.492,35.508
2023-09-06 12:30:00,35.507,35.533,35.504,35.515
2023-09-06 13:00:00,35.515,35.517,35.493,35.497
2023-09-06 13:30:00,35.498,35.508,35.487,35.499
2023-09-06 14:00:00,35.497,35.52,35.493,35.508
2023-09-06 14:30:00,35.509,35.522,35.508,35.522
2023-09-06 15:00:00,35.521,35.528,35.511,35.52
2023-09-06 15:30:00,35.513,35.524,35.483,35.523
2023-09-06 16:00:00,35.52,35.553,35.517,35.543
2023-09-06 16:30:00,35.544,35.551,35.501,35.502
2023-09-06 17:00:00,35.504,35.579,35.494,35.577
2023-09-06 17:30:00,35.578,35.589,35.565,35.588
2023-09-06 18:00:00,35.589,35.597,35.576,35.585
2023-09-06 18:30:00,35.586,35.593,35.583,35.587
2023-09-06 19:00:00,35.586,35.592,35.581,35.59
2023-09-06 19:30:00,35.591,35.592,35.587,35.591
2023-09-06 20:00:00,35.59,35.59,35.572,35.572
2023-09-06 20:30:00,35.576,35.583,35.574,35.578
2023-09-06 21:00:00,35.578,35.584,35.574,35.576
2023-09-06 21:30:00,35.578,35.578,35.574,35.576
2023-09-06 22:00:00,35.575,35.578,35.538,35.542
2023-09-06 22:30:00,35.542,35.542,35.514,35.515
2023-09-06 23:00:00,35.516,35.525,35.492,35.499
2023-09-06 23:30:00,35.496,35.502,35.483,35.488
2023-09-07 00:00:00,35.421,35.492,35.421,35.488
2023-09-07 00:30:00,35.488,35.495,35.483,35.484
2023-09-07 01:00:00,35.484,35.513,35.474,35.51
2023-09-07 01:30:00,35.51,35.525,35.496,35.516
2023-09-07 02:00:00,35.515,35.532,35.513,35.53
2023-09-07 02:30:00,35.531,35.569,35.526,35.556
2023-09-07 03:00:00,35.554,35.589,35.55,35.581
2023-09-07 03:30:00,35.58,35.595,35.58,35.588
2023-09-07 04:00:00,35.587,35.601,35.567,35.576
2023-09-07 04:30:00,35.575,35.584,35.539,35.56
2023-09-07 05:00:00,35.559,35.576,35.554,35.56
2023-09-07 05:30:00,35.56,35.572,35.556,35.563
2023-09-07 06:00:00,35.564,35.564,35.542,35.547
2023-09-07 06:30:00,35.546,35.557,35.528,35.549
2023-09-07 07:00:00,35.549,35.576,35.545,35.566
2023-09-07 07:30:00,35.566,35.606,35.565,35.603
2023-09-07 08:00:00,35.602,35.605,35.581,35.6
2023-09-07 08:30:00,35.6,35.601,35.569,35.588
2023-09-07 09:00:00,35.587,35.596,35.564,35.593
2023-09-07 09:30:00,35.594,35.596,35.571,35.59
2023-09-07 10:00:00,35.591,35.62,35.586,35.617
2023-09-07 10:30:00,35.616,35.619,35.593,35.598
2023-09-07 11:00:00,35.597,35.627,35.597,35.621
2023-09-07 11:30:00,35.62,35.623,35.609,35.615
2023-09-07 12:00:00,35.616,35.621,35.608,35.61
2023-09-07 12:30:00,35.61,35.61,35.596,35.604
2023-09-07 13:00:00,35.602,35.611,35.601,35.609
2023-09-07 13:30:00,35.61,35.617,35.607,35.615
2023-09-07 14:00:00,35.616,35.616,35.61,35.614
2023-09-07 14:30:00,35.615,35.616,35.598,35.603
2023-09-07 15:00:00,35.604,35.616,35.594,35.605
2023-09-07 15:30:00,35.605,35.643,35.6,35.617
2023-09-07 16:00:00,35.616,35.64,35.613,35.636
2023-09-07 16:30:00,35.637,35.658,35.625,35.646
2023-09-07 17:00:00,35.646,35.657,35.634,35.642
2023-09-07 17:30:00,35.64,35.654,35.599,35.628
2023-09-07 18:00:00,35.629,35.641,35.613,35.629
2023-09-07 18:30:00,35.629,35.632,35.611,35.618
2023-09-07 19:00:00,35.617,35.631,35.61,35.612
2023-09-07 19:30:00,35.613,35.622,35.612,35.62
2023-09-07 20:00:00,35.62,35.626,35.602,35.603
2023-09-07 20:30:00,35.602,35.607,35.601,35.604
2023-09-07 21:00:00,35.602,35.613,35.602,35.613
2023-09-07 21:30:00,35.614,35.614,35.599,35.608
2023-09-07 22:00:00,35.614,35.616,35.609,35.609
2023-09-07 22:30:00,35.611,35.628,35.609,35.622
2023-09-07 23:00:00,35.622,35.633,35.618,35.631
2023-09-07 23:30:00,35.63,35.632,35.612,35.613
2023-09-08 00:00:00,35.614,35.618,35.611,35.615
2023-09-08 00:30:00,35.624,35.63,35.624,35.627
2023-09-08 01:00:00,35.628,35.638,35.626,35.631
2023-09-08 01:30:00,35.632,35.643,35.631,35.639
2023-09-08 02:00:00,35.64,35.642,35.635,35.635
2023-09-08 02:30:00,35.636,35.651,35.634,35.636
2023-09-08 03:00:00,35.634,35.641,35.614,35.633
2023-09-08 03:30:00,35.634,35.639,35.537,35.546
2023-09-08 04:00:00,35.547,35.611,35.545,35.575
2023-09-08 04:30:00,35.576,35.582,35.555,35.569
2023-09-08 05:00:00,35.57,35.574,35.533,35.551
2023-09-08 05:30:00,35.55,35.576,35.548,35.559
2023-09-08 06:00:00,35.559,35.586,35.558,35.563
2023-09-08 06:30:00,35.564,35.578,35.549,35.564
2023-09-08 07:00:00,35.563,35.574,35.553,35.558
2023-09-08 07:30:00,35.557,35.571,35.556,35.56
2023-09-08 08:00:00,35.561,35.573,35.555,35.563
2023-09-08 08:30:00,35.563,35.569,35.54,35.553
2023-09-08 09:00:00,35.554,35.56,35.528,35.543
2023-09-08 09:30:00,35.543,35.551,35.535,35.537
2023-09-08 10:00:00,35.537,35.543,35.519,35.528
2023-09-08 10:30:00,35.529,35.539,35.512,35.514
2023-09-08 11:00:00,35.513,35.522,35.492,35.493
2023-09-08 11:30:00,35.494,35.498,35.458,35.477
2023-09-08 12:00:00,35.476,35.504,35.475,35.494
2023-09-08 12:30:00,35.495,35.532,35.489,35.52
2023-09-08 13:00:00,35.521,35.537,35.507,35.533
2023-09-08 13:30:00,35.533,35.539,35.519,35.52
2023-09-08 14:00:00,35.521,35.545,35.516,35.538
2023-09-08 14:30:00,35.539,35.545,35.533,35.537
2023-09-08 15:00:00,35.536,35.556,35.53,35.539
2023-09-08 15:30:00,35.54,35.576,35.507,35.574
2023-09-08 16:00:00,35.574,35.595,35.54,35.543
2023-09-08 16:30:00,35.542,35.574,35.517,35.517
2023-09-08 17:00:00,35.512,35.569,35.482,35.556
2023-09-08 17:30:00,35.549,35.587,35.542,35.585
2023-09-08 18:00:00,35.586,35.605,35.565,35.604
2023-09-08 18:30:00,35.604,35.613,35.597,35.611
2023-09-08 19:00:00,35.609,35.614,35.604,35.612
2023-09-08 19:30:00,35.613,35.623,35.611,35.612
2023-09-08 20:00:00,35.612,35.614,35.609,35.614
2023-09-08 20:30:00,35.614,35.615,35.606,35.606
2023-09-08 21:00:00,35.607,35.618,35.606,35.617
2023-09-08 21:30:00,35.617,35.621,35.614,35.619
2023-09-08 22:00:00,35.617,35.625,35.609,35.624
2023-09-08 22:30:00,35.619,35.629,35.614,35.623
2023-09-08 23:00:00,35.622,35.634,35.621,35.633
2023-09-08 23:30:00,35.634,35.636,35.507,35.6
2023-09-11 00:00:00,35.523,35.538,35.52,35.537
2023-09-11 00:30:00,35.537,35.595,35.531,35.535
2023-09-11 01:00:00,35.537,35.565,35.535,35.564
2023-09-11 01:30:00,35.563,35.573,35.539,35.57
2023-09-11 02:00:00,35.57,35.6,35.57,35.573
2023-09-11 02:30:00,35.572,35.576,35.531,35.559
2023-09-11 03:00:00,35.56,35.586,35.539,35.579
2023-09-11 03:30:00,35.579,35.593,35.549,35.569
2023-09-11 04:00:00,35.568,35.612,35.543,35.568
2023-09-11 04:30:00,35.567,35.567,35.514,35.525
2023-09-11 05:00:00,35.524,35.532,35.487,35.507
2023-09-11 05:30:00,35.506,35.534,35.504,35.524
2023-09-11 06:00:00,35.525,35.545,35.518,35.535
2023-09-11 06:30:00,35.534,35.536,35.497,35.524
2023-09-11 07:00:00,35.523,35.532,35.485,35.489
2023-09-11 07:30:00,35.488,35.498,35.447,35.465
2023-09-11 08:00:00,35.464,35.466,35.447,35.449
2023-09-11 08:30:00,35.45,35.473,35.436,35.46
2023-09-11 09:00:00,35.459,35.483,35.453,35.479
2023-09-11 09:30:00,35.48,35.48,35.451,35.451
2023-09-11 10:00:00,35.449,35.453,35.432,35.434
2023-09-11 10:30:00,35.435,35.466,35.424,35.465
2023-09-11 11:00:00,35.464,35.472,35.453,35.468
2023-09-11 11:30:00,35.47,35.483,35.462,35.475
2023-09-11 12:00:00,35.474,35.5,35.458,35.485
2023-09-11 12:30:00,35.484,35.513,35.477,35.496
2023-09-11 13:00:00,35.497,35.515,35.492,35.493
2023-09-11 13:30:00,35.492,35.504,35.492,35.499
2023-09-11 14:00:00,35.498,35.528,35.497,35.511
2023-09-11 14:30:00,35.51,35.531,35.495,35.53
2023-09-11 15:00:00,35.531,35.534,35.471,35.482
2023-09-11 15:30:00,35.484,35.505,35.474,35.489
2023-09-11 16:00:00,35.489,35.507,35.483,35.485
2023-09-11 16:30:00,35.484,35.527,35.467,35.496
2023-09-11 17:00:00,35.496,35.508,35.485,35.508
2023-09-11 17:30:00,35.508,35.535,35.504,35.526
2023-09-11 18:00:00,35.526,35.538,35.506,35.521
2023-09-11 18:30:00,35.52,35.525,35.507,35.513
2023-09-11 19:00:00,35.511,35.514,35.479,35.49
2023-09-11 19:30:00,35.489,35.51,35.489,35.49
2023-09-11 20:00:00,35.491,35.499,35.487,35.494
2023-09-11 20:30:00,35.496,35.501,35.494,35.498
2023-09-11 21:00:00,35.498,35.504,35.498,35.502
2023-09-11 21:30:00,35.501,35.508,35.497,35.508
2023-09-11 22:00:00,35.511,35.518,35.507,35.507
2023-09-11 22:30:00,35.509,35.509,35.475,35.486
2023-09-11 23:00:00,35.487,35.505,35.474,35.503
2023-09-11 23:30:00,35.503,35.506,35.462,35.488
2023-09-12 00:00:00,35.481,35.488,35.461,35.464
2023-09-12 00:30:00,35.465,35.484,35.458,35.482
2023-09-12 01:00:00,35.483,35.494,35.479,35.488
2023-09-12 01:30:00,35.487,35.502,35.484,35.502
2023-09-12 02:00:00,35.501,35.506,35.493,35.506
2023-09-12 02:30:00,35.506,35.518,35.5,35.512
2023-09-12 03:00:00,35.513,35.544,35.512,35.541
2023-09-12 03:30:00,35.542,35.562,35.535,35.545
2023-09-12 04:00:00,35.546,35.573,35.507,35.547
2023-09-12 04:30:00,35.549,35.577,35.543,35.544
2023-09-12 05:00:00,35.545,35.56,35.529,35.548
2023-09-12 05:30:00,35.547,35.552,35.52,35.527
2023-09-12 06:00:00,35.527,35.541,35.524,35.54
2023-09-12 06:30:00,35.541,35.558,35.527,35.558
2023-09-12 07:00:00,35.556,35.566,35.547,35.557
2023-09-12 07:30:00,35.556,35.558,35.532,35.535
2023-09-12 08:00:00,35.534,35.549,35.533,35.546
2023-09-12 08:30:00,35.547,35.564,35.542,35.56
2023-09-12 09:00:00,35.559,35.59,35.551,35.583
2023-09-12 09:30:00,35.583,35.595,35.57,35.573
2023-09-12 10:00:00,35.572,35.605,35.569,35.596
2023-09-12 10:30:00,35.597,35.626,35.593,35.624
2023-09-12 11:00:00,35.624,35.631,35.589,35.59
2023-09-12 11:30:00,35.59,35.619,35.586,35.604
2023-09-12 12:00:00,35.603,35.635,35.602,35.625
2023-09-12 12:30:00,35.625,35.643,35.616,35.642
2023-09-12 13:00:00,35.641,35.66,35.637,35.647
2023-09-12 13:30:00,35.647,35.676,35.644,35.665
2023-09-12 14:00:00,35.664,35.673,35.659,35.668
2023-09-12 14:30:00,35.668,35.677,35.661,35.672
2023-09-12 15:00:00,35.673,35.699,35.67,35.69
2023-09-12 15:30:00,35.69,35.711,35.682,35.71
2023-09-12 16:00:00,35.71,35.738,35.694,35.704
2023-09-12 16:30:00,35.705,35.707,35.689,35.705
2023-09-12 17:00:00,35.705,35.709,35.696,35.697
2023-09-12 17:30:00,35.698,35.704,35.686,35.69
2023-09-12 18:00:00,35.69,35.69,35.631,35.64
2023-09-12 18:30:00,35.642,35.644,35.622,35.633
2023-09-12 19:00:00,35.632,35.632,35.611,35.624
2023-09-12 19:30:00,35.623,35.642,35.623,35.631
2023-09-12 20:00:00,35.629,35.633,35.615,35.617
2023-09-12 20:30:00,35.617,35.631,35.616,35.627
2023-09-12 21:00:00,35.629,35.631,35.626,35.627
2023-09-12 21:30:00,35.626,35.626,35.604,35.609
2023-09-12 22:00:00,35.608,35.614,35.607,35.611
2023-09-12 22:30:00,35.61,35.614,35.601,35.601
2023-09-12 23:00:00,35.602,35.607,35.601,35.603
2023-09-12 23:30:00,35.6,35.6,35.551,35.558
2023-09-13 00:00:00,35.558,35.578,35.555,35.578
2023-09-13 00:30:00,35.581,35.582,35.574,35.574
2023-09-13 01:00:00,35.579,35.588,35.578,35.587
2023-09-13 01:30:00,35.586,35.589,35.582,35.588
2023-09-13 02:00:00,35.587,35.596,35.585,35.592
2023-09-13 02:30:00,35.591,35.599,35.58,35.584
2023-09-13 03:00:00,35.584,35.673,35.584,35.672
2023-09-13 03:30:00,35.671,35.675,35.634,35.673
2023-09-13 04:00:00,35.674,35.674,35.61,35.627
2023-09-13 04:30:00,35.627,35.636,35.599,35.631
2023-09-13 05:00:00,35.632,35.715,35.631,35.705
2023-09-13 05:30:00,35.706,35.722,35.686,35.687
2023-09-13 06:00:00,35.688,35.703,35.683,35.684
2023-09-13 06:30:00,35.685,35.691,35.66,35.67
2023-09-13 07:00:00,35.669,35.721,35.668,35.717
2023-09-13 07:30:00,35.718,35.733,35.698,35.699
2023-09-13 08:00:00,35.698,35.723,35.684,35.721
2023-09-13 08:30:00,35.721,35.731,35.71,35.714
2023-09-13 09:00:00,35.713,35.73,35.713,35.73
2023-09-13 09:30:00,35.731,35.735,35.705,35.707
2023-09-13 10:00:00,35.708,35.718,35.698,35.7
2023-09-13 10:30:00,35.699,35.72,35.698,35.714
2023-09-13 11:00:00,35.715,35.739,35.708,35.73
2023-09-13 11:30:00,35.731,35.778,35.722,35.75
2023-09-13 12:00:00,35.754,35.766,35.746,35.753
2023-09-13 12:30:00,35.753,35.762,35.74,35.76
2023-09-13 13:00:00,35.759,35.763,35.745,35.75
2023-09-13 13:30:00,35.751,35.767,35.75,35.753
2023-09-13 14:00:00,35.753,35.761,35.744,35.754
2023-09-13 14:30:00,35.754,35.757,35.742,35.755
2023-09-13 15:00:00,35.754,35.785,35.753,35.773
2023-09-13 15:30:00,35.773,35.81,35.688,35.706
2023-09-13 16:00:00,35.704,35.756,35.7,35.715
2023-09-13 16:30:00,35.714,35.717,35.687,35.687
2023-09-13 17:00:00,35.687,35.708,35.685,35.699
2023-09-13 17:30:00,35.698,35.71,35.682,35.687
2023-09-13 18:00:00,35.687,35.691,35.665,35.674
2023-09-13 18:30:00,35.673,35.7,35.673,35.687
2023-09-13 19:00:00,35.685,35.695,35.68,35.683
2023-09-13 19:30:00,35.684,35.746,35.678,35.74
2023-09-13 20:00:00,35.739,35.74,35.682,35.692
2023-09-13 20:30:00,35.69,35.702,35.679,35.699
2023-09-13 21:00:00,35.7,35.706,35.699,35.701
2023-09-13 21:30:00,35.701,35.73,35.7,35.726
2023-09-13 22:00:00,35.733,35.74,35.731,35.739
2023-09-13 22:30:00,35.742,35.757,35.738,35.748
2023-09-13 23:00:00,35.749,35.757,35.748,35.751
2023-09-13 23:30:00,35.741,35.744,35.666,35.674
2023-09-14 00:00:00,35.686,35.695,35.666,35.667
2023-09-14 00:30:00,35.695,35.695,35.681,35.687
2023-09-14 01:00:00,35.684,35.728,35.676,35.728
2023-09-14 01:30:00,35.727,35.747,35.727,35.747
2023-09-14 02:00:00,35.744,35.749,35.74,35.748
2023-09-14 02:30:00,35.748,35.75,35.727,35.744
2023-09-14 03:00:00,35.742,35.753,35.703,35.712
2023-09-14 03:30:00,35.712,35.713,35.634,35.662
2023-09-14 04:00:00,35.661,35.697,35.655,35.693
2023-09-14 04:30:00,35.693,35.742,35.673,35.732
2023-09-14 05:00:00,35.734,35.768,35.721,35.722
2023-09-14 05:30:00,35.723,35.757,35.72,35.738
2023-09-14 06:00:00,35.735,35.739,35.68,35.688
2023-09-14 06:30:00,35.689,35.712,35.687,35.698
2023-09-14 07:00:00,35.699,35.705,35.682,35.691
2023-09-14 07:30:00,35.689,35.734,35.689,35.714
2023-09-14 08:00:00,35.713,35.718,35.694,35.697
2023-09-14 08:30:00,35.697,35.713,35.692,35.704
2023-09-14 09:00:00,35.705,35.736,35.705,35.721
2023-09-14 09:30:00,35.721,35.733,35.716,35.732
2023-09-14 10:00:00,35.731,35.744,35.731,35.737
2023-09-14 10:30:00,35.74,35.802,35.74,35.78
2023-09-14 11:00:00,35.779,35.783,35.751,35.756
2023-09-14 11:30:00,35.758,35.768,35.749,35.762
2023-09-14 12:00:00,35.763,35.791,35.76,35.79
2023-09-14 12:30:00,35.79,35.798,35.785,35.794
2023-09-14 13:00:00,35.793,35.802,35.779,35.784
2023-09-14 13:30:00,35.786,35.786,35.773,35.774
2023-09-14 14:00:00,35.775,35.777,35.763,35.768
2023-09-14 14:30:00,35.767,35.77,35.758,35.768
2023-09-14 15:00:00,35.768,35.788,35.75,35.757
2023-09-14 15:30:00,35.749,35.828,35.749,35.779
2023-09-14 16:00:00,35.78,35.797,35.741,35.775
2023-09-14 16:30:00,35.774,35.781,35.742,35.774
2023-09-14 17:00:00,35.774,35.808,35.772,35.78
2023-09-14 17:30:00,35.777,35.786,35.733,35.744
2023-09-14 18:00:00,35.746,35.75,35.719,35.745
2023-09-14 18:30:00,35.746,35.768,35.742,35.76
2023-09-14 19:00:00,35.759,35.76,35.744,35.747
2023-09-14 19:30:00,35.748,35.756,35.744,35.749
2023-09-14 20:00:00,35.749,35.769,35.748,35.762
2023-09-14 20:30:00,35.761,35.793,35.761,35.79
2023-09-14 21:00:00,35.791,35.793,35.774,35.786
2023-09-14 21:30:00,35.787,35.802,35.783,35.801
2023-09-14 22:00:00,35.799,35.808,35.797,35.802
2023-09-14 22:30:00,35.802,35.806,35.769,35.772
2023-09-14 23:00:00,35.773,35.784,35.766,35.77
2023-09-14 23:30:00,35.771,35.774,35.74,35.74
2023-09-15 00:00:00,35.741,35.748,35.724,35.736
2023-09-15 00:30:00,35.736,35.751,35.736,35.75
2023-09-15 01:00:00,35.75,35.766,35.748,35.765
2023-09-15 01:30:00,35.764,35.778,35.762,35.778
2023-09-15 02:00:00,35.776,35.8,35.775,35.798
2023-09-15 02:30:00,35.797,35.799,35.774,35.787
2023-09-15 03:00:00,35.788,35.803,35.763,35.784
2023-09-15 03:30:00,35.784,35.787,35.739,35.763
2023-09-15 04:00:00,35.764,35.802,35.759,35.791
2023-09-15 04:30:00,35.79,35.804,35.765,35.766
2023-09-15 05:00:00,35.765,35.765,35.719,35.736
2023-09-15 05:30:00,35.738,35.758,35.731,35.754
2023-09-15 06:00:00,35.752,35.791,35.752,35.774
2023-09-15 06:30:00,35.773,35.784,35.758,35.767
2023-09-15 07:00:00,35.767,35.783,35.766,35.773
2023-09-15 07:30:00,35.773,35.776,35.75,35.75
2023-09-15 08:00:00,35.751,35.789,35.747,35.773
2023-09-15 08:30:00,35.772,35.798,35.772,35.787
2023-09-15 09:00:00,35.786,35.795,35.762,35.767
2023-09-15 09:30:00,35.768,35.77,35.754,35.764
2023-09-15 10:00:00,35.765,35.791,35.762,35.788
2023-09-15 10:30:00,35.79,35.816,35.788,35.793
2023-09-15 11:00:00,35.793,35.813,35.788,35.795
2023-09-15 11:30:00,35.796,35.803,35.784,35.79
2023-09-15 12:00:00,35.791,35.796,35.786,35.791
2023-09-15 12:30:00,35.79,35.838,35.787,35.814
2023-09-15 13:00:00,35.814,35.823,35.799,35.811
2023-09-15 13:30:00,35.81,35.823,35.804,35.823
2023-09-15 14:00:00,35.824,35.831,35.786,35.791
2023-09-15 14:30:00,35.793,35.799,35.781,35.79
2023-09-15 15:00:00,35.791,35.81,35.785,35.8
2023-09-15 15:30:00,35.797,35.822,35.771,35.779
2023-09-15 16:00:00,35.778,35.779,35.724,35.733
2023-09-15 16:30:00,35.734,35.746,35.725,35.734
2023-09-15 17:00:00,35.729,35.73,35.657,35.685
2023-09-15 17:30:00,35.686,35.725,35.681,35.713
2023-09-15 18:00:00,35.714,35.737,35.701,35.704
2023-09-15 18:30:00,35.705,35.734,35.704,35.718
2023-09-15 19:00:00,35.717,35.717,35.698,35.708
2023-09-15 19:30:00,35.707,35.71,35.703,35.707
2023-09-15 20:00:00,35.707,35.72,35.706,35.712
2023-09-15 20:30:00,35.716,35.718,35.712,35.713
2023-09-15 21:00:00,35.713,35.738,35.708,35.734
2023-09-15 21:30:00,35.734,35.744,35.729,35.733
2023-09-15 22:00:00,35.732,35.733,35.681,35.682
2023-09-15 22:30:00,35.683,35.697,35.68,35.683
2023-09-15 23:00:00,35.682,35.685,35.662,35.665
2023-09-15 23:30:00,35.663,35.701,35.605,35.671
2023-09-18 00:00:00,35.63,35.685,35.63,35.67
2023-09-18 00:30:00,35.641,35.694,35.641,35.694
2023-09-18 01:00:00,35.696,35.721,35.673,35.682
2023-09-18 01:30:00,35.681,35.712,35.681,35.711
2023-09-18 02:00:00,35.711,35.746,35.704,35.738
2023-09-18 02:30:00,35.739,35.739,35.689,35.699
2023-09-18 03:00:00,35.7,35.741,35.667,35.729
2023-09-18 03:30:00,35.73,35.734,35.72,35.723
2023-09-18 04:00:00,35.722,35.74,35.668,35.738
2023-09-18 04:30:00,35.737,35.758,35.712,35.733
2023-09-18 05:00:00,35.734,35.736,35.662,35.664
2023-09-18 05:30:00,35.665,35.679,35.627,35.66
2023-09-18 06:00:00,35.66,35.674,35.654,35.663
2023-09-18 06:30:00,35.663,35.686,35.66,35.684
2023-09-18 07:00:00,35.683,35.687,35.642,35.643
2023-09-18 07:30:00,35.642,35.655,35.631,35.649
2023-09-18 08:00:00,35.65,35.658,35.644,35.651
2023-09-18 08:30:00,35.651,35.661,35.64,35.66
2023-09-18 09:00:00,35.661,35.664,35.648,35.663
2023-09-18 09:30:00,35.662,35.69,35.661,35.684
2023-09-18 10:00:00,35.686,35.698,35.676,35.677
2023-09-18 10:30:00,35.677,35.698,35.668,35.696
2023-09-18 11:00:00,35.695,35.714,35.685,35.706
2023-09-18 11:30:00,35.707,35.724,35.696,35.696
2023-09-18 12:00:00,35.697,35.713,35.689,35.708
2023-09-18 12:30:00,35.708,35.735,35.703,35.725
2023-09-18 13:00:00,35.726,35.729,35.701,35.71
2023-09-18 13:30:00,35.709,35.729,35.706,35.729
2023-09-18 14:00:00,35.729,35.733,35.718,35.725
2023-09-18 14:30:00,35.724,35.729,35.707,35.707
2023-09-18 15:00:00,35.708,35.712,35.7,35.701
2023-09-18 15:30:00,35.701,35.72,35.698,35.717
2023-09-18 16:00:00,35.717,35.737,35.706,35.71
2023-09-18 16:30:00,35.711,35.743,35.71,35.735
2023-09-18 17:00:00,35.735,35.754,35.731,35.744
2023-09-18 17:30:00,35.743,35.753,35.727,35.735
2023-09-18 18:00:00,35.734,35.745,35.722,35.729
2023-09-18 18:30:00,35.728,35.734,35.708,35.715
2023-09-18 19:00:00,35.714,35.727,35.694,35.719
2023-09-18 19:30:00,35.722,35.724,35.694,35.694
2023-09-18 20:00:00,35.693,35.695,35.68,35.687
2023-09-18 20:30:00,35.69,35.695,35.681,35.692
2023-09-18 21:00:00,35.69,35.694,35.681,35.685
2023-09-18 21:30:00,35.687,35.691,35.681,35.681
2023-09-18 22:00:00,35.683,35.683,35.678,35.679
2023-09-18 22:30:00,35.678,35.678,35.667,35.673
2023-09-18 23:00:00,35.67,35.678,35.668,35.674
2023-09-18 23:30:00,35.676,35.677,35.64,35.642
2023-09-19 00:00:00,35.654,35.66,35.631,35.633
2023-09-19 00:30:00,35.662,35.669,35.658,35.667
2023-09-19 01:00:00,35.666,35.684,35.663,35.68
2023-09-19 01:30:00,35.682,35.688,35.675,35.68
2023-09-19 02:00:00,35.679,35.684,35.653,35.653
2023-09-19 02:30:00,35.653,35.681,35.65,35.68
2023-09-19 03:00:00,35.68,35.682,35.652,35.666
2023-09-19 03:30:00,35.665,35.699,35.66,35.676
2023-09-19 04:00:00,35.676,35.701,35.669,35.694
2023-09-19 04:30:00,35.695,35.718,35.686,35.693
2023-09-19 05:00:00,35.692,35.719,35.691,35.716
2023-09-19 05:30:00,35.715,35.732,35.707,35.73
2023-09-19 06:00:00,35.728,35.735,35.716,35.722
2023-09-19 06:30:00,35.722,35.755,35.72,35.753
2023-09-19 07:00:00,35.753,35.776,35.746,35.766
2023-09-19 07:30:00,35.765,35.784,35.764,35.783
2023-09-19 08:00:00,35.784,35.842,35.782,35.826
2023-09-19 08:30:00,35.826,35.838,35.802,35.836
2023-09-19 09:00:00,35.837,35.907,35.835,35.905
2023-09-19 09:30:00,35.906,35.961,35.906,35.936
2023-09-19 10:00:00,35.935,35.937,35.906,35.928
2023-09-19 10:30:00,35.929,35.941,35.922,35.928
2023-09-19 11:00:00,35.929,35.981,35.928,35.978
2023-09-19 11:30:00,35.977,36.004,35.961,35.979
2023-09-19 12:00:00,35.978,35.991,35.977,35.983
2023-09-19 12:30:00,35.984,35.99,35.942,35.945
2023-09-19 13:00:00,35.944,35.954,35.923,35.948
2023-09-19 13:30:00,35.947,35.959,35.934,35.956
2023-09-19 14:00:00,35.956,35.958,35.944,35.947
2023-09-19 14:30:00,35.948,35.954,35.944,35.947
2023-09-19 15:00:00,35.947,35.947,35.922,35.929
2023-09-19 15:30:00,35.928,35.974,35.928,35.961
2023-09-19 16:00:00,35.962,35.986,35.961,35.984
2023-09-19 16:30:00,35.983,35.986,35.971,35.974
2023-09-19 17:00:00,35.973,35.994,35.973,35.993
2023-09-19 17:30:00,35.992,35.999,35.985,35.997
2023-09-19 18:00:00,35.997,36.006,35.991,36.004
2023-09-19 18:30:00,36.003,36.009,36.001,36.004
2023-09-19 19:00:00,36.003,36.019,36.003,36.017
2023-09-19 19:30:00,36.018,36.036,36.016,36.036
2023-09-19 20:00:00,36.037,36.037,36.03,36.032
2023-09-19 20:30:00,36.032,36.038,36.026,36.033
2023-09-19 21:00:00,36.034,36.049,36.031,36.045
2023-09-19 21:30:00,36.049,36.058,36.041,36.056
2023-09-19 22:00:00,36.055,36.059,36.041,36.047
2023-09-19 22:30:00,36.047,36.072,36.047,36.07
2023-09-19 23:00:00,36.069,36.076,36.049,36.05
2023-09-19 23:30:00,36.049,36.05,36.013,36.022
2023-09-20 00:00:00,36.026,36.026,35.966,36.019
2023-09-20 00:30:00,36.02,36.024,35.996,36.018
2023-09-20 01:00:00,36.019,36.028,36.01,36.026
2023-09-20 01:30:00,36.025,36.045,36.021,36.03
2023-09-20 02:00:00,36.029,36.029,36.006,36.015
2023-09-20 02:30:00,36.016,36.025,36.012,36.016
2023-09-20 03:00:00,36.014,36.077,36.011,36.075
2023-09-20 03:30:00,36.075,36.095,36.05,36.07
2023-09-20 04:00:00,36.068,36.126,36.068,36.122
2023-09-20 04:30:00,36.123,36.146,36.109,36.112
2023-09-20 05:00:00,36.112,36.167,36.108,36.163
2023-09-20 05:30:00,36.163,36.261,36.163,36.246
2023-09-20 06:00:00,36.246,36.253,36.205,36.234
2023-09-20 06:30:00,36.235,36.284,36.227,36.263
2023-09-20 07:00:00,36.263,36.334,36.259,36.291
2023-09-20 07:30:00,36.291,36.316,36.252,36.266
2023-09-20 08:00:00,36.264,36.272,36.242,36.257
2023-09-20 08:30:00,36.258,36.259,36.227,36.243
2023-09-20 09:00:00,36.242,36.247,36.19,36.207
2023-09-20 09:30:00,36.205,36.217,36.163,36.164
2023-09-20 10:00:00,36.163,36.171,36.133,36.139
2023-09-20 10:30:00,36.14,36.154,36.131,36.142
2023-09-20 11:00:00,36.141,36.141,36.092,36.106
2023-09-20 11:30:00,36.105,36.108,36.082,36.094
2023-09-20 12:00:00,36.092,36.093,36.062,36.078
2023-09-20 12:30:00,36.078,36.083,36.039,36.052
2023-09-20 13:00:00,36.052,36.067,36.05,36.06
2023-09-20 13:30:00,36.06,36.074,36.026,36.026
2023-09-20 14:00:00,36.028,36.051,36.022,36.049
2023-09-20 14:30:00,36.048,36.067,36.046,36.053
2023-09-20 15:00:00,36.053,36.059,36.048,36.051
2023-09-20 15:30:00,36.052,36.053,36.013,36.017
2023-09-20 16:00:00,36.016,36.018,35.967,35.993
2023-09-20 16:30:00,35.993,36.004,35.932,35.942
2023-09-20 17:00:00,35.941,35.956,35.933,35.948
2023-09-20 17:30:00,35.949,35.953,35.935,35.937
2023-09-20 18:00:00,35.938,35.947,35.936,35.939
2023-09-20 18:30:00,35.94,35.952,35.932,35.933
2023-09-20 19:00:00,35.934,35.935,35.902,35.903
2023-09-20 19:30:00,35.903,35.904,35.86,35.868
2023-09-20 20:00:00,35.869,35.878,35.865,35.867
2023-09-20 20:30:00,35.869,35.896,35.855,35.857
2023-09-20 21:00:00,35.855,36.027,35.851,36.015
2023-09-20 21:30:00,36.014,36.026,35.935,36.026
2023-09-20 22:00:00,36.027,36.09,36.015,36.083
2023-09-20 22:30:00,36.082,36.118,36.08,36.112
2023-09-20 23:00:00,36.113,36.119,36.11,36.119
2023-09-20 23:30:00,36.118,36.122,36.105,36.114
2023-09-21 00:00:00,36.127,36.127,36.1,36.122
2023-09-21 00:30:00,36.122,36.128,36.12,36.125
2023-09-21 01:00:00,36.124,36.157,36.123,36.154
2023-09-21 01:30:00,36.155,36.183,36.141,36.181
2023-09-21 02:00:00,36.18,36.2,36.153,36.18
2023-09-21 02:30:00,36.181,36.244,36.18,36.241
2023-09-21 03:00:00,36.242,36.295,36.234,36.295
2023-09-21 03:30:00,36.296,36.312,36.279,36.304
2023-09-21 04:00:00,36.305,36.314,36.231,36.258
2023-09-21 04:30:00,36.255,36.262,36.195,36.235
2023-09-21 05:00:00,36.236,36.251,36.216,36.232
2023-09-21 05:30:00,36.233,36.253,36.229,36.239
2023-09-21 06:00:00,36.238,36.253,36.203,36.218
2023-09-21 06:30:00,36.218,36.227,36.166,36.172
2023-09-21 07:00:00,36.171,36.188,36.157,36.163
2023-09-21 07:30:00,36.163,36.173,36.138,36.156
2023-09-21 08:00:00,36.155,36.165,36.145,36.16
2023-09-21 08:30:00,36.161,36.203,36.151,36.201
2023-09-21 09:00:00,36.202,36.202,36.15,36.19
2023-09-21 09:30:00,36.189,36.199,36.157,36.158
2023-09-21 10:00:00,36.158,36.164,36.093,36.112
2023-09-21 10:30:00,36.113,36.139,36.104,36.128
2023-09-21 11:00:00,36.127,36.132,36.073,36.076
2023-09-21 11:30:00,36.075,36.134,36.073,36.126
2023-09-21 12:00:00,36.125,36.165,36.124,36.165
2023-09-21 12:30:00,36.165,36.17,36.144,36.144
2023-09-21 13:00:00,36.144,36.155,36.128,36.133
2023-09-21 13:30:00,36.132,36.146,36.117,36.14
2023-09-21 14:00:00,36.141,36.174,36.141,36.167
2023-09-21 14:30:00,36.166,36.171,36.139,36.167
2023-09-21 15:00:00,36.166,36.225,36.166,36.217
2023-09-21 15:30:00,36.216,36.267,36.213,36.232
2023-09-21 16:00:00,36.232,36.238,36.201,36.215
2023-09-21 16:30:00,36.216,36.229,36.192,36.217
2023-09-21 17:00:00,36.213,36.222,36.15,36.165
2023-09-21 17:30:00,36.167,36.172,36.107,36.125
2023-09-21 18:00:00,36.126,36.146,36.109,36.144
2023-09-21 18:30:00,36.143,36.175,36.138,36.138
2023-09-21 19:00:00,36.139,36.182,36.125,36.161
2023-09-21 19:30:00,36.162,36.163,36.113,36.137
2023-09-21 20:00:00,36.138,36.139,36.103,36.114
2023-09-21 20:30:00,36.113,36.134,36.109,36.128
2023-09-21 21:00:00,36.129,36.135,36.126,36.131
2023-09-21 21:30:00,36.132,36.148,36.129,36.143
2023-09-21 22:00:00,36.146,36.149,36.138,36.143
2023-09-21 22:30:00,36.142,36.144,36.101,36.103
2023-09-21 23:00:00,36.103,36.117,36.101,36.117
2023-09-21 23:30:00,36.116,36.123,36.077,36.078
2023-09-22 00:00:00,36.078,36.115,36.042,36.042
2023-09-22 00:30:00,36.114,36.114,36.039,36.11
2023-09-22 01:00:00,36.085,36.118,36.076,36.112
2023-09-22 01:30:00,36.112,36.118,36.103,36.112
2023-09-22 02:00:00,36.111,36.117,36.104,36.112
2023-09-22 02:30:00,36.111,36.117,36.102,36.11
2023-09-22 03:00:00,36.112,36.137,36.108,36.133
2023-09-22 03:30:00,36.133,36.157,36.125,36.156
2023-09-22 04:00:00,36.157,36.241,36.155,36.191
2023-09-22 04:30:00,36.191,36.238,36.187,36.218
2023-09-22 05:00:00,36.219,36.245,36.203,36.214
2023-09-22 05:30:00,36.215,36.225,36.16,36.178
2023-09-22 06:00:00,36.179,36.201,36.152,36.199
2023-09-22 06:30:00,36.195,36.195,36.173,36.191
2023-09-22 07:00:00,36.193,36.21,36.172,36.188
2023-09-22 07:30:00,36.187,36.223,36.186,36.218
2023-09-22 08:00:00,36.219,36.223,36.204,36.213
2023-09-22 08:30:00,36.212,36.227,36.204,36.227
2023-09-22 09:00:00,36.226,36.237,36.189,36.193
2023-09-22 09:30:00,36.192,36.208,36.135,36.146
2023-09-22 10:00:00,36.145,36.16,36.055,36.099
2023-09-22 10:30:00,36.097,36.097,36.027,36.028
2023-09-22 11:00:00,36.028,36.048,35.996,36.022
2023-09-22 11:30:00,36.023,36.062,36.022,36.033
2023-09-22 12:00:00,36.034,36.041,36.02,36.021
2023-09-22 12:30:00,36.021,36.032,35.995,36.005
2023-09-22 13:00:00,36.004,36.018,35.97,35.98
2023-09-22 13:30:00,35.979,36.0,35.976,35.994
2023-09-22 14:00:00,35.993,36.008,35.978,35.985
2023-09-22 14:30:00,35.986,35.988,35.971,35.985
2023-09-22 15:00:00,35.984,35.984,35.948,35.954
2023-09-22 15:30:00,35.953,35.962,35.923,35.94
2023-09-22 16:00:00,35.941,35.955,35.922,35.955
2023-09-22 16:30:00,35.956,35.972,35.927,35.932
2023-09-22 17:00:00,35.934,35.935,35.901,35.904
2023-09-22 17:30:00,35.903,35.951,35.899,35.918
2023-09-22 18:00:00,35.919,35.933,35.909,35.915
2023-09-22 18:30:00,35.913,35.925,35.903,35.925
2023-09-22 19:00:00,35.922,35.964,35.917,35.964
2023-09-22 19:30:00,35.964,35.967,35.949,35.958
2023-09-22 20:00:00,35.958,35.969,35.95,35.958
2023-09-22 20:30:00,35.959,36.02,35.959,36.009
2023-09-22 21:00:00,36.01,36.011,36.004,36.004
2023-09-22 21:30:00,36.003,36.005,35.985,35.991
2023-09-22 22:00:00,35.992,35.995,35.979,35.982
2023-09-22 22:30:00,35.983,35.999,35.942,35.971
2023-09-22 23:00:00,35.969,35.979,35.927,35.965
2023-09-22 23:30:00,35.967,35.97,35.868,35.896
2023-09-25 00:00:00,35.904,35.904,35.904,35.904
2023-09-25 00:30:00,35.904,35.926,35.904,35.92
2023-09-25 01:00:00,35.922,35.98,35.911,35.964
2023-09-25 01:30:00,35.964,35.979,35.931,35.954
2023-09-25 02:00:00,35.953,35.991,35.938,35.986
2023-09-25 02:30:00,35.99,35.99,35.96,35.987
2023-09-25 03:00:00,35.988,35.997,35.922,35.955
2023-09-25 03:30:00,35.955,35.965,35.899,35.916
2023-09-25 04:00:00,35.917,35.94,35.903,35.931
2023-09-25 04:30:00,35.932,35.977,35.929,35.964
2023-09-25 05:00:00,35.963,36.025,35.961,36.013
2023-09-25 05:30:00,36.011,36.021,35.973,35.986
2023-09-25 06:00:00,35.985,36.006,35.981,35.986
2023-09-25 06:30:00,35.985,36.033,35.985,36.011
2023-09-25 07:00:00,36.013,36.021,36.0,36.003
2023-09-25 07:30:00,36.003,36.016,36.0,36.014
2023-09-25 08:00:00,36.015,36.04,36.002,36.029
2023-09-25 08:30:00,36.028,36.056,36.028,36.046
2023-09-25 09:00:00,36.047,36.05,36.031,36.038
2023-09-25 09:30:00,36.039,36.043,36.018,36.025
2023-09-25 10:00:00,36.024,36.06,36.013,36.059
2023-09-25 10:30:00,36.058,36.089,36.055,36.076
2023-09-25 11:00:00,36.075,36.09,36.069,36.088
2023-09-25 11:30:00,36.089,36.119,36.081,36.115
2023-09-25 12:00:00,36.116,36.136,36.102,36.136
2023-09-25 12:30:00,36.135,36.151,36.123,36.133
2023-09-25 13:00:00,36.134,36.145,36.103,36.113
2023-09-25 13:30:00,36.114,36.114,36.09,36.1
2023-09-25 14:00:00,36.099,36.116,36.099,36.116
2023-09-25 14:30:00,36.115,36.117,36.107,36.112
2023-09-25 15:00:00,36.111,36.119,36.1,36.108
2023-09-25 15:30:00,36.107,36.112,36.098,36.103
2023-09-25 16:00:00,36.102,36.139,36.102,36.131
2023-09-25 16:30:00,36.132,36.148,36.112,36.116
2023-09-25 17:00:00,36.119,36.154,36.114,36.144
2023-09-25 17:30:00,36.143,36.146,36.11,36.133
2023-09-25 18:00:00,36.134,36.147,36.12,36.125
2023-09-25 18:30:00,36.123,36.125,36.109,36.123
2023-09-25 19:00:00,36.124,36.16,36.123,36.157
2023-09-25 19:30:00,36.158,36.161,36.141,36.143
2023-09-25 20:00:00,36.144,36.151,36.135,36.142
2023-09-25 20:30:00,36.143,36.176,36.142,36.17
2023-09-25 21:00:00,36.18,36.196,36.174,36.191
2023-09-25 21:30:00,36.19,36.196,36.19,36.19
2023-09-25 22:00:00,36.189,36.199,36.189,36.193
2023-09-25 22:30:00,36.192,36.197,36.19,36.194
2023-09-25 23:00:00,36.195,36.207,36.183,36.202
2023-09-25 23:30:00,36.2,36.207,36.174,36.178
2023-09-26 00:00:00,36.189,36.19,36.14,36.187
2023-09-26 00:30:00,36.186,36.193,36.149,36.149
2023-09-26 01:00:00,36.148,36.163,36.146,36.162
2023-09-26 01:30:00,36.161,36.167,36.16,36.162
2023-09-26 02:00:00,36.161,36.192,36.16,36.168
2023-09-26 02:30:00,36.169,36.175,36.159,36.171
2023-09-26 03:00:00,36.171,36.203,36.154,36.203
2023-09-26 03:30:00,36.203,36.206,36.179,36.206
2023-09-26 04:00:00,36.207,36.253,36.204,36.251
2023-09-26 04:30:00,36.25,36.338,36.249,36.337
2023-09-26 05:00:00,36.339,36.416,36.325,36.345
2023-09-26 05:30:00,36.346,36.397,36.343,36.384
2023-09-26 06:00:00,36.384,36.389,36.315,36.362
2023-09-26 06:30:00,36.363,36.395,36.332,36.333
2023-09-26 07:00:00,36.332,36.344,36.274,36.298
2023-09-26 07:30:00,36.296,36.348,36.289,36.326
2023-09-26 08:00:00,36.327,36.356,36.311,36.352
2023-09-26 08:30:00,36.352,36.358,36.329,36.342
2023-09-26 09:00:00,36.341,36.364,36.331,36.348
2023-09-26 09:30:00,36.349,36.378,36.343,36.376
2023-09-26 10:00:00,36.375,36.415,36.373,36.374
2023-09-26 10:30:00,36.374,36.374,36.339,36.342
2023-09-26 11:00:00,36.342,36.343,36.255,36.261
2023-09-26 11:30:00,36.26,36.353,36.26,36.348
2023-09-26 12:00:00,36.349,36.368,36.345,36.346
2023-09-26 12:30:00,36.345,36.382,36.343,36.36
2023-09-26 13:00:00,36.36,36.377,36.358,36.366
2023-09-26 13:30:00,36.365,36.379,36.36,36.372
2023-09-26 14:00:00,36.373,36.385,36.347,36.357
2023-09-26 14:30:00,36.356,36.372,36.352,36.366
2023-09-26 15:00:00,36.367,36.367,36.29,36.329
2023-09-26 15:30:00,36.328,36.384,36.314,36.332
2023-09-26 16:00:00,36.333,36.385,36.333,36.383
2023-09-26 16:30:00,36.383,36.414,36.366,36.368
2023-09-26 17:00:00,36.363,36.402,36.36,36.395
2023-09-26 17:30:00,36.395,36.431,36.39,36.429
2023-09-26 18:00:00,36.43,36.488,36.425,36.486
2023-09-26 18:30:00,36.487,36.49,36.455,36.47
2023-09-26 19:00:00,36.469,36.474,36.429,36.432
2023-09-26 19:30:00,36.435,36.453,36.432,36.441
2023-09-26 20:00:00,36.44,36.441,36.419,36.424
2023-09-26 20:30:00,36.422,36.448,36.422,36.441
2023-09-26 21:00:00,36.442,36.458,36.439,36.451
2023-09-26 21:30:00,36.452,36.455,36.445,36.446
2023-09-26 22:00:00,36.446,36.448,36.433,36.444
2023-09-26 22:30:00,36.439,36.44,36.407,36.421
2023-09-26 23:00:00,36.413,36.414,36.363,36.382
2023-09-26 23:30:00,36.381,36.385,36.341,36.353
2023-09-27 00:00:00,36.369,36.369,36.256,36.333
2023-09-27 00:30:00,36.336,36.355,36.324,36.344
2023-09-27 01:00:00,36.341,36.382,36.334,36.381
2023-09-27 01:30:00,36.382,36.384,36.379,36.382
2023-09-27 02:00:00,36.383,36.425,36.383,36.42
2023-09-27 02:30:00,36.421,36.447,36.407,36.413
2023-09-27 03:00:00,36.412,36.428,36.403,36.419
2023-09-27 03:30:00,36.419,36.482,36.414,36.477
2023-09-27 04:00:00,36.477,36.478,36.427,36.429
2023-09-27 04:30:00,36.429,36.45,36.398,36.428
2023-09-27 05:00:00,36.427,36.466,36.427,36.461
2023-09-27 05:30:00,36.461,36.493,36.459,36.493
2023-09-27 06:00:00,36.492,36.512,36.473,36.48
2023-09-27 06:30:00,36.48,36.5,36.469,36.499
2023-09-27 07:00:00,36.499,36.563,36.498,36.553
2023-09-27 07:30:00,36.553,36.562,36.53,36.557
2023-09-27 08:00:00,36.557,36.594,36.546,36.574
2023-09-27 08:30:00,36.574,36.578,36.554,36.573
2023-09-27 09:00:00,36.574,36.592,36.554,36.556
2023-09-27 09:30:00,36.557,36.566,36.533,36.533
2023-09-27 10:00:00,36.533,36.564,36.469,36.551
2023-09-27 10:30:00,36.552,36.569,36.546,36.56
2023-09-27 11:00:00,36.561,36.564,36.522,36.535
2023-09-27 11:30:00,36.536,36.536,36.502,36.516
2023-09-27 12:00:00,36.516,36.56,36.516,36.545
2023-09-27 12:30:00,36.546,36.557,36.521,36.527
2023-09-27 13:00:00,36.526,36.553,36.526,36.533
2023-09-27 13:30:00,36.532,36.537,36.525,36.534
2023-09-27 14:00:00,36.534,36.574,36.534,36.574
2023-09-27 14:30:00,36.574,36.606,36.556,36.567
2023-09-27 15:00:00,36.566,36.594,36.538,36.545
2023-09-27 15:30:00,36.542,36.563,36.528,36.55
2023-09-27 16:00:00,36.551,36.572,36.546,36.568
2023-09-27 16:30:00,36.569,36.643,36.569,36.612
2023-09-27 17:00:00,36.611,36.616,36.581,36.594
2023-09-27 17:30:00,36.592,36.611,36.577,36.6
2023-09-27 18:00:00,36.598,36.612,36.569,36.601
2023-09-27 18:30:00,36.602,36.654,36.594,36.653
2023-09-27 19:00:00,36.652,36.678,36.651,36.67
2023-09-27 19:30:00,36.67,36.701,36.668,36.693
2023-09-27 20:00:00,36.692,36.754,36.675,36.753
2023-09-27 20:30:00,36.752,36.752,36.716,36.723
2023-09-27 21:00:00,36.724,36.737,36.723,36.732
2023-09-27 21:30:00,36.733,36.734,36.687,36.703
2023-09-27 22:00:00,36.704,36.706,36.653,36.66
2023-09-27 22:30:00,36.662,36.674,36.648,36.667
2023-09-27 23:00:00,36.668,36.68,36.658,36.658
2023-09-27 23:30:00,36.659,36.667,36.624,36.624
2023-09-28 00:00:00,36.596,36.611,36.591,36.604
2023-09-28 00:30:00,36.611,36.623,36.609,36.621
2023-09-28 01:00:00,36.63,36.631,36.615,36.63
2023-09-28 01:30:00,36.629,36.632,36.627,36.627
2023-09-28 02:00:00,36.628,36.645,36.62,36.642
2023-09-28 02:30:00,36.642,36.667,36.642,36.666
2023-09-28 03:00:00,36.669,36.688,36.658,36.688
2023-09-28 03:30:00,36.688,36.69,36.637,36.672
2023-09-28 04:00:00,36.671,36.732,36.664,36.712
2023-09-28 04:30:00,36.712,36.742,36.707,36.729
2023-09-28 05:00:00,36.729,36.735,36.712,36.727
2023-09-28 05:30:00,36.728,36.777,36.727,36.769
2023-09-28 06:00:00,36.771,36.781,36.758,36.769
2023-09-28 06:30:00,36.77,36.787,36.735,36.786
2023-09-28 07:00:00,36.787,36.801,36.773,36.779
2023-09-28 07:30:00,36.778,36.779,36.754,36.759
2023-09-28 08:00:00,36.759,36.76,36.731,36.753
2023-09-28 08:30:00,36.754,36.763,36.74,36.756
2023-09-28 09:00:00,36.755,36.767,36.732,36.763
2023-09-28 09:30:00,36.764,36.791,36.761,36.764
2023-09-28 10:00:00,36.767,36.785,36.745,36.75
2023-09-28 10:30:00,36.751,36.783,36.751,36.78
2023-09-28 11:00:00,36.779,36.822,36.779,36.819
2023-09-28 11:30:00,36.819,36.828,36.8,36.804
2023-09-28 12:00:00,36.804,36.814,36.782,36.786
2023-09-28 12:30:00,36.787,36.791,36.743,36.75
2023-09-28 13:00:00,36.748,36.75,36.723,36.744
2023-09-28 13:30:00,36.745,36.747,36.704,36.729
2023-09-28 14:00:00,36.73,36.734,36.712,36.724
2023-09-28 14:30:00,36.723,36.725,36.671,36.686
2023-09-28 15:00:00,36.687,36.687,36.669,36.679
2023-09-28 15:30:00,36.67,36.777,36.637,36.755
2023-09-28 16:00:00,36.75,36.762,36.685,36.685
2023-09-28 16:30:00,36.684,36.702,36.642,36.669
2023-09-28 17:00:00,36.67,36.68,36.637,36.673
2023-09-28 17:30:00,36.673,36.698,36.645,36.662
2023-09-28 18:00:00,36.663,36.681,36.654,36.663
2023-09-28 18:30:00,36.661,36.664,36.567,36.567
2023-09-28 19:00:00,36.567,36.594,36.566,36.571
2023-09-28 19:30:00,36.572,36.575,36.547,36.571
2023-09-28 20:00:00,36.57,36.583,36.561,36.575
2023-09-28 20:30:00,36.576,36.59,36.576,36.589
2023-09-28 21:00:00,36.59,36.591,36.558,36.559
2023-09-28 21:30:00,36.559,36.581,36.553,36.562
2023-09-28 22:00:00,36.561,36.572,36.545,36.547
2023-09-28 22:30:00,36.544,36.552,36.53,36.531
2023-09-28 23:00:00,36.53,36.569,36.53,36.548
2023-09-28 23:30:00,36.548,36.551,36.505,36.517
2023-09-29 00:00:00,36.518,36.528,36.452,36.452
2023-09-29 00:30:00,36.499,36.537,36.496,36.529
2023-09-29 01:00:00,36.529,36.54,36.528,36.529
2023-09-29 01:30:00,36.529,36.568,36.521,36.556
2023-09-29 02:00:00,36.557,36.571,36.556,36.556
2023-09-29 02:30:00,36.555,36.608,36.555,36.579
2023-09-29 03:00:00,36.58,36.597,36.564,36.564
2023-09-29 03:30:00,36.565,36.636,36.563,36.622
2023-09-29 04:00:00,36.623,36.625,36.567,36.582
2023-09-29 04:30:00,36.582,36.592,36.541,36.541
2023-09-29 05:00:00,36.54,36.551,36.497,36.543
2023-09-29 05:30:00,36.543,36.586,36.542,36.565
2023-09-29 06:00:00,36.566,36.596,36.557,36.588
2023-09-29 06:30:00,36.589,36.603,36.566,36.586
2023-09-29 07:00:00,36.585,36.589,36.569,36.579
2023-09-29 07:30:00,36.577,36.595,36.577,36.593
2023-09-29 08:00:00,36.594,36.625,36.589,36.625
2023-09-29 08:30:00,36.624,36.644,36.602,36.622
2023-09-29 09:00:00,36.621,36.623,36.532,36.533
2023-09-29 09:30:00,36.533,36.546,36.462,36.504
2023-09-29 10:00:00,36.505,36.523,36.423,36.426
2023-09-29 10:30:00,36.427,36.48,36.393,36.461
2023-09-29 11:00:00,36.461,36.496,36.457,36.483
2023-09-29 11:30:00,36.482,36.486,36.435,36.465
2023-09-29 12:00:00,36.466,36.481,36.446,36.468
2023-09-29 12:30:00,36.469,36.472,36.408,36.409
2023-09-29 13:00:00,36.408,36.446,36.408,36.431
2023-09-29 13:30:00,36.432,36.433,36.39,36.416
2023-09-29 14:00:00,36.415,36.509,36.414,36.5
2023-09-29 14:30:00,36.502,36.526,36.488,36.513
2023-09-29 15:00:00,36.514,36.523,36.445,36.46
2023-09-29 15:30:00,36.464,36.511,36.431,36.437
2023-09-29 16:00:00,36.436,36.474,36.417,36.43
2023-09-29 16:30:00,36.431,36.493,36.429,36.444
2023-09-29 17:00:00,36.443,36.585,36.441,36.575
2023-09-29 17:30:00,36.572,36.572,36.5,36.514
2023-09-29 18:00:00,36.513,36.557,36.511,36.555
2023-09-29 18:30:00,36.556,36.574,36.55,36.563
2023-09-29 19:00:00,36.564,36.577,36.556,36.564
2023-09-29 19:30:00,36.564,36.572,36.559,36.569
2023-09-29 20:00:00,36.569,36.587,36.566,36.575
2023-09-29 20:30:00,36.576,36.589,36.573,36.587
2023-09-29 21:00:00,36.583,36.603,36.58,36.591
2023-09-29 21:30:00,36.593,36.593,36.567,36.58
2023-09-29 22:00:00,36.581,36.587,36.534,36.564
2023-09-29 22:30:00,36.565,36.586,36.56,36.586
2023-09-29 23:00:00,36.584,36.621,36.584,36.604
2023-09-29 23:30:00,36.603,36.619,36.485,36.5
2023-10-02 00:00:00,36.521,36.521,36.481,36.521
2023-10-02 00:30:00,36.521,36.522,36.486,36.522
2023-10-02 01:00:00,36.521,36.61,36.52,36.61
2023-10-02 01:30:00,36.609,36.633,36.609,36.63
2023-10-02 02:00:00,36.631,36.697,36.626,36.673
2023-10-02 02:30:00,36.673,36.686,36.67,36.671
2023-10-02 03:00:00,36.673,36.736,36.668,36.736
2023-10-02 03:30:00,36.738,36.754,36.717,36.735
2023-10-02 04:00:00,36.736,36.759,36.703,36.715
2023-10-02 04:30:00,36.716,36.752,36.699,36.747
2023-10-02 05:00:00,36.747,36.787,36.734,36.781
2023-10-02 05:30:00,36.779,36.782,36.726,36.751
2023-10-02 06:00:00,36.751,36.765,36.736,36.741
2023-10-02 06:30:00,36.742,36.768,36.729,36.756
2023-10-02 07:00:00,36.755,36.765,36.747,36.757
2023-10-02 07:30:00,36.757,36.767,36.751,36.766
2023-10-02 08:00:00,36.766,36.831,36.764,36.825
2023-10-02 08:30:00,36.826,36.879,36.81,36.863
2023-10-02 09:00:00,36.862,36.862,36.824,36.824
2023-10-02 09:30:00,36.824,36.833,36.774,36.774
2023-10-02 10:00:00,36.775,36.809,36.766,36.793
2023-10-02 10:30:00,36.793,36.89,36.793,36.873
2023-10-02 11:00:00,36.873,36.895,36.859,36.884
2023-10-02 11:30:00,36.883,36.892,36.875,36.889
2023-10-02 12:00:00,36.889,36.942,36.883,36.94
2023-10-02 12:30:00,36.941,36.952,36.926,36.931
2023-10-02 13:00:00,36.931,36.965,36.931,36.965
2023-10-02 13:30:00,36.965,36.974,36.955,36.957
2023-10-02 14:00:00,36.956,36.963,36.936,36.944
2023-10-02 14:30:00,36.943,36.945,36.928,36.943
2023-10-02 15:00:00,36.942,36.949,36.919,36.933
2023-10-02 15:30:00,36.934,36.955,36.929,36.944
2023-10-02 16:00:00,36.944,36.962,36.941,36.957
2023-10-02 16:30:00,36.957,36.963,36.936,36.942
2023-10-02 17:00:00,36.943,36.984,36.906,36.962
2023-10-02 17:30:00,36.963,36.988,36.956,36.974
2023-10-02 18:00:00,36.973,36.973,36.926,36.932
2023-10-02 18:30:00,36.93,36.954,36.926,36.95
2023-10-02 19:00:00,36.95,36.961,36.938,36.946
2023-10-02 19:30:00,36.946,36.953,36.936,36.938
2023-10-02 20:00:00,36.939,36.943,36.931,36.935
2023-10-02 20:30:00,36.935,36.936,36.929,36.935
2023-10-02 21:00:00,36.935,36.947,36.931,36.946
2023-10-02 21:30:00,36.946,36.946,36.929,36.935
2023-10-02 22:00:00,36.934,36.941,36.929,36.932
2023-10-02 22:30:00,36.934,36.944,36.934,36.944
2023-10-02 23:00:00,36.945,36.977,36.945,36.956
2023-10-02 23:30:00,36.955,36.955,36.921,36.929
2023-10-03 00:00:00,36.875,36.939,36.875,36.939
2023-10-03 00:30:00,36.939,36.939,36.923,36.935
2023-10-03 01:00:00,36.933,36.947,36.916,36.941
2023-10-03 01:30:00,36.942,36.966,36.941,36.957
2023-10-03 02:00:00,36.958,37.011,36.949,36.991
2023-10-03 02:30:00,36.993,37.047,36.991,37.036
2023-10-03 03:00:00,37.037,37.085,37.036,37.067
2023-10-03 03:30:00,37.067,37.088,37.057,37.085
2023-10-03 04:00:00,37.085,37.104,37.04,37.06
2023-10-03 04:30:00,37.058,37.113,37.057,37.108
2023-10-03 05:00:00,37.107,37.138,37.096,37.132
2023-10-03 05:30:00,37.133,37.142,37.116,37.117
2023-10-03 06:00:00,37.116,37.139,37.114,37.123
2023-10-03 06:30:00,37.123,37.133,37.097,37.12
2023-10-03 07:00:00,37.119,37.15,37.118,37.146
2023-10-03 07:30:00,37.145,37.145,37.119,37.134
2023-10-03 08:00:00,37.135,37.137,37.118,37.125
2023-10-03 08:30:00,37.126,37.155,37.123,37.148
2023-10-03 09:00:00,37.145,37.149,37.096,37.112
2023-10-03 09:30:00,37.112,37.141,37.105,37.123
2023-10-03 10:00:00,37.124,37.134,37.115,37.121
2023-10-03 10:30:00,37.121,37.121,37.042,37.065
2023-10-03 11:00:00,37.064,37.065,36.982,36.987
2023-10-03 11:30:00,36.986,37.022,36.974,37.007
2023-10-03 12:00:00,37.008,37.041,37.006,37.016
2023-10-03 12:30:00,37.017,37.065,37.008,37.037
2023-10-03 13:00:00,37.038,37.066,37.03,37.049
2023-10-03 13:30:00,37.045,37.077,37.032,37.077
2023-10-03 14:00:00,37.077,37.103,37.072,37.092
2023-10-03 14:30:00,37.093,37.093,37.033,37.044
2023-10-03 15:00:00,37.043,37.057,37.033,37.035
2023-10-03 15:30:00,37.036,37.054,37.033,37.038
2023-10-03 16:00:00,37.039,37.055,37.012,37.054
2023-10-03 16:30:00,37.054,37.078,37.024,37.028
2023-10-03 17:00:00,37.029,37.158,37.017,37.082
2023-10-03 17:30:00,37.083,37.094,37.024,37.058
2023-10-03 18:00:00,37.059,37.13,37.036,37.094
2023-10-03 18:30:00,37.095,37.103,37.074,37.082
2023-10-03 19:00:00,37.078,37.089,37.048,37.049
2023-10-03 19:30:00,37.048,37.104,37.048,37.097
2023-10-03 20:00:00,37.098,37.1,37.059,37.061
2023-10-03 20:30:00,37.06,37.11,37.06,37.107
2023-10-03 21:00:00,37.107,37.121,37.105,37.114
2023-10-03 21:30:00,37.114,37.114,37.065,37.084
2023-10-03 22:00:00,37.083,37.094,37.067,37.071
2023-10-03 22:30:00,37.074,37.083,37.066,37.078
2023-10-03 23:00:00,37.077,37.087,37.048,37.059
2023-10-03 23:30:00,37.057,37.063,37.03,37.03
2023-10-04 00:00:00,37.03,37.059,36.968,37.048
2023-10-04 00:30:00,37.045,37.051,37.022,37.038
2023-10-04 01:00:00,37.024,37.062,37.007,37.061
2023-10-04 01:30:00,37.06,37.073,37.05,37.069
2023-10-04 02:00:00,37.068,37.088,37.044,37.087
2023-10-04 02:30:00,37.086,37.105,37.085,37.103
2023-10-04 03:00:00,37.102,37.116,37.086,37.101
2023-10-04 03:30:00,37.102,37.102,37.037,37.074
2023-10-04 04:00:00,37.075,37.132,37.072,37.083
2023-10-04 04:30:00,37.083,37.158,37.082,37.139
2023-10-04 05:00:00,37.138,37.163,37.133,37.153
2023-10-04 05:30:00,37.154,37.196,37.151,37.182
2023-10-04 06:00:00,37.183,37.223,37.174,37.174
2023-10-04 06:30:00,37.175,37.21,37.168,37.205
2023-10-04 07:00:00,37.204,37.205,37.177,37.187
2023-10-04 07:30:00,37.187,37.189,37.141,37.158
2023-10-04 08:00:00,37.158,37.184,37.15,37.173
2023-10-04 08:30:00,37.174,37.2,37.164,37.199
2023-10-04 09:00:00,37.199,37.238,37.193,37.219
2023-10-04 09:30:00,37.217,37.22,37.191,37.198
2023-10-04 10:00:00,37.197,37.208,37.147,37.157
2023-10-04 10:30:00,37.157,37.167,37.084,37.086
2023-10-04 11:00:00,37.087,37.113,37.062,37.091
2023-10-04 11:30:00,37.09,37.124,37.057,37.059
2023-10-04 12:00:00,37.058,37.089,37.033,37.083
2023-10-04 12:30:00,37.081,37.097,37.044,37.065
2023-10-04 13:00:00,37.066,37.08,37.036,37.06
2023-10-04 13:30:00,37.059,37.069,37.029,37.029
2023-10-04 14:00:00,37.029,37.033,36.984,36.986
2023-10-04 14:30:00,36.987,36.996,36.978,36.984
2023-10-04 15:00:00,36.985,37.004,36.932,36.956
2023-10-04 15:30:00,36.956,36.992,36.922,36.933
2023-10-04 16:00:00,36.933,36.973,36.932,36.972
2023-10-04 16:30:00,36.972,37.04,36.963,37.038
2023-10-04 17:00:00,37.04,37.074,37.028,37.071
2023-10-04 17:30:00,37.068,37.068,37.014,37.02
2023-10-04 18:00:00,37.021,37.025,36.923,36.941
2023-10-04 18:30:00,36.94,36.959,36.901,36.902
2023-10-04 19:00:00,36.901,36.923,36.898,36.903
2023-10-04 19:30:00,36.902,36.915,36.891,36.91
2023-10-04 20:00:00,36.911,36.922,36.902,36.911
2023-10-04 20:30:00,36.912,36.937,36.909,36.931
2023-10-04 21:00:00,36.931,36.959,36.929,36.957
2023-10-04 21:30:00,36.959,36.961,36.953,36.954
2023-10-04 22:00:00,36.956,36.956,36.91,36.912
2023-10-04 22:30:00,36.91,36.914,36.886,36.894
2023-10-04 23:00:00,36.891,36.898,36.888,36.89
2023-10-04 23:30:00,36.89,36.896,36.859,36.872
2023-10-05 00:00:00,36.853,36.877,36.853,36.873
2023-10-05 00:30:00,36.894,36.894,36.875,36.883
2023-10-05 01:00:00,36.882,36.903,36.879,36.899
2023-10-05 01:30:00,36.899,36.912,36.89,36.901
2023-10-05 02:00:00,36.901,36.917,36.89,36.908
2023-10-05 02:30:00,36.906,36.958,36.901,36.956
2023-10-05 03:00:00,36.957,36.974,36.882,36.907
2023-10-05 03:30:00,36.906,36.907,36.818,36.844
2023-10-05 04:00:00,36.843,36.845,36.787,36.83
2023-10-05 04:30:00,36.83,36.856,36.798,36.804
2023-10-05 05:00:00,36.803,36.896,36.803,36.88
2023-10-05 05:30:00,36.879,36.923,36.873,36.915
2023-10-05 06:00:00,36.915,36.921,36.862,36.893
2023-10-05 06:30:00,36.894,36.908,36.843,36.905
2023-10-05 07:00:00,36.903,36.927,36.873,36.923
2023-10-05 07:30:00,36.923,36.959,36.91,36.957
2023-10-05 08:00:00,36.957,36.959,36.933,36.933
2023-10-05 08:30:00,36.933,36.961,36.922,36.944
2023-10-05 09:00:00,36.944,36.953,36.924,36.926
2023-10-05 09:30:00,36.925,36.94,36.893,36.919
2023-10-05 10:00:00,36.92,36.988,36.92,36.976
2023-10-05 10:30:00,36.976,37.02,36.96,37.017
2023-10-05 11:00:00,37.016,37.03,37.007,37.01
2023-10-05 11:30:00,37.012,37.032,36.982,37.028
2023-10-05 12:00:00,37.028,37.039,36.964,36.968
2023-10-05 12:30:00,36.969,36.972,36.895,36.923
2023-10-05 13:00:00,36.922,36.979,36.922,36.932
2023-10-05 13:30:00,36.933,36.944,36.924,36.936
2023-10-05 14:00:00,36.935,36.98,36.926,36.976
2023-10-05 14:30:00,36.977,36.981,36.941,36.949
2023-10-05 15:00:00,36.948,37.012,36.917,36.917
2023-10-05 15:30:00,36.916,37.068,36.911,37.009
2023-10-05 16:00:00,37.009,37.023,36.951,36.951
2023-10-05 16:30:00,36.951,37.011,36.947,36.99
2023-10-05 17:00:00,36.991,37.081,36.99,37.016
2023-10-05 17:30:00,37.018,37.048,37.008,37.026
2023-10-05 18:00:00,37.025,37.077,37.023,37.028
2023-10-05 18:30:00,37.028,37.065,37.009,37.041
2023-10-05 19:00:00,37.039,37.049,36.967,36.972
2023-10-05 19:30:00,36.971,36.981,36.951,36.96
2023-10-05 20:00:00,36.961,36.975,36.953,36.955
2023-10-05 20:30:00,36.954,36.966,36.951,36.961
2023-10-05 21:00:00,36.96,36.965,36.931,36.959
2023-10-05 21:30:00,36.965,36.967,36.947,36.956
2023-10-05 22:00:00,36.955,36.961,36.906,36.909
2023-10-05 22:30:00,36.908,36.929,36.898,36.923
2023-10-05 23:00:00,36.922,36.938,36.922,36.923
2023-10-05 23:30:00,36.924,36.924,36.889,36.909
2023-10-06 00:00:00,36.909,36.909,36.872,36.897
2023-10-06 00:30:00,36.904,36.923,36.901,36.922
2023-10-06 01:00:00,36.921,36.948,36.908,36.939
2023-10-06 01:30:00,36.939,36.948,36.918,36.929
2023-10-06 02:00:00,36.93,36.943,36.92,36.923
2023-10-06 02:30:00,36.922,36.939,36.922,36.935
2023-10-06 03:00:00,36.936,36.947,36.9,36.946
2023-10-06 03:30:00,36.946,36.975,36.928,36.97
2023-10-06 04:00:00,36.969,36.993,36.95,36.95
2023-10-06 04:30:00,36.947,36.977,36.931,36.964
2023-10-06 05:00:00,36.965,36.985,36.918,36.919
2023-10-06 05:30:00,36.92,36.953,36.913,36.949
2023-10-06 06:00:00,36.95,36.956,36.929,36.942
2023-10-06 06:30:00,36.942,36.975,36.933,36.934
2023-10-06 07:00:00,36.934,36.939,36.93,36.931
2023-10-06 07:30:00,36.93,36.956,36.923,36.954
2023-10-06 08:00:00,36.955,36.967,36.943,36.966
2023-10-06 08:30:00,36.965,37.006,36.963,36.997
2023-10-06 09:00:00,36.996,37.026,36.99,37.005
2023-10-06 09:30:00,37.005,37.026,36.986,37.006
2023-10-06 10:00:00,37.005,37.03,36.989,37.029
2023-10-06 10:30:00,37.024,37.024,36.974,36.974
2023-10-06 11:00:00,36.974,37.014,36.971,36.987
2023-10-06 11:30:00,36.987,36.997,36.963,36.969
2023-10-06 12:00:00,36.969,36.986,36.964,36.982
2023-10-06 12:30:00,36.983,37.028,36.979,37.028
2023-10-06 13:00:00,37.03,37.032,36.974,36.99
2023-10-06 13:30:00,36.991,37.006,36.971,37.0
2023-10-06 14:00:00,36.999,37.011,36.991,37.003
2023-10-06 14:30:00,37.003,37.018,36.99,37.003
2023-10-06 15:00:00,37.004,37.02,36.972,37.005
2023-10-06 15:30:00,37.002,37.197,36.977,37.161
2023-10-06 16:00:00,37.161,37.171,37.053,37.083
2023-10-06 16:30:00,37.082,37.122,37.071,37.098
2023-10-06 17:00:00,37.096,37.096,37.003,37.008
2023-10-06 17:30:00,37.008,37.025,36.976,37.016
2023-10-06 18:00:00,37.016,37.029,36.889,36.908
2023-10-06 18:30:00,36.909,36.941,36.89,36.894
2023-10-06 19:00:00,36.893,36.965,36.891,36.941
2023-10-06 19:30:00,36.941,36.951,36.919,36.947
2023-10-06 20:00:00,36.945,36.958,36.904,36.909
2023-10-06 20:30:00,36.908,36.911,36.889,36.907
2023-10-06 21:00:00,36.908,36.912,36.895,36.896
2023-10-06 21:30:00,36.896,36.899,36.873,36.88
2023-10-06 22:00:00,36.881,36.881,36.874,36.875
2023-10-06 22:30:00,36.874,36.936,36.872,36.925
2023-10-06 23:00:00,36.926,36.976,36.879,36.947
2023-10-06 23:30:00,36.948,36.949,36.814,36.863
2023-10-09 00:00:00,36.981,36.989,36.975,36.98
2023-10-09 00:30:00,36.979,37.001,36.977,36.988
2023-10-09 01:00:00,36.99,37.019,36.974,36.992
2023-10-09 01:30:00,36.993,36.995,36.959,36.965
2023-10-09 02:00:00,36.963,36.972,36.936,36.948
2023-10-09 02:30:00,36.947,36.956,36.923,36.936
2023-10-09 03:00:00,36.935,37.018,36.935,36.986
2023-10-09 03:30:00,36.987,36.988,36.941,36.961
2023-10-09 04:00:00,36.962,37.067,36.961,37.052
2023-10-09 04:30:00,37.053,37.087,37.039,37.04
2023-10-09 05:00:00,37.04,37.059,37.034,37.055
2023-10-09 05:30:00,37.055,37.101,37.052,37.084
2023-10-09 06:00:00,37.084,37.114,37.082,37.113
2023-10-09 06:30:00,37.112,37.136,37.112,37.128
2023-10-09 07:00:00,37.127,37.13,37.083,37.09
2023-10-09 07:30:00,37.088,37.095,37.08,37.088
2023-10-09 08:00:00,37.086,37.094,37.063,37.087
2023-10-09 08:30:00,37.087,37.093,37.066,37.078
2023-10-09 09:00:00,37.077,37.082,37.04,37.074
2023-10-09 09:30:00,37.075,37.113,37.059,37.105
2023-10-09 10:00:00,37.105,37.121,37.084,37.09
2023-10-09 10:30:00,37.089,37.127,37.089,37.122
2023-10-09 11:00:00,37.122,37.126,37.086,37.103
2023-10-09 11:30:00,37.104,37.106,37.076,37.101
2023-10-09 12:00:00,37.102,37.104,37.043,37.058
2023-10-09 12:30:00,37.058,37.113,37.048,37.112
2023-10-09 13:00:00,37.112,37.127,37.099,37.121
2023-10-09 13:30:00,37.12,37.126,37.102,37.119
2023-10-09 14:00:00,37.12,37.122,37.108,37.115
2023-10-09 14:30:00,37.114,37.121,37.104,37.115
2023-10-09 15:00:00,37.114,37.119,37.088,37.095
2023-10-09 15:30:00,37.094,37.1,37.064,37.07
2023-10-09 16:00:00,37.073,37.078,37.036,37.045
2023-10-09 16:30:00,37.043,37.067,37.03,37.038
2023-10-09 17:00:00,37.038,37.039,36.998,37.011
2023-10-09 17:30:00,37.011,37.036,37.002,37.021
2023-10-09 18:00:00,37.021,37.041,37.01,37.02
2023-10-09 18:30:00,37.019,37.022,36.997,37.003
2023-10-09 19:00:00,37.003,37.015,36.986,36.998
2023-10-09 19:30:00,36.997,37.014,36.996,37.008
2023-10-09 20:00:00,37.01,37.01,36.981,36.982
2023-10-09 20:30:00,36.98,36.987,36.976,36.984
2023-10-09 21:00:00,36.983,36.992,36.98,36.983
2023-10-09 21:30:00,36.984,36.988,36.964,36.964
2023-10-09 22:00:00,36.964,36.966,36.956,36.959
2023-10-09 22:30:00,36.961,36.964,36.955,36.958
2023-10-09 23:00:00,36.956,36.96,36.939,36.955
2023-10-09 23:30:00,36.954,36.959,36.93,36.93
2023-10-10 00:00:00,36.913,36.961,36.913,36.961
2023-10-10 00:30:00,36.951,36.968,36.951,36.967
2023-10-10 01:00:00,36.969,36.983,36.962,36.971
2023-10-10 01:30:00,36.97,36.971,36.935,36.938
2023-10-10 02:00:00,36.94,36.952,36.933,36.937
2023-10-10 02:30:00,36.938,36.939,36.902,36.909
2023-10-10 03:00:00,36.908,36.929,36.885,36.921
2023-10-10 03:30:00,36.92,36.947,36.913,36.913
2023-10-10 04:00:00,36.914,36.915,36.84,36.856
2023-10-10 04:30:00,36.857,36.898,36.829,36.886
2023-10-10 05:00:00,36.887,36.904,36.864,36.89
2023-10-10 05:30:00,36.891,36.935,36.89,36.921
2023-10-10 06:00:00,36.921,36.922,36.866,36.867
2023-10-10 06:30:00,36.868,36.926,36.864,36.917
2023-10-10 07:00:00,36.918,36.921,36.887,36.913
2023-10-10 07:30:00,36.913,36.921,36.902,36.909
2023-10-10 08:00:00,36.91,36.943,36.908,36.922
2023-10-10 08:30:00,36.922,36.928,36.907,36.918
2023-10-10 09:00:00,36.919,36.935,36.895,36.908
2023-10-10 09:30:00,36.91,36.935,36.907,36.929
2023-10-10 10:00:00,36.929,36.936,36.89,36.894
2023-10-10 10:30:00,36.895,36.92,36.893,36.895
2023-10-10 11:00:00,36.894,36.906,36.833,36.833
2023-10-10 11:30:00,36.833,36.843,36.801,36.84
2023-10-10 12:00:00,36.841,36.861,36.804,36.811
2023-10-10 12:30:00,36.81,36.816,36.735,36.744
2023-10-10 13:00:00,36.744,36.753,36.714,36.714
2023-10-10 13:30:00,36.715,36.724,36.694,36.712
2023-10-10 14:00:00,36.713,36.738,36.707,36.727
2023-10-10 14:30:00,36.726,36.756,36.718,36.746
2023-10-10 15:00:00,36.746,36.746,36.708,36.717
2023-10-10 15:30:00,36.717,36.721,36.662,36.69
2023-10-10 16:00:00,36.689,36.739,36.655,36.672
2023-10-10 16:30:00,36.671,36.692,36.648,36.652
2023-10-10 17:00:00,36.651,36.666,36.637,36.643
2023-10-10 17:30:00,36.643,36.674,36.635,36.655
2023-10-10 18:00:00,36.655,36.661,36.607,36.613
2023-10-10 18:30:00,36.612,36.616,36.576,36.589
2023-10-10 19:00:00,36.589,36.597,36.58,36.58
2023-10-10 19:30:00,36.581,36.595,36.573,36.577
2023-10-10 20:00:00,36.579,36.613,36.574,36.602
2023-10-10 20:30:00,36.602,36.613,36.596,36.609
2023-10-10 21:00:00,36.611,36.614,36.592,36.596
2023-10-10 21:30:00,36.596,36.604,36.591,36.604
2023-10-10 22:00:00,36.603,36.629,36.598,36.603
2023-10-10 22:30:00,36.6,36.602,36.591,36.602
2023-10-10 23:00:00,36.601,36.602,36.58,36.583
2023-10-10 23:30:00,36.584,36.595,36.57,36.575
2023-10-11 00:00:00,36.576,36.58,36.559,36.58
2023-10-11 00:30:00,36.583,36.585,36.558,36.583
2023-10-11 01:00:00,36.578,36.599,36.578,36.596
2023-10-11 01:30:00,36.595,36.601,36.585,36.591
2023-10-11 02:00:00,36.589,36.594,36.581,36.585
2023-10-11 02:30:00,36.584,36.589,36.56,36.567
2023-10-11 03:00:00,36.567,36.571,36.509,36.51
2023-10-11 03:30:00,36.511,36.525,36.455,36.481
2023-10-11 04:00:00,36.48,36.519,36.479,36.505
2023-10-11 04:30:00,36.506,36.545,36.483,36.495
2023-10-11 05:00:00,36.493,36.516,36.488,36.502
2023-10-11 05:30:00,36.503,36.505,36.404,36.44
2023-10-11 06:00:00,36.439,36.492,36.439,36.474
2023-10-11 06:30:00,36.475,36.497,36.442,36.476
2023-10-11 07:00:00,36.476,36.48,36.432,36.436
2023-10-11 07:30:00,36.435,36.454,36.419,36.442
2023-10-11 08:00:00,36.441,36.446,36.406,36.418
2023-10-11 08:30:00,36.418,36.477,36.41,36.468
2023-10-11 09:00:00,36.467,36.474,36.431,36.432
2023-10-11 09:30:00,36.433,36.442,36.402,36.422
2023-10-11 10:00:00,36.423,36.446,36.403,36.41
2023-10-11 10:30:00,36.41,36.443,36.39,36.441
2023-10-11 11:00:00,36.443,36.458,36.416,36.418
2023-10-11 11:30:00,36.417,36.425,36.393,36.411
2023-10-11 12:00:00,36.41,36.431,36.397,36.417
2023-10-11 12:30:00,36.417,36.42,36.404,36.409
2023-10-11 13:00:00,36.409,36.418,36.402,36.412
2023-10-11 13:30:00,36.411,36.414,36.372,36.379
2023-10-11 14:00:00,36.38,36.4,36.375,36.396
2023-10-11 14:30:00,36.396,36.405,36.387,36.402
2023-10-11 15:00:00,36.402,36.413,36.375,36.379
2023-10-11 15:30:00,36.38,36.423,36.35,36.353
2023-10-11 16:00:00,36.353,36.384,36.341,36.382
2023-10-11 16:30:00,36.381,36.405,36.338,36.35
2023-10-11 17:00:00,36.35,36.378,36.34,36.345
2023-10-11 17:30:00,36.344,36.352,36.321,36.331
2023-10-11 18:00:00,36.331,36.357,36.328,36.342
2023-10-11 18:30:00,36.34,36.37,36.339,36.368
2023-10-11 19:00:00,36.366,36.427,36.365,36.422
2023-10-11 19:30:00,36.425,36.444,36.396,36.444
2023-10-11 20:00:00,36.443,36.457,36.439,36.449
2023-10-11 20:30:00,36.45,36.464,36.443,36.443
2023-10-11 21:00:00,36.442,36.453,36.44,36.445
2023-10-11 21:30:00,36.446,36.45,36.44,36.441
2023-10-11 22:00:00,36.442,36.452,36.423,36.424
2023-10-11 22:30:00,36.425,36.426,36.42,36.423
2023-10-11 23:00:00,36.422,36.425,36.418,36.424
2023-10-11 23:30:00,36.422,36.43,36.395,36.402
2023-10-12 00:00:00,36.403,36.404,36.311,36.311
2023-10-12 00:30:00,36.31,36.417,36.31,36.402
2023-10-12 01:00:00,36.404,36.434,36.397,36.424
2023-10-12 01:30:00,36.423,36.427,36.414,36.416
2023-10-12 02:00:00,36.415,36.426,36.41,36.425
2023-10-12 02:30:00,36.426,36.433,36.402,36.417
2023-10-12 03:00:00,36.42,36.428,36.359,36.369
2023-10-12 03:30:00,36.369,36.379,36.321,36.351
2023-10-12 04:00:00,36.351,36.367,36.342,36.346
2023-10-12 04:30:00,36.347,36.36,36.262,36.278
2023-10-12 05:00:00,36.277,36.29,36.251,36.283
2023-10-12 05:30:00,36.283,36.287,36.223,36.239
2023-10-12 06:00:00,36.239,36.243,36.166,36.174
2023-10-12 06:30:00,36.175,36.175,36.119,36.146
2023-10-12 07:00:00,36.147,36.164,36.118,36.162
2023-10-12 07:30:00,36.161,36.172,36.102,36.107
2023-10-12 08:00:00,36.108,36.175,36.107,36.163
2023-10-12 08:30:00,36.162,36.177,36.158,36.164
2023-10-12 09:00:00,36.163,36.168,36.142,36.159
2023-10-12 09:30:00,36.159,36.162,36.087,36.139
2023-10-12 10:00:00,36.139,36.169,36.127,36.147
2023-10-12 10:30:00,36.146,36.191,36.142,36.166
2023-10-12 11:00:00,36.168,36.239,36.166,36.222
2023-10-12 11:30:00,36.222,36.244,36.201,36.219
2023-10-12 12:00:00,36.219,36.241,36.219,36.233
2023-10-12 12:30:00,36.232,36.235,36.206,36.223
2023-10-12 13:00:00,36.224,36.224,36.182,36.192
2023-10-12 13:30:00,36.192,36.199,36.165,36.169
2023-10-12 14:00:00,36.169,36.178,36.139,36.143
2023-10-12 14:30:00,36.144,36.154,36.125,36.135
2023-10-12 15:00:00,36.134,36.149,36.091,36.097
2023-10-12 15:30:00,36.099,36.273,36.098,36.199
2023-10-12 16:00:00,36.199,36.286,36.191,36.267
2023-10-12 16:30:00,36.267,36.369,36.239,36.365
2023-10-12 17:00:00,36.366,36.39,36.307,36.341
2023-10-12 17:30:00,36.34,36.361,36.325,36.343
2023-10-12 18:00:00,36.344,36.399,36.343,36.371
2023-10-12 18:30:00,36.371,36.379,36.343,36.357
2023-10-12 19:00:00,36.355,36.355,36.334,36.347
2023-10-12 19:30:00,36.346,36.369,36.337,36.352
2023-10-12 20:00:00,36.351,36.392,36.351,36.391
2023-10-12 20:30:00,36.394,36.398,36.379,36.384
2023-10-12 21:00:00,36.384,36.429,36.384,36.417
2023-10-12 21:30:00,36.416,36.419,36.4,36.402
2023-10-12 22:00:00,36.402,36.41,36.398,36.409
2023-10-12 22:30:00,36.406,36.41,36.396,36.398
2023-10-12 23:00:00,36.397,36.407,36.396,36.403
2023-10-12 23:30:00,36.402,36.408,36.367,36.387
2023-10-13 00:00:00,36.39,36.39,36.37,36.37
2023-10-13 00:30:00,36.389,36.39,36.35,36.374
2023-10-13 01:00:00,36.375,36.384,36.368,36.382
2023-10-13 01:30:00,36.384,36.392,36.376,36.392
2023-10-13 02:00:00,36.391,36.397,36.39,36.394
2023-10-13 02:30:00,36.393,36.423,36.39,36.418
2023-10-13 03:00:00,36.415,36.438,36.401,36.434
2023-10-13 03:30:00,36.435,36.438,36.396,36.433
2023-10-13 04:00:00,36.434,36.512,36.433,36.512
2023-10-13 04:30:00,36.512,36.545,36.498,36.499
2023-10-13 05:00:00,36.498,36.518,36.467,36.494
2023-10-13 05:30:00,36.493,36.529,36.481,36.485
2023-10-13 06:00:00,36.484,36.508,36.471,36.496
2023-10-13 06:30:00,36.496,36.5,36.471,36.474
2023-10-13 07:00:00,36.473,36.473,36.434,36.436
2023-10-13 07:30:00,36.435,36.435,36.415,36.425
2023-10-13 08:00:00,36.423,36.425,36.377,36.395
2023-10-13 08:30:00,36.394,36.435,36.39,36.421
2023-10-13 09:00:00,36.424,36.464,36.412,36.457
2023-10-13 09:30:00,36.456,36.458,36.417,36.435
2023-10-13 10:00:00,36.432,36.443,36.381,36.39
2023-10-13 10:30:00,36.39,36.398,36.365,36.388
2023-10-13 11:00:00,36.387,36.389,36.349,36.35
2023-10-13 11:30:00,36.349,36.4,36.349,36.39
2023-10-13 12:00:00,36.391,36.416,36.37,36.378
2023-10-13 12:30:00,36.379,36.404,36.369,36.397
2023-10-13 13:00:00,36.398,36.429,36.391,36.418
2023-10-13 13:30:00,36.421,36.433,36.412,36.425
2023-10-13 14:00:00,36.424,36.426,36.383,36.384
2023-10-13 14:30:00,36.385,36.41,36.336,36.345
2023-10-13 15:00:00,36.346,36.358,36.258,36.265
2023-10-13 15:30:00,36.266,36.267,36.127,36.204
2023-10-13 16:00:00,36.203,36.329,36.201,36.322
2023-10-13 16:30:00,36.322,36.322,36.217,36.223
2023-10-13 17:00:00,36.228,36.323,36.21,36.322
2023-10-13 17:30:00,36.322,36.338,36.304,36.318
2023-10-13 18:00:00,36.319,36.349,36.307,36.319
2023-10-13 18:30:00,36.321,36.33,36.292,36.302
2023-10-13 19:00:00,36.301,36.301,36.235,36.239
2023-10-13 19:30:00,36.24,36.267,36.237,36.267
2023-10-13 20:00:00,36.264,36.276,36.246,36.267
2023-10-13 20:30:00,36.266,36.276,36.259,36.274
2023-10-13 21:00:00,36.275,36.28,36.258,36.269
2023-10-13 21:30:00,36.268,36.271,36.259,36.264
2023-10-13 22:00:00,36.263,36.268,36.26,36.267
2023-10-13 22:30:00,36.266,36.266,36.239,36.242
2023-10-13 23:00:00,36.241,36.256,36.185,36.213
2023-10-13 23:30:00,36.213,36.249,36.183,36.226
2023-10-16 00:00:00,36.22,36.22,36.197,36.202
2023-10-16 00:30:00,36.201,36.241,36.201,36.209
2023-10-16 01:00:00,36.207,36.226,36.202,36.216
2023-10-16 01:30:00,36.215,36.241,36.202,36.214
2023-10-16 02:00:00,36.213,36.216,36.194,36.206
2023-10-16 02:30:00,36.205,36.221,36.175,36.19
2023-10-16 03:00:00,36.191,36.229,36.173,36.209
2023-10-16 03:30:00,36.21,36.286,36.21,36.242
2023-10-16 04:00:00,36.241,36.243,36.186,36.23
2023-10-16 04:30:00,36.227,36.267,36.227,36.265
2023-10-16 05:00:00,36.266,36.288,36.231,36.237
2023-10-16 05:30:00,36.237,36.253,36.219,36.232
2023-10-16 06:00:00,36.233,36.253,36.232,36.246
2023-10-16 06:30:00,36.247,36.257,36.235,36.242
2023-10-16 07:00:00,36.243,36.25,36.227,36.234
2023-10-16 07:30:00,36.235,36.243,36.223,36.226
2023-10-16 08:00:00,36.225,36.252,36.225,36.239
2023-10-16 08:30:00,36.239,36.26,36.236,36.256
2023-10-16 09:00:00,36.255,36.282,36.226,36.255
2023-10-16 09:30:00,36.254,36.277,36.251,36.268
2023-10-16 10:00:00,36.267,36.33,36.267,36.317
2023-10-16 10:30:00,36.318,36.318,36.283,36.304
2023-10-16 11:00:00,36.304,36.394,36.297,36.383
2023-10-16 11:30:00,36.382,36.389,36.341,36.35
2023-10-16 12:00:00,36.349,36.351,36.309,36.324
2023-10-16 12:30:00,36.325,36.33,36.289,36.297
2023-10-16 13:00:00,36.298,36.298,36.251,36.265
2023-10-16 13:30:00,36.265,36.276,36.248,36.26
2023-10-16 14:00:00,36.259,36.28,36.259,36.279
2023-10-16 14:30:00,36.278,36.284,36.252,36.268
2023-10-16 15:00:00,36.267,36.278,36.237,36.247
2023-10-16 15:30:00,36.246,36.259,36.238,36.241
2023-10-16 16:00:00,36.242,36.264,36.241,36.259
2023-10-16 16:30:00,36.26,36.266,36.247,36.258
2023-10-16 17:00:00,36.258,36.268,36.249,36.258
2023-10-16 17:30:00,36.257,36.292,36.253,36.275
2023-10-16 18:00:00,36.276,36.283,36.253,36.264
2023-10-16 18:30:00,36.264,36.269,36.258,36.265
2023-10-16 19:00:00,36.263,36.27,36.251,36.255
2023-10-16 19:30:00,36.256,36.257,36.255,36.256
2023-10-16 20:00:00,36.256,36.257,36.238,36.239
2023-10-16 20:30:00,36.24,36.248,36.239,36.245
2023-10-16 21:00:00,36.244,36.247,36.241,36.244
2023-10-16 21:30:00,36.242,36.246,36.241,36.246
2023-10-16 22:00:00,36.245,36.25,36.24,36.246
2023-10-16 22:30:00,36.247,36.258,36.245,36.258
2023-10-16 23:00:00,36.255,36.255,36.243,36.244
2023-10-16 23:30:00,36.243,36.244,36.207,36.22
2023-10-17 00:00:00,36.191,36.245,36.19,36.224
2023-10-17 00:30:00,36.223,36.271,36.223,36.246
2023-10-17 01:00:00,36.247,36.28,36.247,36.277
2023-10-17 01:30:00,36.278,36.302,36.275,36.299
2023-10-17 02:00:00,36.3,36.306,36.277,36.293
2023-10-17 02:30:00,36.294,36.307,36.288,36.307
2023-10-17 03:00:00,36.306,36.306,36.27,36.288
2023-10-17 03:30:00,36.29,36.303,36.28,36.29
2023-10-17 04:00:00,36.291,36.371,36.291,36.346
2023-10-17 04:30:00,36.348,36.396,36.344,36.377
2023-10-17 05:00:00,36.377,36.463,36.373,36.452
2023-10-17 05:30:00,36.453,36.453,36.425,36.433
2023-10-17 06:00:00,36.432,36.467,36.408,36.453
2023-10-17 06:30:00,36.452,36.462,36.429,36.46
2023-10-17 07:00:00,36.462,36.482,36.461,36.466
2023-10-17 07:30:00,36.468,36.468,36.449,36.463
2023-10-17 08:00:00,36.464,36.47,36.44,36.456
2023-10-17 08:30:00,36.457,36.473,36.433,36.437
2023-10-17 09:00:00,36.438,36.462,36.408,36.448
2023-10-17 09:30:00,36.449,36.456,36.424,36.434
2023-10-17 10:00:00,36.433,36.436,36.367,36.381
2023-10-17 10:30:00,36.38,36.389,36.363,36.385
2023-10-17 11:00:00,36.386,36.409,36.377,36.39
2023-10-17 11:30:00,36.389,36.434,36.386,36.411
2023-10-17 12:00:00,36.41,36.416,36.382,36.395
2023-10-17 12:30:00,36.394,36.397,36.347,36.357
2023-10-17 13:00:00,36.357,36.372,36.338,36.355
2023-10-17 13:30:00,36.354,36.388,36.354,36.381
2023-10-17 14:00:00,36.384,36.386,36.361,36.37
2023-10-17 14:30:00,36.369,36.39,36.349,36.37
2023-10-17 15:00:00,36.371,36.405,36.364,36.364
2023-10-17 15:30:00,36.36,36.465,36.352,36.423
2023-10-17 16:00:00,36.424,36.461,36.382,36.413
2023-10-17 16:30:00,36.414,36.443,36.381,36.395
2023-10-17 17:00:00,36.393,36.397,36.345,36.37
2023-10-17 17:30:00,36.371,36.4,36.365,36.366
2023-10-17 18:00:00,36.365,36.373,36.328,36.339
2023-10-17 18:30:00,36.34,36.342,36.283,36.289
2023-10-17 19:00:00,36.29,36.32,36.281,36.314
2023-10-17 19:30:00,36.315,36.323,36.312,36.322
2023-10-17 20:00:00,36.318,36.342,36.316,36.336
2023-10-17 20:30:00,36.337,36.361,36.336,36.361
2023-10-17 21:00:00,36.361,36.368,36.342,36.359
2023-10-17 21:30:00,36.359,36.36,36.308,36.329
2023-10-17 22:00:00,36.328,36.331,36.308,36.314
2023-10-17 22:30:00,36.313,36.357,36.312,36.33
2023-10-17 23:00:00,36.331,36.334,36.319,36.319
2023-10-17 23:30:00,36.316,36.32,36.281,36.281
2023-10-18 00:00:00,36.271,36.286,36.268,36.282
2023-10-18 00:30:00,36.292,36.305,36.289,36.302
2023-10-18 01:00:00,36.301,36.322,36.301,36.318
2023-10-18 01:30:00,36.318,36.349,36.316,36.346
2023-10-18 02:00:00,36.347,36.35,36.344,36.345
2023-10-18 02:30:00,36.346,36.349,36.343,36.348
2023-10-18 03:00:00,36.347,36.394,36.338,36.389
2023-10-18 03:30:00,36.389,36.412,36.371,36.403
2023-10-18 04:00:00,36.404,36.424,36.346,36.348
2023-10-18 04:30:00,36.347,36.366,36.308,36.328
2023-10-18 05:00:00,36.328,36.329,36.257,36.3
2023-10-18 05:30:00,36.301,36.312,36.282,36.298
2023-10-18 06:00:00,36.298,36.326,36.288,36.322
2023-10-18 06:30:00,36.323,36.336,36.313,36.33
2023-10-18 07:00:00,36.33,36.345,36.313,36.337
2023-10-18 07:30:00,36.339,36.35,36.331,36.347
2023-10-18 08:00:00,36.347,36.353,36.335,36.347
2023-10-18 08:30:00,36.348,36.348,36.304,36.323
2023-10-18 09:00:00,36.324,36.338,36.307,36.335
2023-10-18 09:30:00,36.336,36.355,36.334,36.35
2023-10-18 10:00:00,36.351,36.352,36.323,36.335
2023-10-18 10:30:00,36.334,36.346,36.319,36.321
2023-10-18 11:00:00,36.319,36.341,36.305,36.306
2023-10-18 11:30:00,36.307,36.331,36.284,36.285
2023-10-18 12:00:00,36.284,36.316,36.272,36.304
2023-10-18 12:30:00,36.304,36.304,36.27,36.276
2023-10-18 13:00:00,36.275,36.325,36.274,36.317
2023-10-18 13:30:00,36.317,36.321,36.301,36.311
2023-10-18 14:00:00,36.308,36.325,36.304,36.308
2023-10-18 14:30:00,36.307,36.308,36.287,36.299
2023-10-18 15:00:00,36.298,36.299,36.257,36.272
2023-10-18 15:30:00,36.269,36.342,36.268,36.3
2023-10-18 16:00:00,36.302,36.306,36.273,36.281
2023-10-18 16:30:00,36.282,36.283,36.226,36.275
2023-10-18 17:00:00,36.274,36.318,36.268,36.318
2023-10-18 17:30:00,36.318,36.388,36.314,36.348
2023-10-18 18:00:00,36.348,36.399,36.338,36.383
2023-10-18 18:30:00,36.384,36.396,36.37,36.382
2023-10-18 19:00:00,36.377,36.386,36.362,36.364
2023-10-18 19:30:00,36.362,36.382,36.362,36.377
2023-10-18 20:00:00,36.376,36.379,36.301,36.313
2023-10-18 20:30:00,36.313,36.339,36.313,36.33
2023-10-18 21:00:00,36.33,36.34,36.323,36.335
2023-10-18 21:30:00,36.336,36.356,36.321,36.353
2023-10-18 22:00:00,36.354,36.37,36.353,36.362
2023-10-18 22:30:00,36.362,36.381,36.362,36.381
2023-10-18 23:00:00,36.381,36.389,36.368,36.372
2023-10-18 23:30:00,36.372,36.372,36.349,36.35
2023-10-19 00:00:00,36.362,36.365,36.357,36.358
2023-10-19 00:30:00,36.36,36.362,36.354,36.356
2023-10-19 01:00:00,36.36,36.37,36.36,36.368
2023-10-19 01:30:00,36.367,36.378,36.367,36.375
2023-10-19 02:00:00,36.376,36.378,36.368,36.376
2023-10-19 02:30:00,36.378,36.378,36.368,36.377
2023-10-19 03:00:00,36.377,36.414,36.371,36.413
2023-10-19 03:30:00,36.413,36.436,36.393,36.405
2023-10-19 04:00:00,36.406,36.409,36.373,36.377
2023-10-19 04:30:00,36.376,36.441,36.369,36.41
2023-10-19 05:00:00,36.411,36.425,36.392,36.406
2023-10-19 05:30:00,36.405,36.425,36.393,36.408
2023-10-19 06:00:00,36.407,36.422,36.402,36.413
2023-10-19 06:30:00,36.414,36.422,36.409,36.415
2023-10-19 07:00:00,36.414,36.419,36.377,36.381
2023-10-19 07:30:00,36.382,36.411,36.38,36.394
2023-10-19 08:00:00,36.395,36.403,36.389,36.394
2023-10-19 08:30:00,36.393,36.433,36.391,36.425
2023-10-19 09:00:00,36.424,36.445,36.418,36.439
2023-10-19 09:30:00,36.44,36.442,36.409,36.415
2023-10-19 10:00:00,36.416,36.434,36.402,36.433
2023-10-19 10:30:00,36.432,36.483,36.427,36.483
2023-10-19 11:00:00,36.482,36.488,36.449,36.469
2023-10-19 11:30:00,36.47,36.483,36.441,36.442
2023-10-19 12:00:00,36.441,36.514,36.436,36.499
2023-10-19 12:30:00,36.499,36.499,36.457,36.462
2023-10-19 13:00:00,36.463,36.468,36.427,36.433
2023-10-19 13:30:00,36.434,36.439,36.417,36.417
2023-10-19 14:00:00,36.418,36.456,36.403,36.455
2023-10-19 14:30:00,36.454,36.481,36.44,36.46
2023-10-19 15:00:00,36.461,36.472,36.403,36.403
2023-10-19 15:30:00,36.403,36.441,36.399,36.419
2023-10-19 16:00:00,36.417,36.472,36.415,36.457
2023-10-19 16:30:00,36.456,36.482,36.42,36.473
2023-10-19 17:00:00,36.474,36.504,36.455,36.483
2023-10-19 17:30:00,36.483,36.505,36.475,36.494
2023-10-19 18:00:00,36.493,36.497,36.455,36.456
2023-10-19 18:30:00,36.457,36.457,36.442,36.448
2023-10-19 19:00:00,36.443,36.46,36.366,36.424
2023-10-19 19:30:00,36.426,36.484,36.389,36.389
2023-10-19 20:00:00,36.388,36.404,36.367,36.377
2023-10-19 20:30:00,36.373,36.407,36.368,36.386
2023-10-19 21:00:00,36.387,36.395,36.376,36.383
2023-10-19 21:30:00,36.383,36.404,36.383,36.398
2023-10-19 22:00:00,36.398,36.398,36.38,36.384
2023-10-19 22:30:00,36.383,36.385,36.378,36.38
2023-10-19 23:00:00,36.381,36.391,36.38,36.38
2023-10-19 23:30:00,36.381,36.385,36.351,36.354
2023-10-20 00:00:00,36.351,36.376,36.31,36.368
2023-10-20 00:30:00,36.37,36.39,36.368,36.39
2023-10-20 01:00:00,36.388,36.409,36.388,36.406
2023-10-20 01:30:00,36.407,36.419,36.398,36.417
2023-10-20 02:00:00,36.418,36.418,36.401,36.408
2023-10-20 02:30:00,36.409,36.414,36.39,36.408
2023-10-20 03:00:00,36.407,36.473,36.399,36.471
2023-10-20 03:30:00,36.47,36.472,36.412,36.47
2023-10-20 04:00:00,36.471,36.495,36.464,36.473
2023-10-20 04:30:00,36.472,36.478,36.449,36.456
2023-10-20 05:00:00,36.457,36.463,36.406,36.418
2023-10-20 05:30:00,36.418,36.426,36.41,36.413
2023-10-20 06:00:00,36.413,36.425,36.396,36.417
2023-10-20 06:30:00,36.417,36.445,36.415,36.436
2023-10-20 07:00:00,36.434,36.485,36.434,36.47
2023-10-20 07:30:00,36.469,36.476,36.461,36.464
2023-10-20 08:00:00,36.465,36.477,36.443,36.449
2023-10-20 08:30:00,36.447,36.48,36.441,36.48
2023-10-20 09:00:00,36.481,36.515,36.473,36.514
2023-10-20 09:30:00,36.513,36.533,36.507,36.508
2023-10-20 10:00:00,36.508,36.531,36.508,36.529
2023-10-20 10:30:00,36.53,36.556,36.527,36.553
2023-10-20 11:00:00,36.553,36.555,36.48,36.499
2023-10-20 11:30:00,36.5,36.526,36.492,36.501
2023-10-20 12:00:00,36.5,36.509,36.453,36.502
2023-10-20 12:30:00,36.504,36.524,36.494,36.506
2023-10-20 13:00:00,36.507,36.525,36.504,36.52
2023-10-20 13:30:00,36.52,36.534,36.511,36.528
2023-10-20 14:00:00,36.528,36.53,36.491,36.493
2023-10-20 14:30:00,36.493,36.522,36.492,36.52
2023-10-20 15:00:00,36.52,36.568,36.495,36.549
2023-10-20 15:30:00,36.55,36.555,36.514,36.547
2023-10-20 16:00:00,36.548,36.552,36.525,36.542
2023-10-20 16:30:00,36.541,36.544,36.469,36.482
2023-10-20 17:00:00,36.481,36.498,36.456,36.474
2023-10-20 17:30:00,36.475,36.479,36.46,36.469
2023-10-20 18:00:00,36.468,36.473,36.439,36.441
2023-10-20 18:30:00,36.442,36.468,36.44,36.465
2023-10-20 19:00:00,36.463,36.489,36.461,36.486
2023-10-20 19:30:00,36.485,36.493,36.458,36.481
2023-10-20 20:00:00,36.48,36.509,36.47,36.475
2023-10-20 20:30:00,36.474,36.511,36.474,36.482
2023-10-20 21:00:00,36.481,36.495,36.479,36.492
2023-10-20 21:30:00,36.49,36.491,36.468,36.481
2023-10-20 22:00:00,36.48,36.481,36.46,36.475
2023-10-20 22:30:00,36.478,36.493,36.464,36.474
2023-10-20 23:00:00,36.479,36.484,36.462,36.474
2023-10-20 23:30:00,36.476,36.491,36.403,36.441
2023-10-23 00:00:00,36.438,36.463,36.387,36.463
2023-10-23 00:30:00,36.465,36.471,36.452,36.468
2023-10-23 01:00:00,36.468,36.49,36.463,36.487
2023-10-23 01:30:00,36.487,36.488,36.481,36.487
2023-10-23 02:00:00,36.486,36.497,36.485,36.497
2023-10-23 02:30:00,36.497,36.569,36.477,36.563
2023-10-23 03:00:00,36.563,36.578,36.558,36.571
2023-10-23 03:30:00,36.572,36.625,36.571,36.624
2023-10-23 04:00:00,36.624,36.626,36.595,36.604
2023-10-23 04:30:00,36.604,36.605,36.569,36.571
2023-10-23 05:00:00,36.571,36.575,36.546,36.554
2023-10-23 05:30:00,36.554,36.625,36.549,36.614
2023-10-23 06:00:00,36.613,36.617,36.593,36.61
2023-10-23 06:30:00,36.611,36.617,36.607,36.611
2023-10-23 07:00:00,36.609,36.615,36.601,36.609
2023-10-23 07:30:00,36.609,36.61,36.598,36.601
2023-10-23 08:00:00,36.603,36.605,36.582,36.589
2023-10-23 08:30:00,36.588,36.601,36.569,36.59
2023-10-23 09:00:00,36.591,36.593,36.559,36.579
2023-10-23 09:30:00,36.578,36.578,36.528,36.557
2023-10-23 10:00:00,36.558,36.56,36.521,36.527
2023-10-23 10:30:00,36.528,36.529,36.484,36.5
2023-10-23 11:00:00,36.499,36.499,36.46,36.471
2023-10-23 11:30:00,36.47,36.475,36.451,36.458
2023-10-23 12:00:00,36.457,36.468,36.44,36.459
2023-10-23 12:30:00,36.458,36.524,36.458,36.516
2023-10-23 13:00:00,36.515,36.533,36.501,36.53
2023-10-23 13:30:00,36.531,36.535,36.507,36.511
2023-10-23 14:00:00,36.511,36.515,36.479,36.491
2023-10-23 14:30:00,36.49,36.491,36.472,36.476
2023-10-23 15:00:00,36.477,36.482,36.409,36.424
2023-10-23 15:30:00,36.423,36.444,36.419,36.442
2023-10-23 16:00:00,36.444,36.452,36.424,36.436
2023-10-23 16:30:00,36.435,36.465,36.416,36.42
2023-10-23 17:00:00,36.42,36.431,36.372,36.384
2023-10-23 17:30:00,36.385,36.4,36.374,36.377
2023-10-23 18:00:00,36.377,36.38,36.345,36.35
2023-10-23 18:30:00,36.35,36.357,36.342,36.346
2023-10-23 19:00:00,36.346,36.362,36.343,36.351
2023-10-23 19:30:00,36.35,36.352,36.33,36.332
2023-10-23 20:00:00,36.333,36.343,36.333,36.335
2023-10-23 20:30:00,36.334,36.337,36.324,36.332
2023-10-23 21:00:00,36.328,36.337,36.327,36.332
2023-10-23 21:30:00,36.334,36.335,36.325,36.33
2023-10-23 22:00:00,36.33,36.335,36.326,36.331
2023-10-23 22:30:00,36.329,36.334,36.32,36.32
2023-10-23 23:00:00,36.321,36.33,36.32,36.328
2023-10-23 23:30:00,36.329,36.33,36.266,36.266
2023-10-24 00:00:00,36.287,36.292,36.281,36.288
2023-10-24 00:30:00,36.292,36.314,36.285,36.291
2023-10-24 01:00:00,36.292,36.311,36.287,36.309
2023-10-24 01:30:00,36.309,36.312,36.304,36.308
2023-10-24 02:00:00,36.31,36.318,36.301,36.304
2023-10-24 02:30:00,36.301,36.318,36.298,36.301
2023-10-24 03:00:00,36.302,36.308,36.282,36.291
2023-10-24 03:30:00,36.291,36.295,36.227,36.232
2023-10-24 04:00:00,36.233,36.236,36.162,36.179
2023-10-24 04:30:00,36.178,36.235,36.17,36.223
2023-10-24 05:00:00,36.222,36.227,36.126,36.137
2023-10-24 05:30:00,36.136,36.157,36.123,36.153
2023-10-24 06:00:00,36.154,36.165,36.092,36.127
2023-10-24 06:30:00,36.127,36.144,36.109,36.143
2023-10-24 07:00:00,36.144,36.166,36.124,36.144
2023-10-24 07:30:00,36.143,36.151,36.13,36.132
2023-10-24 08:00:00,36.131,36.147,36.128,36.13
2023-10-24 08:30:00,36.131,36.14,36.129,36.138
2023-10-24 09:00:00,36.139,36.148,36.091,36.096
2023-10-24 09:30:00,36.096,36.154,36.095,36.114
2023-10-24 10:00:00,36.113,36.157,36.106,36.148
2023-10-24 10:30:00,36.152,36.173,36.144,36.158
2023-10-24 11:00:00,36.159,36.165,36.14,36.16
2023-10-24 11:30:00,36.159,36.159,36.125,36.132
2023-10-24 12:00:00,36.133,36.147,36.109,36.128
2023-10-24 12:30:00,36.127,36.169,36.121,36.167
2023-10-24 13:00:00,36.167,36.213,36.157,36.201
2023-10-24 13:30:00,36.202,36.216,36.189,36.215
2023-10-24 14:00:00,36.216,36.244,36.181,36.188
2023-10-24 14:30:00,36.189,36.195,36.159,36.179
2023-10-24 15:00:00,36.179,36.212,36.171,36.188
2023-10-24 15:30:00,36.187,36.21,36.174,36.204
2023-10-24 16:00:00,36.204,36.207,36.182,36.183
2023-10-24 16:30:00,36.182,36.242,36.174,36.181
2023-10-24 17:00:00,36.181,36.205,36.153,36.154
2023-10-24 17:30:00,36.154,36.183,36.154,36.169
2023-10-24 18:00:00,36.169,36.177,36.166,36.17
2023-10-24 18:30:00,36.173,36.199,36.155,36.157
2023-10-24 19:00:00,36.157,36.168,36.143,36.145
2023-10-24 19:30:00,36.146,36.182,36.141,36.18
2023-10-24 20:00:00,36.179,36.185,36.144,36.155
2023-10-24 20:30:00,36.156,36.157,36.14,36.143
2023-10-24 21:00:00,36.144,36.15,36.142,36.149
2023-10-24 21:30:00,36.149,36.15,36.139,36.142
2023-10-24 22:00:00,36.143,36.162,36.142,36.157
2023-10-24 22:30:00,36.158,36.16,36.144,36.148
2023-10-24 23:00:00,36.148,36.157,36.144,36.145
2023-10-24 23:30:00,36.146,36.156,36.122,36.146
2023-10-25 00:00:00,36.15,36.179,36.123,36.146
2023-10-25 00:30:00,36.136,36.16,36.135,36.158
2023-10-25 01:00:00,36.15,36.164,36.147,36.157
2023-10-25 01:30:00,36.157,36.164,36.157,36.163
2023-10-25 02:00:00,36.164,36.169,36.162,36.164
2023-10-25 02:30:00,36.164,36.17,36.15,36.165
2023-10-25 03:00:00,36.17,36.175,36.152,36.163
2023-10-25 03:30:00,36.163,36.176,36.093,36.116
2023-10-25 04:00:00,36.117,36.117,36.052,36.094
2023-10-25 04:30:00,36.095,36.137,36.089,36.115
2023-10-25 05:00:00,36.116,36.138,36.105,36.127
2023-10-25 05:30:00,36.127,36.154,36.125,36.129
2023-10-25 06:00:00,36.129,36.158,36.123,36.151
2023-10-25 06:30:00,36.151,36.166,36.143,36.152
2023-10-25 07:00:00,36.15,36.157,36.121,36.129
2023-10-25 07:30:00,36.126,36.144,36.12,36.142
2023-10-25 08:00:00,36.141,36.169,36.139,36.158
2023-10-25 08:30:00,36.159,36.162,36.122,36.122
2023-10-25 09:00:00,36.123,36.144,36.107,36.109
2023-10-25 09:30:00,36.109,36.155,36.109,36.151
2023-10-25 10:00:00,36.15,36.191,36.136,36.181
2023-10-25 10:30:00,36.18,36.192,36.134,36.136
2023-10-25 11:00:00,36.134,36.154,36.115,36.126
2023-10-25 11:30:00,36.127,36.16,36.121,36.155
2023-10-25 12:00:00,36.156,36.191,36.153,36.188
2023-10-25 12:30:00,36.189,36.215,36.176,36.188
2023-10-25 13:00:00,36.189,36.218,36.174,36.179
2023-10-25 13:30:00,36.18,36.195,36.175,36.188
2023-10-25 14:00:00,36.187,36.196,36.177,36.178
2023-10-25 14:30:00,36.18,36.195,36.169,36.187
2023-10-25 15:00:00,36.188,36.197,36.173,36.192
2023-10-25 15:30:00,36.194,36.199,36.171,36.186
2023-10-25 16:00:00,36.185,36.191,36.155,36.186
2023-10-25 16:30:00,36.185,36.193,36.135,36.144
2023-10-25 17:00:00,36.144,36.201,36.144,36.18
2023-10-25 17:30:00,36.181,36.19,36.135,36.183
2023-10-25 18:00:00,36.182,36.21,36.16,36.167
2023-10-25 18:30:00,36.167,36.173,36.134,36.163
2023-10-25 19:00:00,36.162,36.19,36.151,36.184
2023-10-25 19:30:00,36.183,36.2,36.177,36.193
2023-10-25 20:00:00,36.192,36.215,36.183,36.213
2023-10-25 20:30:00,36.213,36.233,36.205,36.213
2023-10-25 21:00:00,36.214,36.216,36.197,36.204
2023-10-25 21:30:00,36.206,36.217,36.203,36.206
2023-10-25 22:00:00,36.206,36.209,36.205,36.208
2023-10-25 22:30:00,36.208,36.221,36.2,36.2
2023-10-25 23:00:00,36.201,36.24,36.199,36.233
2023-10-25 23:30:00,36.226,36.233,36.184,36.205
2023-10-26 00:00:00,36.217,36.223,36.097,36.098
2023-10-26 00:30:00,36.217,36.225,36.201,36.225
2023-10-26 01:00:00,36.23,36.233,36.218,36.226
2023-10-26 01:30:00,36.225,36.229,36.224,36.227
2023-10-26 02:00:00,36.228,36.231,36.225,36.23
2023-10-26 02:30:00,36.231,36.24,36.228,36.229
2023-10-26 03:00:00,36.232,36.263,36.228,36.261
2023-10-26 03:30:00,36.261,36.336,36.257,36.335
2023-10-26 04:00:00,36.336,36.344,36.295,36.317
2023-10-26 04:30:00,36.316,36.335,36.293,36.333
2023-10-26 05:00:00,36.333,36.386,36.323,36.379
2023-10-26 05:30:00,36.379,36.382,36.344,36.371
2023-10-26 06:00:00,36.372,36.389,36.361,36.373
2023-10-26 06:30:00,36.372,36.387,36.347,36.348
2023-10-26 07:00:00,36.348,36.351,36.312,36.343
2023-10-26 07:30:00,36.344,36.345,36.327,36.342
2023-10-26 08:00:00,36.342,36.342,36.314,36.335
2023-10-26 08:30:00,36.335,36.339,36.31,36.339
2023-10-26 09:00:00,36.338,36.354,36.312,36.318
2023-10-26 09:30:00,36.319,36.346,36.284,36.286
2023-10-26 10:00:00,36.287,36.306,36.283,36.297
2023-10-26 10:30:00,36.298,36.312,36.257,36.257
2023-10-26 11:00:00,36.258,36.259,36.221,36.249
2023-10-26 11:30:00,36.248,36.253,36.229,36.248
2023-10-26 12:00:00,36.25,36.277,36.224,36.234
2023-10-26 12:30:00,36.233,36.254,36.22,36.251
2023-10-26 13:00:00,36.251,36.256,36.224,36.251
2023-10-26 13:30:00,36.251,36.275,36.241,36.271
2023-10-26 14:00:00,36.269,36.294,36.268,36.28
2023-10-26 14:30:00,36.279,36.3,36.278,36.29
2023-10-26 15:00:00,36.29,36.302,36.265,36.27
2023-10-26 15:30:00,36.27,36.302,36.243,36.245
2023-10-26 16:00:00,36.245,36.293,36.242,36.272
2023-10-26 16:30:00,36.27,36.294,36.26,36.294
2023-10-26 17:00:00,36.292,36.353,36.29,36.338
2023-10-26 17:30:00,36.338,36.344,36.309,36.321
2023-10-26 18:00:00,36.32,36.357,36.314,36.355
2023-10-26 18:30:00,36.354,36.356,36.306,36.315
2023-10-26 19:00:00,36.316,36.322,36.27,36.308
2023-10-26 19:30:00,36.309,36.322,36.299,36.312
2023-10-26 20:00:00,36.313,36.318,36.261,36.28
2023-10-26 20:30:00,36.281,36.287,36.238,36.257
2023-10-26 21:00:00,36.255,36.265,36.253,36.253
2023-10-26 21:30:00,36.254,36.263,36.244,36.263
2023-10-26 22:00:00,36.26,36.268,36.256,36.265
2023-10-26 22:30:00,36.265,36.287,36.257,36.266
2023-10-26 23:00:00,36.265,36.267,36.256,36.264
2023-10-26 23:30:00,36.263,36.269,36.23,36.23
2023-10-27 00:00:00,36.22,36.252,36.22,36.249
2023-10-27 00:30:00,36.25,36.258,36.243,36.252
2023-10-27 01:00:00,36.253,36.254,36.243,36.246
2023-10-27 01:30:00,36.243,36.25,36.236,36.242
2023-10-27 02:00:00,36.241,36.247,36.24,36.246
2023-10-27 02:30:00,36.246,36.246,36.214,36.219
2023-10-27 03:00:00,36.217,36.236,36.21,36.217
2023-10-27 03:30:00,36.217,36.217,36.195,36.203
2023-10-27 04:00:00,36.204,36.265,36.203,36.249
2023-10-27 04:30:00,36.25,36.256,36.184,36.207
2023-10-27 05:00:00,36.206,36.21,36.186,36.193
2023-10-27 05:30:00,36.192,36.237,36.164,36.233
2023-10-27 06:00:00,36.234,36.234,36.204,36.206
2023-10-27 06:30:00,36.207,36.233,36.206,36.231
2023-10-27 07:00:00,36.231,36.249,36.223,36.229
2023-10-27 07:30:00,36.229,36.231,36.202,36.203
2023-10-27 08:00:00,36.204,36.216,36.189,36.203
2023-10-27 08:30:00,36.2,36.224,36.196,36.204
2023-10-27 09:00:00,36.203,36.265,36.202,36.255
2023-10-27 09:30:00,36.254,36.256,36.228,36.251
2023-10-27 10:00:00,36.25,36.273,36.249,36.257
2023-10-27 10:30:00,36.256,36.272,36.25,36.262
2023-10-27 11:00:00,36.263,36.271,36.247,36.249
2023-10-27 11:30:00,36.25,36.257,36.207,36.211
2023-10-27 12:00:00,36.21,36.23,36.197,36.198
2023-10-27 12:30:00,36.198,36.231,36.188,36.216
2023-10-27 13:00:00,36.217,36.22,36.202,36.216
2023-10-27 13:30:00,36.216,36.236,36.209,36.236
2023-10-27 14:00:00,36.237,36.248,36.221,36.239
2023-10-27 14:30:00,36.239,36.243,36.219,36.228
2023-10-27 15:00:00,36.229,36.229,36.199,36.215
2023-10-27 15:30:00,36.208,36.22,36.174,36.207
2023-10-27 16:00:00,36.206,36.233,36.186,36.209
2023-10-27 16:30:00,36.208,36.213,36.18,36.184
2023-10-27 17:00:00,36.185,36.212,36.167,36.182
2023-10-27 17:30:00,36.181,36.211,36.171,36.178
2023-10-27 18:00:00,36.178,36.197,36.169,36.191
2023-10-27 18:30:00,36.192,36.198,36.183,36.184
2023-10-27 19:00:00,36.183,36.184,36.16,36.161
2023-10-27 19:30:00,36.16,36.173,36.156,36.156
2023-10-27 20:00:00,36.157,36.175,36.147,36.147
2023-10-27 20:30:00,36.147,36.149,36.138,36.141
2023-10-27 21:00:00,36.142,36.142,36.103,36.104
2023-10-27 21:30:00,36.104,36.106,36.097,36.103
2023-10-27 22:00:00,36.104,36.11,36.097,36.098
2023-10-27 22:30:00,36.1,36.106,36.087,36.092
2023-10-27 23:00:00,36.091,36.13,36.079,36.127
2023-10-27 23:30:00,36.108,36.127,36.043,36.065
2023-10-30 00:00:00,36.074,36.101,35.938,36.101
2023-10-30 00:30:00,36.077,36.107,36.051,36.051
2023-10-30 01:00:00,36.051,36.172,36.051,36.141
2023-10-30 01:30:00,36.14,36.15,36.12,36.141
2023-10-30 02:00:00,36.139,36.142,36.102,36.11
2023-10-30 02:30:00,36.112,36.118,36.102,36.11
2023-10-30 03:00:00,36.114,36.141,36.105,36.106
2023-10-30 03:30:00,36.107,36.107,36.079,36.083
2023-10-30 04:00:00,36.082,36.086,36.07,36.07
2023-10-30 04:30:00,36.07,36.07,35.995,36.008
2023-10-30 05:00:00,36.009,36.042,35.989,36.026
2023-10-30 05:30:00,36.025,36.03,36.005,36.026
2023-10-30 06:00:00,36.028,36.067,36.025,36.064
2023-10-30 06:30:00,36.062,36.063,36.033,36.043
2023-10-30 07:00:00,36.042,36.062,36.031,36.031
2023-10-30 07:30:00,36.032,36.039,36.019,36.028
2023-10-30 08:00:00,36.029,36.033,36.015,36.023
2023-10-30 08:30:00,36.022,36.029,36.013,36.014
2023-10-30 09:00:00,36.013,36.042,36.013,36.036
2023-10-30 09:30:00,36.035,36.048,36.023,36.026
2023-10-30 10:00:00,36.026,36.066,36.023,36.052
2023-10-30 10:30:00,36.052,36.063,36.025,36.042
2023-10-30 11:00:00,36.041,36.047,36.024,36.043
2023-10-30 11:30:00,36.043,36.052,36.027,36.028
2023-10-30 12:00:00,36.027,36.029,35.943,35.946
2023-10-30 12:30:00,35.945,35.98,35.945,35.956
2023-10-30 13:00:00,35.955,35.982,35.948,35.977
2023-10-30 13:30:00,35.976,35.978,35.956,35.968
2023-10-30 14:00:00,35.967,35.97,35.936,35.936
2023-10-30 14:30:00,35.939,35.952,35.932,35.943
2023-10-30 15:00:00,35.944,35.96,35.932,35.938
2023-10-30 15:30:00,35.937,35.939,35.896,35.902
2023-10-30 16:00:00,35.903,35.904,35.878,35.878
2023-10-30 16:30:00,35.879,35.901,35.869,35.881
2023-10-30 17:00:00,35.882,35.883,35.848,35.883
2023-10-30 17:30:00,35.882,35.938,35.871,35.876
2023-10-30 18:00:00,35.874,35.9,35.868,35.881
2023-10-30 18:30:00,35.879,35.896,35.87,35.885
2023-10-30 19:00:00,35.885,35.912,35.879,35.9
2023-10-30 19:30:00,35.901,35.925,35.901,35.916
2023-10-30 20:00:00,35.913,35.929,35.913,35.923
2023-10-30 20:30:00,35.925,35.925,35.918,35.921
2023-10-30 21:00:00,35.921,35.922,35.915,35.918
2023-10-30 21:30:00,35.919,35.921,35.914,35.914
2023-10-30 22:00:00,35.913,35.928,35.911,35.927
2023-10-30 22:30:00,35.929,35.932,35.909,35.911
2023-10-30 23:00:00,35.911,35.926,35.91,35.926
2023-10-30 23:30:00,35.925,35.925,35.889,35.897
2023-10-31 00:00:00,35.896,35.912,35.867,35.905
2023-10-31 00:30:00,35.905,35.909,35.891,35.899
2023-10-31 01:00:00,35.9,35.906,35.862,35.906
2023-10-31 01:30:00,35.906,35.915,35.905,35.913
2023-10-31 02:00:00,35.913,35.923,35.909,35.913
2023-10-31 02:30:00,35.914,35.922,35.912,35.921
2023-10-31 03:00:00,35.921,35.933,35.853,35.866
2023-10-31 03:30:00,35.867,35.924,35.857,35.92
2023-10-31 04:00:00,35.921,35.926,35.888,35.891
2023-10-31 04:30:00,35.891,35.972,35.891,35.951
2023-10-31 05:00:00,35.952,35.984,35.943,35.978
2023-10-31 05:30:00,35.978,36.047,35.96,36.039
2023-10-31 06:00:00,36.04,36.073,36.027,36.063
2023-10-31 06:30:00,36.064,36.09,36.057,36.077
2023-10-31 07:00:00,36.077,36.103,36.074,36.09
2023-10-31 07:30:00,36.089,36.137,36.086,36.106
2023-10-31 08:00:00,36.108,36.111,36.076,36.079
2023-10-31 08:30:00,36.08,36.097,36.07,36.093
2023-10-31 09:00:00,36.093,36.096,36.064,36.065
2023-10-31 09:30:00,36.066,36.085,36.056,36.069
2023-10-31 10:00:00,36.068,36.069,35.985,35.986
2023-10-31 10:30:00,35.987,35.995,35.915,35.939
2023-10-31 11:00:00,35.941,35.977,35.933,35.937
2023-10-31 11:30:00,35.937,35.949,35.918,35.932
2023-10-31 12:00:00,35.931,35.943,35.913,35.941
2023-10-31 12:30:00,35.942,35.953,35.923,35.934
2023-10-31 13:00:00,35.933,35.962,35.928,35.94
2023-10-31 13:30:00,35.941,35.966,35.934,35.962
2023-10-31 14:00:00,35.962,35.996,35.961,35.99
2023-10-31 14:30:00,35.989,35.992,35.945,35.974
2023-10-31 15:00:00,35.973,35.984,35.952,35.96
2023-10-31 15:30:00,35.961,36.029,35.959,36.025
2023-10-31 16:00:00,36.025,36.093,36.023,36.083
2023-10-31 16:30:00,36.084,36.093,36.0,36.009
2023-10-31 17:00:00,36.008,36.039,35.945,35.966
2023-10-31 17:30:00,35.965,36.032,35.96,36.014
2023-10-31 18:00:00,36.013,36.039,36.001,36.034
2023-10-31 18:30:00,36.034,36.079,36.025,36.075
2023-10-31 19:00:00,36.076,36.104,36.067,36.077
2023-10-31 19:30:00,36.077,36.088,36.042,36.068
2023-10-31 20:00:00,36.067,36.103,36.042,36.101
2023-10-31 20:30:00,36.102,36.105,36.096,36.101
2023-10-31 21:00:00,36.102,36.137,36.097,36.124
2023-10-31 21:30:00,36.125,36.126,36.099,36.103
2023-10-31 22:00:00,36.104,36.14,36.101,36.136
2023-10-31 22:30:00,36.137,36.149,36.133,36.14
2023-10-31 23:00:00,36.139,36.165,36.139,36.159
2023-10-31 23:30:00,36.158,36.161,36.12,36.126
2023-11-01 00:00:00,36.131,36.131,36.055,36.074
2023-11-01 00:30:00,36.077,36.087,36.067,36.071
2023-11-01 01:00:00,36.068,36.1,36.068,36.099
2023-11-01 01:30:00,36.098,36.108,36.093,36.104
2023-11-01 02:00:00,36.103,36.115,36.098,36.109
2023-11-01 02:30:00,36.11,36.133,36.093,36.114
2023-11-01 03:00:00,36.115,36.18,36.103,36.178
2023-11-01 03:30:00,36.178,36.227,36.176,36.218
2023-11-01 04:00:00,36.219,36.23,36.19,36.218
2023-11-01 04:30:00,36.217,36.297,36.215,36.277
2023-11-01 05:00:00,36.278,36.286,36.253,36.26
2023-11-01 05:30:00,36.259,36.264,36.229,36.245
2023-11-01 06:00:00,36.246,36.25,36.204,36.205
2023-11-01 06:30:00,36.204,36.265,36.203,36.26
2023-11-01 07:00:00,36.261,36.296,36.253,36.289
2023-11-01 07:30:00,36.29,36.337,36.283,36.318
2023-11-01 08:00:00,36.319,36.334,36.285,36.286
2023-11-01 08:30:00,36.286,36.322,36.286,36.314
2023-11-01 09:00:00,36.313,36.313,36.263,36.263
2023-11-01 09:30:00,36.264,36.288,36.26,36.261
2023-11-01 10:00:00,36.261,36.275,36.242,36.264
2023-11-01 10:30:00,36.265,36.284,36.261,36.275
2023-11-01 11:00:00,36.274,36.274,36.192,36.231
2023-11-01 11:30:00,36.231,36.233,36.188,36.195
2023-11-01 12:00:00,36.194,36.208,36.188,36.196
2023-11-01 12:30:00,36.197,36.231,36.195,36.223
2023-11-01 13:00:00,36.222,36.237,36.201,36.215
2023-11-01 13:30:00,36.217,36.223,36.204,36.212
2023-11-01 14:00:00,36.213,36.218,36.2,36.217
2023-11-01 14:30:00,36.216,36.217,36.204,36.217
2023-11-01 15:00:00,36.218,36.223,36.187,36.196
2023-11-01 15:30:00,36.194,36.208,36.15,36.201
2023-11-01 16:00:00,36.2,36.263,36.189,36.263
2023-11-01 16:30:00,36.262,36.281,36.185,36.185
2023-11-01 17:00:00,36.187,36.232,36.125,36.133
2023-11-01 17:30:00,36.131,36.193,36.111,36.192
2023-11-01 18:00:00,36.193,36.227,36.167,36.225
2023-11-01 18:30:00,36.226,36.243,36.203,36.233
2023-11-01 19:00:00,36.233,36.251,36.214,36.25
2023-11-01 19:30:00,36.248,36.274,36.246,36.259
2023-11-01 20:00:00,36.256,36.256,36.224,36.241
2023-11-01 20:30:00,36.241,36.258,36.201,36.201
2023-11-01 21:00:00,36.199,36.222,36.194,36.214
2023-11-01 21:30:00,36.215,36.287,36.161,36.245
2023-11-01 22:00:00,36.243,36.243,36.113,36.118
2023-11-01 22:30:00,36.119,36.126,36.108,36.119
2023-11-01 23:00:00,36.119,36.147,36.117,36.131
2023-11-01 23:30:00,36.13,36.13,36.088,36.124
2023-11-02 00:00:00,36.003,36.119,36.003,36.118
2023-11-02 00:30:00,36.115,36.145,36.102,36.127
2023-11-02 01:00:00,36.129,36.147,36.12,36.121
2023-11-02 01:30:00,36.122,36.122,36.112,36.113
2023-11-02 02:00:00,36.114,36.118,36.081,36.093
2023-11-02 02:30:00,36.094,36.118,36.042,36.045
2023-11-02 03:00:00,36.046,36.053,35.989,35.997
2023-11-02 03:30:00,35.997,36.019,35.956,35.968
2023-11-02 04:00:00,35.973,35.996,35.955,35.964
2023-11-02 04:30:00,35.965,35.995,35.964,35.969
2023-11-02 05:00:00,35.968,36.002,35.968,35.996
2023-11-02 05:30:00,35.996,36.013,35.991,36.01
2023-11-02 06:00:00,36.01,36.04,36.001,36.002
2023-11-02 06:30:00,36.001,36.03,36.001,36.016
2023-11-02 07:00:00,36.017,36.021,36.003,36.012
2023-11-02 07:30:00,36.011,36.027,36.005,36.019
2023-11-02 08:00:00,36.02,36.037,36.014,36.023
2023-11-02 08:30:00,36.024,36.036,36.02,36.034
2023-11-02 09:00:00,36.033,36.037,36.013,36.019
2023-11-02 09:30:00,36.02,36.041,36.014,36.022
2023-11-02 10:00:00,36.021,36.034,35.991,36.007
2023-11-02 10:30:00,36.008,36.043,35.999,36.013
2023-11-02 11:00:00,36.014,36.046,36.0,36.002
2023-11-02 11:30:00,36.002,36.005,35.957,35.96
2023-11-02 12:00:00,35.959,35.975,35.922,35.923
2023-11-02 12:30:00,35.923,35.946,35.895,35.919
2023-11-02 13:00:00,35.917,35.963,35.91,35.947
2023-11-02 13:30:00,35.947,35.953,35.901,35.903
2023-11-02 14:00:00,35.902,35.921,35.887,35.909
2023-11-02 14:30:00,35.91,35.91,35.872,35.888
2023-11-02 15:00:00,35.887,35.895,35.861,35.879
2023-11-02 15:30:00,35.872,35.877,35.838,35.846
2023-11-02 16:00:00,35.845,35.941,35.845,35.932
2023-11-02 16:30:00,35.931,35.985,35.92,35.937
2023-11-02 17:00:00,35.936,35.993,35.935,35.969
2023-11-02 17:30:00,35.968,35.99,35.911,35.923
2023-11-02 18:00:00,35.923,35.991,35.912,35.989
2023-11-02 18:30:00,35.988,36.004,35.951,35.98
2023-11-02 19:00:00,35.981,36.023,35.975,36.012
2023-11-02 19:30:00,36.013,36.013,35.982,35.994
2023-11-02 20:00:00,35.995,36.003,35.988,35.997
2023-11-02 20:30:00,35.998,36.005,35.989,35.992
2023-11-02 21:00:00,35.99,35.997,35.985,35.993
2023-11-02 21:30:00,35.994,35.997,35.963,35.979
2023-11-02 22:00:00,35.98,35.985,35.962,35.969
2023-11-02 22:30:00,35.972,36.02,35.966,36.002
2023-11-02 23:00:00,35.999,36.009,35.969,35.973
2023-11-02 23:30:00,35.97,35.993,35.885,35.946
2023-11-03 00:00:00,35.923,35.926,35.819,35.819
